 kstep wat kin_energy mag_energy ep_energy ion_energy ep_energy_trns ion_energy_trns elcl_energy_trns mag_int mag_ideal dssp_energy total_energy
         0   0.00000E+00   0.00000E+00   3.04886E-12   1.32858E-14   6.00735E-15   0.00000E+00   0.00000E+00   0.00000E+00   0.00000E+00   0.00000E+00   0.00000E+00   3.04886E-12
      1000   3.78298E+00   1.49468E-12   6.84099E-11   3.75280E-09  -2.54213E-08  -6.23653E-10  -1.85358E-10  -1.85353E-10  -1.06340E-10   4.05372E-10   3.39979E-10  -5.84481E-10
      2000   7.56596E+00   1.37223E-12  -1.48642E-10  -3.40022E-10  -5.38339E-08  -8.21750E-10  -4.62759E-10  -4.62744E-10  -3.87514E-10   1.09801E-09   1.25292E-09  -6.41606E-10
      3000   1.13489E+01   1.02262E-12  -1.57544E-09   1.40346E-08  -7.32276E-08  -1.13857E-09  -3.04874E-10  -3.04846E-10  -1.79831E-09   1.06650E-09   2.64732E-09  -6.75391E-10
      4000   1.51319E+01   1.11339E-12  -4.00955E-09  -6.00778E-09  -9.66747E-08  -4.36306E-10   2.02505E-10   2.02536E-10  -4.15908E-09   3.83920E-10   4.39754E-09   3.57834E-10
      5000   1.89149E+01   8.99395E-13  -5.70117E-09  -4.84113E-08  -1.08896E-07  -8.49829E-10   2.59781E-10   2.59762E-10  -5.82664E-09   5.94409E-10   6.29607E-09   2.65516E-10
      6000   2.26979E+01   1.02031E-12  -8.40593E-09  -9.52065E-08  -1.25701E-07   4.99318E-10   8.02144E-10   8.02088E-10  -8.47579E-09  -1.29906E-10   8.27722E-09   1.97586E-09
      7000   2.64808E+01   9.05452E-13  -1.07066E-08  -1.00963E-07  -1.46355E-07  -7.88170E-10   1.11788E-09   1.11786E-09  -1.06741E-08  -1.98385E-10   1.05136E-08   1.25544E-09
      8000   3.02638E+01   1.03382E-12  -1.33617E-08  -1.16422E-07  -1.64020E-07   1.85074E-09   1.71388E-09   1.71390E-09  -1.34641E-08  -7.50996E-10   1.26258E-08   4.54367E-09
      9000   3.40468E+01   1.24980E-12  -1.62791E-08  -1.03395E-07  -1.71031E-07   1.27917E-09   2.21467E-09   2.21470E-09  -1.62603E-08  -1.23286E-09   1.50551E-08   4.48586E-09
     10000   3.78298E+01   1.23205E-12  -2.02879E-08  -1.13882E-07  -1.75004E-07   3.66192E-09   3.28504E-09   3.28507E-09  -2.02956E-08  -2.86717E-09   1.74287E-08   7.37408E-09
     11000   4.16128E+01   1.61403E-12  -2.22744E-08  -1.33284E-07  -1.70052E-07   3.84395E-09   3.36122E-09   3.36127E-09  -2.21930E-08  -2.24017E-09   2.00424E-08   8.33608E-09
     12000   4.53957E+01   1.73359E-12  -2.43021E-08  -1.37938E-07  -1.56126E-07   3.15270E-09   3.52768E-09   3.52779E-09  -2.43547E-08  -1.76078E-09   2.25599E-08   8.46766E-09
     13000   4.91787E+01   2.03761E-12  -3.05640E-08  -1.67106E-07  -1.91371E-07   7.56327E-09   5.40696E-09   5.40710E-09  -3.02907E-08  -4.98292E-09   2.56050E-08   1.34203E-08
     14000   5.29617E+01   2.63933E-12  -3.36206E-08  -1.60281E-07  -2.14468E-07   7.26883E-09   5.91836E-09   5.91847E-09  -3.36655E-08  -5.43579E-09   2.82185E-08   1.37062E-08
     15000   5.67447E+01   3.04132E-12  -3.63520E-08  -1.99550E-07  -2.03440E-07   8.42114E-09   6.09215E-09   6.09225E-09  -3.61441E-08  -4.85926E-09   3.15289E-08   1.57855E-08
     16000   6.05276E+01   3.95309E-12  -4.24263E-08  -2.47662E-07  -1.17896E-07   1.05485E-08   7.83309E-09   7.83324E-09  -4.19593E-08  -7.50897E-09   3.49535E-08   1.87459E-08
     17000   6.43106E+01   4.82121E-12  -4.52289E-08  -3.33674E-07  -7.52487E-08   9.66025E-09   7.97047E-09   7.97065E-09  -4.49217E-08  -7.25739E-09   3.80092E-08   1.83865E-08
     18000   6.80936E+01   6.02509E-12  -4.89878E-08  -4.07660E-07  -1.18838E-07   1.06800E-08   8.53967E-09   8.53983E-09  -4.88186E-08  -7.69825E-09   4.13403E-08   2.01181E-08
     19000   7.18766E+01   7.86930E-12  -5.55312E-08  -4.41033E-07  -1.92458E-07   1.35063E-08   1.03413E-08   1.03415E-08  -5.49017E-08  -1.02358E-08   4.53630E-08   2.40288E-08
     20000   7.56596E+01   9.76678E-12  -6.02331E-08  -3.78941E-07  -1.76798E-07   1.60790E-08   1.11807E-08   1.11809E-08  -5.95460E-08  -1.13132E-08   4.90060E-08   2.72234E-08
     21000   7.94425E+01   1.25284E-11  -5.98988E-08  -3.21877E-07  -8.08726E-08   9.65402E-09   9.60689E-09   9.60717E-09  -5.93150E-08  -7.44957E-09   5.25484E-08   2.15302E-08
     22000   8.32255E+01   1.58293E-11  -6.72675E-08  -4.02076E-07  -1.96740E-08   2.12136E-08   1.22397E-08   1.22400E-08  -6.68801E-08  -1.15624E-08   5.58081E-08   3.42497E-08
     23000   8.70085E+01   2.00158E-11  -6.90308E-08  -4.40118E-07  -5.41380E-08   9.59722E-09   1.16929E-08   1.16932E-08  -6.79836E-08  -9.53082E-09   5.95957E-08   2.35682E-08
     24000   9.07915E+01   2.56312E-11  -7.78583E-08  -4.29111E-07  -1.02856E-07   2.54870E-08   1.51585E-08   1.51589E-08  -7.80595E-08  -1.61587E-08   6.17865E-08   3.97582E-08
     25000   9.45744E+01   3.25124E-11  -7.44231E-08  -3.73390E-07  -1.20077E-07   1.36765E-08   1.24566E-08   1.24571E-08  -7.52816E-08  -9.85593E-09   6.46450E-08   2.88447E-08
     26000   9.83574E+01   4.13589E-11  -8.62413E-08  -4.79271E-07  -2.35071E-08   2.89321E-08   1.71610E-08   1.71617E-08  -8.67419E-08  -1.78662E-08   6.84444E-08   4.54992E-08
     27000   1.02140E+02   5.23050E-11  -9.70505E-08  -6.54697E-07   1.05534E-07   3.55422E-08   2.06189E-08   2.06196E-08  -9.61427E-08  -2.41063E-08   7.30040E-08   5.27865E-08
     28000   1.05923E+02   6.65326E-11  -8.64284E-08  -5.61006E-07   9.14942E-08   1.47007E-08   1.44922E-08   1.44929E-08  -8.64172E-08  -1.11622E-08   7.53270E-08   3.26508E-08
     29000   1.09706E+02   8.44939E-11  -9.54443E-08   2.01398E-07  -5.03075E-08   2.58236E-08   1.77516E-08   1.77524E-08  -9.49795E-08  -1.64681E-08   7.90441E-08   4.50120E-08
     30000   1.13489E+02   1.07250E-10  -8.79566E-08   1.78025E-07  -1.95900E-07   5.34918E-09   1.21942E-08   1.21956E-08  -8.57875E-08  -4.02067E-09   8.40123E-08   2.59019E-08
     31000   1.17272E+02   1.36360E-10  -9.78002E-08   3.53497E-07  -1.18676E-07   2.23370E-08   1.53602E-08   1.53621E-08  -9.52397E-08  -9.98755E-09   8.79061E-08   4.33016E-08
     32000   1.21055E+02   1.72511E-10  -9.94007E-08   2.65185E-07   1.98791E-07   1.34372E-08   1.52951E-08   1.52972E-08  -9.81935E-08  -9.40707E-09   9.01037E-08   3.49050E-08
     33000   1.24838E+02   2.20350E-10  -8.76867E-08   5.27673E-07   4.48214E-07  -2.18182E-09   9.04463E-09   9.04691E-09  -8.75550E-08   5.06278E-09   9.28782E-08   2.13215E-08
     34000   1.28621E+02   2.80132E-10  -8.16417E-08   5.19663E-07   2.72872E-07  -1.27891E-08   5.94764E-09   5.95021E-09  -8.36351E-08   1.32150E-08   9.50105E-08   1.27577E-08
     35000   1.32404E+02   3.58313E-10  -1.06116E-07   3.83979E-07  -2.40290E-07   1.42875E-08   1.33114E-08   1.33154E-08  -1.03264E-07  -2.25576E-09   1.04049E-07   3.92052E-08
     36000   1.36187E+02   4.53156E-10  -1.07418E-07   9.83723E-07  -5.26626E-07  -1.12021E-08   1.33363E-08   1.33419E-08  -1.07769E-07  -2.43022E-09   1.05214E-07   1.37250E-08
     37000   1.39970E+02   5.74116E-10  -8.92654E-08   7.91640E-07  -5.58705E-08  -6.10832E-09   2.97224E-09   2.97859E-09  -8.83017E-08   2.16874E-08   1.11222E-07   2.23734E-08
     38000   1.43753E+02   7.31018E-10  -8.71977E-08  -1.00731E-06   8.19183E-07  -5.14212E-08  -1.72047E-09  -1.71320E-09  -8.24981E-08   3.23463E-08   1.19863E-07  -2.14581E-08
     39000   1.47536E+02   9.21666E-10  -1.26316E-07  -2.88918E-06   9.91866E-07  -6.69921E-10   1.76579E-08   1.76666E-08  -1.29613E-07  -9.50660E-09   1.17195E-07   2.64551E-08
     40000   1.51319E+02   1.17365E-09  -1.34151E-07  -5.10833E-06  -2.16619E-08  -2.25059E-08   1.69459E-08   1.69582E-08  -1.33395E-07  -7.45128E-09   1.27175E-07   5.59589E-09
     41000   1.55102E+02   1.49203E-09  -1.46596E-07  -4.85088E-06  -1.04731E-06   2.29005E-08   2.13142E-08   2.13322E-08  -1.45090E-07  -1.28633E-08   1.34315E-07   5.47579E-08
     42000   1.58885E+02   1.88785E-09  -1.78501E-07  -3.18311E-06  -7.10590E-07  -1.53140E-08   3.45140E-08   3.45349E-08  -1.76109E-07  -3.77888E-08   1.41430E-07   1.85516E-08
     43000   1.62668E+02   2.40824E-09  -1.05068E-07   1.19305E-06   7.83335E-07  -3.75959E-08  -3.44093E-09  -3.41719E-09  -1.02270E-07   4.20734E-08   1.48026E-07   9.12108E-10
     44000   1.66451E+02   3.05291E-09   5.14399E-08   4.71186E-06   1.55613E-06  -3.15051E-07  -8.18823E-08  -8.18525E-08   5.61963E-08   2.06743E-07   1.56389E-07  -2.67904E-07
     45000   1.70234E+02   3.89618E-09  -8.82494E-08   4.61434E-06   5.81806E-07  -3.74038E-08  -6.27347E-09  -6.23624E-09  -1.01376E-07   5.56716E-08   1.45259E-07   1.09921E-08
     46000   1.74017E+02   4.96025E-09  -1.39275E-07   1.96011E-06  -1.29633E-06  -7.55777E-08   1.56166E-08   1.56687E-08  -1.54659E-07   8.80639E-09   1.49746E-07  -2.88611E-08
     47000   1.77800E+02   6.31743E-09  -2.41409E-07  -6.51527E-06  -1.15127E-06   1.23895E-07   6.09727E-08   6.10384E-08  -2.49321E-07  -8.00546E-08   1.63437E-07   1.74252E-07
     48000   1.81583E+02   8.02820E-09  -2.40254E-07  -1.11208E-05   1.08570E-06   7.98919E-09   6.09891E-08   6.10631E-08  -2.48775E-07  -7.53050E-08   1.67561E-07   6.53765E-08
     49000   1.85366E+02   1.01937E-08  -2.95413E-07  -1.01315E-05   2.16326E-06   1.44216E-07   8.35699E-08   8.36671E-08  -2.92251E-07  -1.16791E-07   1.81912E-07   2.08145E-07
     50000   1.89149E+02   1.29524E-08  -1.44759E-07  -3.66351E-06  -2.48498E-07  -4.55831E-08   2.43090E-08   2.44309E-08  -1.67560E-07   7.80814E-09   1.56722E-07   2.80721E-08
     51000   1.92932E+02   1.64483E-08  -2.41865E-08   1.51948E-06  -3.21063E-06  -1.68592E-07  -3.45698E-08  -3.44049E-08  -3.72863E-08   1.36779E-07   1.66227E-07  -7.90782E-08
     52000   1.96715E+02   2.09226E-08  -1.98419E-07   2.22211E-06  -2.09703E-06   4.02072E-08   4.92094E-08   4.94268E-08  -1.99586E-07  -2.71428E-08   1.77954E-07   1.39301E-07
     53000   2.00498E+02   2.65725E-08   3.93951E-08  -8.16055E-07   1.91154E-06  -2.89588E-07  -6.46382E-08  -6.43837E-08   3.86296E-08   2.10783E-07   1.79865E-07  -1.72777E-07
     54000   2.04281E+02   3.38684E-08   2.27583E-08   6.38695E-06   3.71424E-06  -9.07616E-08  -3.94210E-08  -3.90881E-08   8.00941E-09   1.82386E-07   1.70387E-07   5.77427E-08
     55000   2.08064E+02   4.29328E-08   1.83062E-08   1.25068E-05  -9.56459E-07  -1.18132E-07  -4.07851E-08  -4.03522E-08   1.88720E-08   1.96996E-07   1.92353E-07   5.43226E-08
     56000   2.11847E+02   5.47846E-08   1.50030E-07   1.94247E-05  -6.25086E-06  -4.20097E-07  -8.59037E-08  -8.53488E-08   1.15413E-07   3.02370E-07   1.69680E-07  -2.16855E-07
     57000   2.15630E+02   6.95593E-08  -1.45479E-07   1.44445E-05  -3.10175E-06  -2.51521E-07   3.36936E-08   3.44392E-08  -1.14947E-07   8.64943E-08   2.53999E-07  -5.30838E-09
     58000   2.19413E+02   8.85876E-08   2.82735E-07   1.45117E-05   5.97782E-06  -4.08338E-07  -1.40666E-07  -1.39723E-07   2.60505E-07   4.78204E-07   2.23460E-07  -9.39432E-08
     59000   2.23196E+02   1.12439E-07   7.21387E-07   1.98377E-05   8.31460E-06  -1.35260E-06  -3.37195E-07  -3.35994E-07   6.73145E-07   9.08460E-07   2.22653E-07  -9.69305E-07
     60000   2.26979E+02   1.43110E-07  -3.87807E-07   5.27952E-06  -1.50972E-06   5.66570E-07   2.18290E-07   2.19903E-07  -4.23454E-07  -1.70644E-07   2.62372E-07   1.02244E-06
     61000   2.30762E+02   1.81694E-07   5.07288E-07  -1.33185E-05  -1.47931E-05  -1.78276E-06  -2.46436E-07  -2.44402E-07   5.25322E-07   7.95569E-07   3.45763E-07  -1.23885E-06
     62000   2.34545E+02   2.31670E-07  -5.10384E-08  -7.42990E-06  -1.00687E-05  -5.60190E-07   1.93769E-08   2.19685E-08   4.54733E-08   3.37769E-07   4.61907E-07   1.23694E-07
     63000   2.38328E+02   2.94415E-07   1.33498E-06   3.40077E-05   8.30963E-06  -2.76571E-06  -6.06073E-07  -6.02816E-07   1.40354E-06   1.71956E-06   4.77592E-07  -1.86762E-06
     64000   2.42111E+02   3.73525E-07   1.63025E-06   5.68209E-05   1.98022E-05  -2.79582E-06  -6.92485E-07  -6.88600E-07   1.69155E-06   2.02683E-06   5.14844E-07  -1.65828E-06
     65000   2.45894E+02   4.76531E-07   8.56514E-07   1.87618E-05   6.00829E-06  -2.08232E-06  -3.42978E-07  -3.37993E-07   1.10341E-06   1.45727E-06   7.51103E-07  -6.79142E-07
     66000   2.49677E+02   6.03528E-07   3.95090E-07   6.34593E-06  -1.98606E-05  -2.19016E-06  -4.68710E-08  -4.06980E-08   6.33666E-07   1.01304E-06   8.09051E-07  -4.70063E-07
     67000   2.53460E+02   7.71210E-07  -5.38943E-08   4.90659E-05  -2.70580E-05  -1.49465E-06   3.35932E-07   3.43247E-07   1.20802E-07   5.25229E-07   8.22140E-07   7.23982E-07
     68000   2.57242E+02   9.82817E-07   2.57935E-06   6.99289E-05  -4.10320E-06  -4.04163E-06  -6.94659E-07  -6.84775E-07   2.53251E-06   2.95395E-06   6.83749E-07  -1.17515E-06
     69000   2.61025E+02   1.24862E-06   1.84874E-06   4.69749E-05   2.80661E-05  -4.44200E-06  -2.84537E-07  -2.72540E-07   2.06839E-06   2.50586E-06   1.05015E-06  -8.51575E-07
     70000   2.64808E+02   1.60135E-06   8.45976E-08   4.77753E-05   2.79872E-05  -1.70586E-06   7.60576E-07   7.76229E-07   4.16953E-07   8.80817E-07   1.29623E-06   2.81312E-06
     71000   2.68591E+02   2.04087E-06   2.20995E-06   3.02348E-05  -1.03000E-05  -6.07894E-06   9.65450E-08   1.17341E-07   2.38388E-06   2.87241E-06   1.29902E-06  -3.15211E-07
     72000   2.72374E+02   2.60447E-06   1.25805E-06   1.25920E-05  -3.52887E-05  -3.76887E-06   8.40775E-07   8.65897E-07   1.70300E-06   2.23027E-06   1.78310E-06   3.58342E-06
     73000   2.76157E+02   3.33917E-06   3.06429E-06  -9.25427E-05  -1.54908E-05  -1.02689E-05   4.71827E-07   5.05730E-07   3.38009E-06   4.00102E-06   1.97080E-06  -9.17126E-07
     74000   2.79940E+02   4.23615E-06  -4.29583E-07  -7.17345E-05   3.19051E-05  -3.12788E-06   2.67984E-06   2.72281E-06   2.20036E-08   8.17080E-07   2.56490E-06   8.64624E-06
     75000   2.83723E+02   5.39616E-06   6.23261E-06  -2.00064E-05   3.52029E-05  -1.67289E-05  -9.55669E-08  -4.17700E-08   7.02396E-06   8.07873E-06   3.52658E-06  -1.71090E-06
     76000   2.87506E+02   6.86290E-06   6.71892E-06  -1.68761E-04  -1.81324E-06  -1.64708E-05   3.86525E-07   4.55822E-07   7.75426E-06   9.18340E-06   4.60693E-06   2.56030E-06
     77000   2.91289E+02   8.73019E-06   4.52572E-06  -3.71551E-04  -3.61452E-05  -2.01832E-05   2.65258E-06   2.74012E-06   5.28261E-06   7.24642E-06   5.45122E-06   3.91660E-06
     78000   2.95072E+02   1.11053E-05   6.25716E-06  -2.52189E-04  -2.43267E-05  -2.54823E-05   2.63262E-06   2.74098E-06   7.86091E-06   1.05533E-05   7.77488E-06   5.02862E-06
     79000   2.98855E+02   1.41542E-05   1.38954E-05  -1.31022E-04   3.79427E-05  -3.62894E-05   5.41020E-07   6.82558E-07   1.56611E-05   1.93032E-05   9.83863E-06   2.82249E-06
     80000   3.02638E+02   1.79001E-05   1.67490E-05   3.03464E-05   8.20572E-05  -4.41248E-05   1.35805E-06   1.53672E-06   1.86672E-05   2.34892E-05   1.23805E-05   5.79954E-06
     81000   3.06421E+02   2.28880E-05   2.42003E-05   6.61628E-05   2.27193E-05  -6.56819E-05   8.05140E-08   3.10999E-07   2.67343E-05   3.29746E-05   1.59550E-05  -2.24712E-06
     82000   3.10204E+02   2.90030E-05   2.11886E-05  -6.00851E-05  -9.33482E-05  -6.55399E-05   4.06478E-06   4.36412E-06   2.55106E-05   3.34782E-05   2.14276E-05   1.45082E-05
     83000   3.13987E+02   3.67752E-05   2.92159E-05  -2.44393E-04  -1.29401E-04  -9.54123E-05   5.00258E-06   5.38532E-06   3.28763E-05   4.30266E-05   2.54293E-05   6.39611E-06
     84000   3.17770E+02   4.68615E-05   3.47308E-05  -7.99320E-04   2.30507E-05  -1.11462E-04   7.57348E-06   8.06919E-06   3.89928E-05   5.19627E-05   3.20016E-05   1.77746E-05
     85000   3.21553E+02   5.93009E-05   4.48230E-05  -1.39374E-03   2.45061E-04  -1.45877E-04   9.49648E-06   1.01179E-05   4.93753E-05   6.59594E-05   3.99078E-05   1.77692E-05
     86000   3.25336E+02   7.56120E-05   6.06399E-05  -1.43673E-03   2.38132E-04  -1.97508E-04   9.04978E-06   9.87075E-06   6.85292E-05   8.97555E-05   5.29745E-05   1.06390E-05
     87000   3.29119E+02   9.58806E-05   7.57222E-05  -1.69240E-03  -6.58227E-05  -2.36294E-04   1.17913E-05   1.28108E-05   8.66759E-05   1.13771E-04   6.83816E-05   2.82924E-05
     88000   3.32902E+02   1.21190E-04   8.83843E-05  -2.10052E-03  -3.26542E-04  -2.97907E-04   1.94502E-05   2.06938E-05   1.01072E-04   1.35485E-04   8.56291E-05   3.74397E-05
     89000   3.36685E+02   1.54129E-04   9.57453E-05  -2.20706E-03  -1.37558E-04  -3.38705E-04   3.16506E-05   3.32697E-05   1.13814E-04   1.57312E-04   1.10461E-04   8.65504E-05
     90000   3.40468E+02   1.95012E-04   1.64625E-04  -2.45759E-03   3.33612E-04  -5.17433E-04   1.92862E-05   2.12228E-05   1.88417E-04   2.43181E-04   1.40588E-04   2.33013E-05
     91000   3.44251E+02   2.48123E-04   1.74556E-04  -2.70230E-03   5.42798E-04  -5.73958E-04   4.32951E-05   4.57248E-05   2.02435E-04   2.71350E-04   1.75505E-04   1.13247E-04
     92000   3.48034E+02   3.14332E-04   2.53322E-04  -1.92890E-03   8.76615E-05  -7.99131E-04   3.86412E-05   4.18716E-05   2.90615E-04   3.77155E-04   2.23641E-04   7.26772E-05
     93000   3.51817E+02   3.98144E-04   3.13683E-04  -1.35082E-03  -3.84081E-04  -9.65118E-04   5.50600E-05   5.89088E-05   3.57292E-04   4.66053E-04   2.78936E-04   1.39614E-04
     94000   3.55600E+02   5.04138E-04   3.91445E-04  -9.49263E-04  -2.04760E-04  -1.21715E-03   7.25102E-05   7.75646E-05   4.47825E-04   5.84530E-04   3.53564E-04   1.82071E-04
     95000   3.59383E+02   6.34717E-04   5.51332E-04  -7.88121E-04   3.99679E-04  -1.61443E-03   6.36700E-05   7.03957E-05   6.25434E-04   7.97478E-04   4.49396E-04   1.55082E-04
     96000   3.63166E+02   8.01888E-04   6.56503E-04  -2.61291E-03   5.92651E-04  -1.96692E-03   9.75925E-05   1.05884E-04   7.53813E-04   9.70608E-04   5.71298E-04   2.66249E-04
     97000   3.66949E+02   1.00710E-03   8.14681E-04  -4.06985E-03   1.89498E-04  -2.49708E-03   1.33579E-04   1.44751E-04   9.28020E-04   1.20153E-03   7.11890E-04   3.14919E-04
     98000   3.70732E+02   1.26256E-03   1.05776E-03  -3.99408E-03  -1.52884E-04  -3.12864E-03   1.53168E-04   1.67409E-04   1.19701E-03   1.54257E-03   8.95062E-04   4.07314E-04
     99000   3.74515E+02   1.58207E-03   1.39752E-03  -4.68451E-03   8.22035E-05  -4.07577E-03   1.52732E-04   1.70871E-04   1.57549E-03   2.01221E-03   1.13167E-03   3.59090E-04
    100000   3.78298E+02   1.97593E-03   1.66866E-03  -6.31956E-03   8.78359E-04  -4.98408E-03   2.28616E-04   2.52542E-04   1.89399E-03   2.44600E-03   1.42740E-03   5.69068E-04
    101000   3.82081E+02   2.45472E-03   2.08505E-03  -7.21782E-03   9.12895E-04  -6.29314E-03   2.78709E-04   3.08704E-04   2.38004E-03   3.07851E-03   1.80885E-03   6.42895E-04
    102000   3.85864E+02   3.04238E-03   2.62554E-03  -8.10985E-03   3.23831E-04  -7.81471E-03   3.21328E-04   3.60763E-04   2.98839E-03   3.87091E-03   2.26582E-03   8.01118E-04
    103000   3.89647E+02   3.73917E-03   3.23558E-03  -4.27800E-03   5.21585E-04  -9.71522E-03   3.95341E-04   4.46381E-04   3.68738E-03   4.79789E-03   2.83486E-03   9.36117E-04
    104000   3.93430E+02   4.56353E-03   3.95477E-03  -3.72127E-03   1.40184E-03  -1.18915E-02   4.85514E-04   5.51140E-04   4.53634E-03   5.92948E-03   3.55707E-03   1.22050E-03
    105000   3.97213E+02   5.52546E-03   4.83958E-03  -4.11189E-03   2.18111E-03  -1.47403E-02   5.62621E-04   6.47639E-04   5.57931E-03   7.31753E-03   4.43905E-03   1.27408E-03
    106000   4.00996E+02   6.64736E-03   5.72090E-03  -4.97406E-03   1.87563E-03  -1.76302E-02   7.43114E-04   8.52066E-04   6.62797E-03   8.78581E-03   5.48532E-03   1.81852E-03
    107000   4.04779E+02   7.93737E-03   6.94242E-03  -6.71282E-03   9.68908E-04  -2.15713E-02   8.30502E-04   9.70082E-04   8.07663E-03   1.07425E-02   6.77318E-03   1.88227E-03
    108000   4.08562E+02   9.36885E-03   7.98971E-03  -6.52737E-03   1.98553E-03  -2.54759E-02   1.11019E-03   1.28717E-03   9.40395E-03   1.26736E-02   8.32017E-03   2.60020E-03
    109000   4.12345E+02   1.09422E-02   9.41678E-03  -2.95292E-03   3.59659E-03  -3.05165E-02   1.26393E-03   1.48878E-03   1.11643E-02   1.51553E-02   1.01628E-02   2.75802E-03
    110000   4.16128E+02   1.27036E-02   1.10774E-02   8.73824E-03   4.38344E-03  -3.61025E-02   1.39693E-03   1.68352E-03   1.32301E-02   1.80635E-02   1.23394E-02   3.09837E-03
    111000   4.19911E+02   1.45326E-02   1.27701E-02   1.23491E-02   3.83369E-03  -4.25010E-02   1.59971E-03   1.96071E-03   1.54370E-02   2.12533E-02   1.49249E-02   3.28702E-03
    112000   4.23693E+02   1.65958E-02   1.40980E-02   9.89708E-03   3.47430E-03  -4.89207E-02   2.03062E-03   2.48858E-03   1.73329E-02   2.42858E-02   1.78998E-02   4.19202E-03
    113000   4.27476E+02   1.86899E-02   1.58229E-02   1.19887E-02   3.87999E-03  -5.64964E-02   2.32280E-03   2.90658E-03   1.97916E-02   2.80309E-02   2.13801E-02   4.62583E-03
    114000   4.31259E+02   2.07411E-02   1.78754E-02   1.86776E-02   5.07838E-03  -6.47899E-02   2.55330E-03   3.28475E-03   2.26810E-02   3.23760E-02   2.53369E-02   5.00152E-03
    115000   4.35042E+02   2.29781E-02   1.93013E-02   2.41131E-02   7.40071E-03  -7.36082E-02   2.96131E-03   3.88547E-03   2.51404E-02   3.64543E-02   2.98847E-02   5.40267E-03
    116000   4.38825E+02   2.48924E-02   2.07152E-02   2.39384E-02   8.75998E-03  -8.24632E-02   3.44604E-03   4.59460E-03   2.77570E-02   4.08403E-02   3.49640E-02   6.14904E-03
    117000   4.42608E+02   2.70556E-02   2.22142E-02   2.21987E-02   9.62339E-03  -9.22240E-02   3.77764E-03   5.20043E-03   3.05140E-02   4.55335E-02   4.04937E-02   6.51761E-03
    118000   4.46391E+02   2.88673E-02   2.35398E-02   9.52311E-03   1.15507E-02  -1.02216E-01   4.24996E-03   6.00884E-03   3.33645E-02   5.04446E-02   4.66354E-02   7.08546E-03
    119000   4.50174E+02   3.06464E-02   2.43520E-02   1.92033E-03   1.05869E-02  -1.12244E-01   4.89609E-03   7.04423E-03   3.58473E-02   5.51463E-02   5.33081E-02   8.00250E-03
    120000   4.53957E+02   3.25343E-02   2.54457E-02   3.16699E-03   9.90034E-03  -1.23608E-01   5.23153E-03   7.83633E-03   3.88561E-02   6.04794E-02   6.05229E-02   7.96305E-03
    121000   4.57740E+02   3.39526E-02   2.64923E-02  -8.01626E-03   1.22584E-02  -1.34041E-01   5.79857E-03   8.92158E-03   4.19360E-02   6.59798E-02   6.81412E-02   9.26553E-03
    122000   4.61523E+02   3.56248E-02   2.72041E-02  -1.67416E-02   1.67979E-02  -1.46110E-01   6.23137E-03   9.93066E-03   4.48085E-02   7.13811E-02   7.61656E-02   9.04680E-03
    123000   4.65306E+02   3.69363E-02   2.68059E-02  -1.78639E-02   2.23674E-02  -1.56069E-01   7.16480E-03   1.15584E-02   4.68639E-02   7.60633E-02   8.47782E-02   1.11744E-02
    124000   4.69089E+02   3.79181E-02   2.76935E-02  -1.61769E-02   2.29084E-02  -1.68558E-01   7.37635E-03   1.25610E-02   5.02914E-02   8.21748E-02   9.37177E-02   1.07087E-02
    125000   4.72872E+02   3.88992E-02   2.75918E-02  -7.72952E-03   2.17113E-02  -1.79946E-01   7.85560E-03   1.39425E-02   5.28242E-02   8.74353E-02   1.02939E-01   1.12823E-02
    126000   4.76655E+02   3.94840E-02   2.72502E-02   6.96574E-03   2.18485E-02  -1.90711E-01   8.52255E-03   1.55858E-02   5.52806E-02   9.26543E-02   1.12435E-01   1.25662E-02
    127000   4.80438E+02   4.00305E-02   2.75779E-02   1.31005E-02   2.41824E-02  -2.03211E-01   8.64145E-03   1.67468E-02   5.85318E-02   9.86907E-02   1.22143E-01   1.19289E-02
    128000   4.84221E+02   4.03395E-02   2.68239E-02   1.02871E-02   3.05927E-02  -2.13559E-01   9.37345E-03   1.86094E-02   6.06492E-02   1.03623E-01   1.31905E-01   1.34925E-02
    129000   4.88004E+02   4.04521E-02   2.59176E-02   5.51070E-03   3.61842E-02  -2.24557E-01   9.94915E-03   2.03990E-02   6.27654E-02   1.08582E-01   1.41904E-01   1.40652E-02
    130000   4.91787E+02   4.06392E-02   2.50620E-02  -1.40474E-02   3.79076E-02  -2.35701E-01   1.02077E-02   2.20724E-02   6.48504E-02   1.13525E-01   1.51861E-01   1.41414E-02
    131000   4.95570E+02   4.01049E-02   2.41287E-02  -1.63841E-02   3.85411E-02  -2.45092E-01   1.06294E-02   2.39814E-02   6.69305E-02   1.18420E-01   1.61832E-01   1.55847E-02
    132000   4.99353E+02   3.96908E-02   2.34321E-02  -2.18881E-02   4.03974E-02  -2.56388E-01   1.04837E-02   2.53569E-02   6.92270E-02   1.23537E-01   1.71792E-01   1.43666E-02
    133000   5.03136E+02   3.91223E-02   2.08418E-02  -3.05961E-02   4.65453E-02  -2.64184E-01   1.12489E-02   2.76162E-02   6.94538E-02   1.26518E-01   1.81427E-01   1.60724E-02
    134000   5.06919E+02   3.80577E-02   1.97540E-02  -3.44467E-02   5.25233E-02  -2.73220E-01   1.13927E-02   2.92401E-02   7.11182E-02   1.30921E-01   1.90933E-01   1.61573E-02
    135000   5.10702E+02   3.73785E-02   1.87856E-02  -3.05207E-02   5.57189E-02  -2.82909E-01   1.10033E-02   3.04575E-02   7.28005E-02   1.35281E-01   2.00176E-01   1.48921E-02
    136000   5.14485E+02   3.62197E-02   1.59759E-02  -2.55689E-02   5.84393E-02  -2.88910E-01   1.16632E-02   3.27708E-02   7.25765E-02   1.37658E-01   2.09143E-01   1.68625E-02
    137000   5.18268E+02   3.48249E-02   1.50630E-02  -4.35223E-02   6.02914E-02  -2.97270E-01   1.10972E-02   3.39251E-02   7.40224E-02   1.41664E-01   2.17708E-01   1.53476E-02
    138000   5.22051E+02   3.41600E-02   1.30374E-02  -5.92793E-02   6.47180E-02  -3.04495E-01   1.07869E-02   3.53115E-02   7.40950E-02   1.44127E-01   2.25734E-01   1.45341E-02
    139000   5.25834E+02   3.19122E-02   9.94630E-03  -6.03349E-02   7.09238E-02  -3.08178E-01   1.14220E-02   3.76463E-02   7.32830E-02   1.45650E-01   2.33689E-01   1.64380E-02
    140000   5.29617E+02   3.10047E-02   8.69438E-03  -5.87193E-02   7.37643E-02  -3.15910E-01   1.04083E-02   3.83859E-02   7.38610E-02   1.48428E-01   2.40875E-01   1.34587E-02
    141000   5.33400E+02   2.91515E-02   6.13630E-03  -6.26334E-02   7.79253E-02  -3.19383E-01   1.05298E-02   4.02299E-02   7.32057E-02   1.49824E-01   2.47831E-01   1.44954E-02
    142000   5.37183E+02   2.70968E-02   3.97535E-03  -6.95279E-02   8.14790E-02  -3.22889E-01   1.03350E-02   4.17518E-02   7.25796E-02   1.51175E-01   2.54159E-01   1.44292E-02
    143000   5.40966E+02   2.58510E-02   2.20304E-03  -8.24808E-02   8.21843E-02  -3.28456E-01   9.36672E-03   4.25160E-02   7.21419E-02   1.52511E-01   2.59921E-01   1.14009E-02
    144000   5.44749E+02   2.33479E-02  -1.24915E-03  -9.40637E-02   8.75083E-02  -3.28194E-01   1.00118E-02   4.48788E-02   7.00308E-02   1.52115E-01   2.65442E-01   1.42378E-02
    145000   5.48532E+02   2.16462E-02  -1.74196E-03  -1.15896E-01   9.09796E-02  -3.33126E-01   8.65268E-03   4.51743E-02   7.06161E-02   1.54206E-01   2.70313E-01   1.09179E-02
    146000   5.52315E+02   2.00541E-02  -4.40567E-03  -1.35407E-01   9.64979E-02  -3.35608E-01   8.32482E-03   4.64439E-02   6.90922E-02   1.54064E-01   2.74958E-01   9.76679E-03
    147000   5.56098E+02   1.74367E-02  -7.86267E-03  -1.44425E-01   1.00641E-01  -3.33831E-01   8.89854E-03   4.83974E-02   6.66148E-02   1.52853E-01   2.79136E-01   1.21742E-02
    148000   5.59881E+02   1.60457E-02  -8.25174E-03  -1.72134E-01   9.81314E-02  -3.38765E-01   7.33200E-03   4.81177E-02   6.71137E-02   1.54433E-01   2.82867E-01   7.34617E-03
    149000   5.63664E+02   1.37682E-02  -1.16483E-02  -1.79029E-01   1.01180E-01  -3.36032E-01   8.02375E-03   4.99340E-02   6.46301E-02   1.52906E-01   2.86302E-01   1.03476E-02
    150000   5.67447E+02   1.21756E-02  -1.36074E-02  -1.92157E-01   1.04730E-01  -3.37456E-01   7.72500E-03   5.06571E-02   6.32924E-02   1.52401E-01   2.89164E-01   8.65861E-03
    151000   5.71230E+02   1.06830E-02  -1.41804E-02  -2.03479E-01   1.06886E-01  -3.39016E-01   6.91476E-03   5.05989E-02   6.33966E-02   1.53195E-01   2.91778E-01   6.77865E-03
    152000   5.75013E+02   9.00770E-03  -1.63884E-02  -2.11754E-01   1.09796E-01  -3.38275E-01   7.21393E-03   5.16306E-02   6.17159E-02   1.52059E-01   2.93945E-01   7.13351E-03
    153000   5.78796E+02   8.07536E-03  -1.78225E-02  -2.19077E-01   1.10885E-01  -3.38819E-01   6.98649E-03   5.20711E-02   6.07415E-02   1.51554E-01   2.95829E-01   6.32039E-03
    154000   5.82579E+02   6.86299E-03  -1.78822E-02  -2.29865E-01   1.10713E-01  -3.40138E-01   6.39083E-03   5.21934E-02   6.11371E-02   1.52254E-01   2.97419E-01   4.84616E-03
    155000   5.86362E+02   6.21652E-03  -1.97579E-02  -2.33585E-01   1.11791E-01  -3.39907E-01   6.65547E-03   5.31450E-02   5.95708E-02   1.50981E-01   2.98750E-01   5.10173E-03
    156000   5.90145E+02   5.69346E-03  -2.05490E-02  -2.38035E-01   1.12735E-01  -3.40305E-01   6.53901E-03   5.37220E-02   5.92161E-02   1.50807E-01   3.00027E-01   5.12741E-03
    157000   5.93927E+02   5.28267E-03  -1.98399E-02  -2.42689E-01   1.12369E-01  -3.43316E-01   5.67806E-03   5.36013E-02   6.03217E-02   1.52101E-01   3.01214E-01   2.61987E-03
    158000   5.97710E+02   5.26104E-03  -2.15741E-02  -2.46338E-01   1.14630E-01  -3.42567E-01   6.06466E-03   5.47810E-02   5.89889E-02   1.50920E-01   3.02324E-01   4.28903E-03
    159000   6.01493E+02   5.05959E-03  -2.12480E-02  -2.49680E-01   1.14910E-01  -3.45163E-01   5.55368E-03   5.51534E-02   5.96771E-02   1.51711E-01   3.03316E-01   2.67182E-03
    160000   6.05276E+02   5.26064E-03  -2.10431E-02  -2.54450E-01   1.14273E-01  -3.47428E-01   5.03008E-03   5.55542E-02   6.01876E-02   1.52361E-01   3.04264E-01   1.63720E-03
    161000   6.09059E+02   5.33836E-03  -2.16341E-02  -2.58557E-01   1.14263E-01  -3.47933E-01   5.06584E-03   5.65744E-02   5.99523E-02   1.52201E-01   3.05203E-01   2.61488E-03
    162000   6.12842E+02   5.50544E-03  -2.04529E-02  -2.63866E-01   1.13031E-01  -3.52584E-01   4.03583E-03   5.65185E-02   6.14553E-02   1.53857E-01   3.06191E-01  -7.85944E-04
    163000   6.16625E+02   5.69602E-03  -2.16358E-02  -2.66153E-01   1.14825E-01  -3.52437E-01   4.40295E-03   5.77710E-02   6.06189E-02   1.53149E-01   3.07191E-01   9.87980E-04
    164000   6.20408E+02   5.79382E-03  -2.08190E-02  -2.77115E-01   1.15111E-01  -3.55965E-01   3.74109E-03   5.79700E-02   6.17035E-02   1.54389E-01   3.08159E-01  -1.12055E-03
    165000   6.24191E+02   5.89195E-03  -2.11416E-02  -2.84618E-01   1.16499E-01  -3.58214E-01   3.49441E-03   5.85437E-02   6.18895E-02   1.54800E-01   3.09454E-01  -1.97156E-03
    166000   6.27974E+02   6.01229E-03  -2.25758E-02  -2.87939E-01   1.18118E-01  -3.58419E-01   3.96038E-03   5.97647E-02   6.08317E-02   1.53905E-01   3.10579E-01  -6.78816E-04
    167000   6.31757E+02   5.97306E-03  -2.11414E-02  -2.97661E-01   1.15192E-01  -3.62737E-01   2.93625E-03   5.94869E-02   6.25497E-02   1.55889E-01   3.11724E-01  -3.75797E-03
    168000   6.35540E+02   5.97900E-03  -2.19166E-02  -3.05911E-01   1.13839E-01  -3.63712E-01   3.03906E-03   6.02377E-02   6.21996E-02   1.55737E-01   3.12952E-01  -3.42109E-03
    169000   6.39323E+02   5.91725E-03  -2.30965E-02  -3.13163E-01   1.14551E-01  -3.65215E-01   3.25704E-03   6.11817E-02   6.13685E-02   1.55179E-01   3.14178E-01  -3.77836E-03
    170000   6.43106E+02   5.75647E-03  -2.29820E-02  -3.22778E-01   1.16082E-01  -3.66912E-01   2.89896E-03   6.14200E-02   6.18516E-02   1.55903E-01   3.15388E-01  -4.43109E-03
    171000   6.46889E+02   5.62715E-03  -2.27302E-02  -3.30445E-01   1.17604E-01  -3.69404E-01   2.44210E-03   6.16193E-02   6.24034E-02   1.56677E-01   3.16504E-01  -5.94215E-03
    172000   6.50672E+02   5.44892E-03  -2.37975E-02  -3.35878E-01   1.18085E-01  -3.70313E-01   2.57629E-03   6.23820E-02   6.17361E-02   1.56290E-01   3.17775E-01  -5.92817E-03
    173000   6.54455E+02   5.29453E-03  -2.40552E-02  -3.41437E-01   1.16225E-01  -3.72102E-01   2.36999E-03   6.27501E-02   6.18306E-02   1.56612E-01   3.18933E-01  -6.80902E-03
    174000   6.58238E+02   5.10650E-03  -2.42707E-02  -3.45359E-01   1.14898E-01  -3.73821E-01   2.05574E-03   6.31093E-02   6.19996E-02   1.57088E-01   3.20188E-01  -7.63203E-03
    175000   6.62021E+02   4.98602E-03  -2.48888E-02  -3.46138E-01   1.16207E-01  -3.75249E-01   2.01431E-03   6.35909E-02   6.18273E-02   1.57171E-01   3.21420E-01  -8.12661E-03
    176000   6.65804E+02   4.91765E-03  -2.57876E-02  -3.45098E-01   1.19419E-01  -3.75963E-01   2.06261E-03   6.43600E-02   6.12291E-02   1.56874E-01   3.22532E-01  -7.87894E-03
    177000   6.69587E+02   4.84205E-03  -2.47324E-02  -3.51488E-01   1.19953E-01  -3.79418E-01   1.15039E-03   6.41018E-02   6.25693E-02   1.58496E-01   3.23572E-01  -1.04843E-02
    178000   6.73370E+02   4.83105E-03  -2.55623E-02  -3.54850E-01   1.20520E-01  -3.80330E-01   1.12113E-03   6.48416E-02   6.20292E-02   1.58224E-01   3.24578E-01  -1.05207E-02
    179000   6.77153E+02   4.74271E-03  -2.64587E-02  -3.57728E-01   1.19873E-01  -3.81488E-01   1.06826E-03   6.56080E-02   6.14768E-02   1.57977E-01   3.25665E-01  -1.08628E-02
    180000   6.80936E+02   4.58325E-03  -2.56588E-02  -3.64838E-01   1.17232E-01  -3.84574E-01   1.25703E-04   6.53686E-02   6.26856E-02   1.59480E-01   3.26797E-01  -1.33576E-02
    181000   6.84719E+02   4.39316E-03  -2.71479E-02  -3.66357E-01   1.17625E-01  -3.84089E-01   4.41835E-04   6.63819E-02   6.14417E-02   1.58516E-01   3.27747E-01  -1.22734E-02
    182000   6.88502E+02   4.17044E-03  -2.73726E-02  -3.68126E-01   1.17924E-01  -3.86418E-01  -4.84911E-05   6.65988E-02   6.15366E-02   1.58943E-01   3.28818E-01  -1.42510E-02
    183000   6.92285E+02   3.98126E-03  -2.75717E-02  -3.66849E-01   1.19451E-01  -3.87333E-01  -3.57566E-04   6.69138E-02   6.16167E-02   1.59326E-01   3.29809E-01  -1.45580E-02
    184000   6.96068E+02   3.95387E-03  -2.80755E-02  -3.71020E-01   1.20159E-01  -3.88998E-01  -5.75192E-04   6.73518E-02   6.13594E-02   1.59392E-01   3.30778E-01  -1.55653E-02
    185000   6.99851E+02   3.87980E-03  -2.83001E-02  -3.70867E-01   1.19189E-01  -3.90955E-01  -8.89649E-04   6.76295E-02   6.14635E-02   1.59814E-01   3.31811E-01  -1.68239E-02
    186000   7.03634E+02   3.94033E-03  -2.91092E-02  -3.73453E-01   1.18667E-01  -3.91531E-01  -8.14152E-04   6.82938E-02   6.09267E-02   1.59530E-01   3.32711E-01  -1.65083E-02
    187000   7.07417E+02   4.02095E-03  -2.89828E-02  -3.84107E-01   1.18231E-01  -3.94623E-01  -1.35139E-03   6.84469E-02   6.14375E-02   1.60316E-01   3.33740E-01  -1.87488E-02
    188000   7.11200E+02   3.99155E-03  -2.94334E-02  -3.89006E-01   1.19942E-01  -3.94758E-01  -1.45107E-03   6.89660E-02   6.12225E-02   1.60323E-01   3.34563E-01  -1.81213E-02
    189000   7.14983E+02   3.85283E-03  -2.95956E-02  -3.95690E-01   1.20656E-01  -3.98710E-01  -1.97655E-03   6.92490E-02   6.14138E-02   1.60772E-01   3.35553E-01  -2.16276E-02
    190000   7.18766E+02   3.72375E-03  -3.10601E-02  -3.94268E-01   1.22267E-01  -3.96434E-01  -1.66974E-03   7.02330E-02   6.01828E-02   1.59813E-01   3.36444E-01  -1.87637E-02
    191000   7.22549E+02   3.43927E-03  -2.91379E-02  -4.08998E-01   1.19601E-01  -4.02739E-01  -3.27309E-03   6.94038E-02   6.24432E-02   1.62285E-01   3.37396E-01  -2.49103E-02
    192000   7.26332E+02   3.14296E-03  -3.26048E-02  -4.08060E-01   1.22262E-01  -3.98704E-01  -2.06141E-03   7.13404E-02   5.92878E-02   1.59445E-01   3.38431E-01  -2.04563E-02
    193000   7.30115E+02   2.99423E-03  -3.15730E-02  -4.18171E-01   1.21012E-01  -4.03001E-01  -3.05633E-03   7.08709E-02   6.07026E-02   1.61041E-01   3.39390E-01  -2.43754E-02
    194000   7.33898E+02   2.76452E-03  -3.13132E-02  -4.22873E-01   1.21350E-01  -4.04210E-01  -3.64790E-03   7.09793E-02   6.11352E-02   1.61779E-01   3.40242E-01  -2.51861E-02
    195000   7.37681E+02   2.71968E-03  -3.38125E-02  -4.26640E-01   1.24251E-01  -4.03508E-01  -2.58497E-03   7.23330E-02   5.90024E-02   1.59878E-01   3.41185E-01  -2.36673E-02
    196000   7.41464E+02   2.66674E-03  -3.25467E-02  -4.34101E-01   1.22650E-01  -4.06544E-01  -3.73409E-03   7.18137E-02   6.04766E-02   1.61568E-01   3.41934E-01  -2.64106E-02
    197000   7.45247E+02   2.54028E-03  -3.27494E-02  -4.34621E-01   1.22689E-01  -4.07899E-01  -3.74439E-03   7.20637E-02   6.04998E-02   1.61814E-01   3.42688E-01  -2.71011E-02
    198000   7.49030E+02   2.44342E-03  -3.45593E-02  -4.33808E-01   1.23968E-01  -4.06706E-01  -3.30039E-03   7.29876E-02   5.89935E-02   1.60447E-01   3.43431E-01  -2.57033E-02
    199000   7.52813E+02   2.17143E-03  -3.26512E-02  -4.43262E-01   1.21749E-01  -4.12047E-01  -4.65008E-03   7.20107E-02   6.10999E-02   1.62774E-01   3.44148E-01  -3.10187E-02
    200000   7.56596E+02   2.01637E-03  -3.48984E-02  -4.40273E-01   1.23714E-01  -4.09348E-01  -3.85250E-03   7.31619E-02   5.91564E-02   1.60987E-01   3.44897E-01  -2.80233E-02
    201000   7.60379E+02   1.74994E-03  -3.45069E-02  -4.45791E-01   1.22758E-01  -4.13258E-01  -4.62215E-03   7.29628E-02   5.98146E-02   1.61847E-01   3.45648E-01  -3.20263E-02
    202000   7.64161E+02   1.57056E-03  -3.46053E-02  -4.44695E-01   1.22840E-01  -4.12641E-01  -4.75133E-03   7.32231E-02   5.97874E-02   1.62008E-01   3.46168E-01  -3.10363E-02
    203000   7.67944E+02   1.49158E-03  -3.42632E-02  -4.50457E-01   1.21858E-01  -4.16059E-01  -5.44058E-03   7.31163E-02   6.03741E-02   1.62757E-01   3.46816E-01  -3.43395E-02
    204000   7.71727E+02   1.48114E-03  -3.63091E-02  -4.48222E-01   1.23170E-01  -4.14235E-01  -4.69945E-03   7.43024E-02   5.86058E-02   1.61168E-01   3.47486E-01  -3.19734E-02
    205000   7.75510E+02   1.52115E-03  -3.49555E-02  -4.53713E-01   1.21373E-01  -4.18035E-01  -5.67962E-03   7.37908E-02   6.01529E-02   1.62848E-01   3.48008E-01  -3.53503E-02
    206000   7.79293E+02   1.58566E-03  -3.54858E-02  -4.54513E-01   1.21447E-01  -4.18349E-01  -5.67897E-03   7.42201E-02   5.98537E-02   1.62685E-01   3.48553E-01  -3.51548E-02
    207000   7.83076E+02   1.67319E-03  -3.64490E-02  -4.55660E-01   1.21950E-01  -4.19142E-01  -5.37546E-03   7.47565E-02   5.91942E-02   1.62121E-01   3.49125E-01  -3.54118E-02
    208000   7.86859E+02   1.68540E-03  -3.55974E-02  -4.59339E-01   1.21467E-01  -4.21660E-01  -5.95887E-03   7.45828E-02   6.00421E-02   1.63041E-01   3.49371E-01  -3.75763E-02
    209000   7.90642E+02   1.76267E-03  -3.63793E-02  -4.60696E-01   1.22740E-01  -4.21701E-01  -5.73842E-03   7.50090E-02   5.97075E-02   1.62800E-01   3.50095E-01  -3.69527E-02
    210000   7.94425E+02   1.78689E-03  -3.62715E-02  -4.62103E-01   1.23346E-01  -4.23786E-01  -5.99656E-03   7.51737E-02   5.98698E-02   1.62989E-01   3.50364E-01  -3.87295E-02
    211000   7.98208E+02   1.77932E-03  -3.65583E-02  -4.63175E-01   1.23776E-01  -4.24594E-01  -6.01813E-03   7.54126E-02   5.98386E-02   1.63059E-01   3.50914E-01  -3.90644E-02
    212000   8.01991E+02   1.85856E-03  -3.64921E-02  -4.64943E-01   1.22815E-01  -4.26369E-01  -6.26643E-03   7.54957E-02   6.01799E-02   1.63445E-01   3.51430E-01  -4.03431E-02
    213000   8.05774E+02   1.82577E-03  -3.64513E-02  -4.66619E-01   1.21888E-01  -4.27782E-01  -6.42906E-03   7.56798E-02   6.04094E-02   1.63780E-01   3.51923E-01  -4.12339E-02
    214000   8.09557E+02   1.88073E-03  -3.69688E-02  -4.67399E-01   1.22347E-01  -4.28873E-01  -6.40341E-03   7.60893E-02   6.00586E-02   1.63524E-01   3.52383E-01  -4.18921E-02
    215000   8.13340E+02   1.96748E-03  -3.72570E-02  -4.69037E-01   1.23311E-01  -4.29724E-01  -6.45469E-03   7.63534E-02   6.00819E-02   1.63661E-01   3.53008E-01  -4.21067E-02
    216000   8.17123E+02   1.90316E-03  -3.65757E-02  -4.72779E-01   1.23233E-01  -4.32763E-01  -7.05120E-03   7.60817E-02   6.10580E-02   1.64760E-01   3.53629E-01  -4.47755E-02
    217000   8.20906E+02   1.97232E-03  -3.79819E-02  -4.69790E-01   1.24659E-01  -4.31544E-01  -6.40054E-03   7.69555E-02   5.97465E-02   1.63576E-01   3.54067E-01  -4.29313E-02
    218000   8.24689E+02   1.92372E-03  -3.65314E-02  -4.78252E-01   1.21397E-01  -4.35927E-01  -7.37856E-03   7.61399E-02   6.14564E-02   1.65411E-01   3.54670E-01  -4.71027E-02
    219000   8.28472E+02   1.83838E-03  -3.81439E-02  -4.81307E-01   1.21183E-01  -4.35068E-01  -6.65790E-03   7.70071E-02   6.00723E-02   1.64150E-01   3.55240E-01  -4.57849E-02
    220000   8.32255E+02   1.81871E-03  -3.82941E-02  -4.82926E-01   1.20744E-01  -4.35944E-01  -6.66173E-03   7.70835E-02   6.01088E-02   1.64308E-01   3.55770E-01  -4.62271E-02
    221000   8.36038E+02   1.67592E-03  -3.67956E-02  -4.90600E-01   1.19563E-01  -4.39993E-01  -7.75418E-03   7.62186E-02   6.18999E-02   1.66211E-01   3.56396E-01  -5.02527E-02
    222000   8.39821E+02   1.53540E-03  -4.02578E-02  -4.87716E-01   1.23329E-01  -4.36541E-01  -6.08968E-03   7.80409E-02   5.86665E-02   1.63103E-01   3.56965E-01  -4.63475E-02
    223000   8.43604E+02   1.45662E-03  -3.91710E-02  -4.91405E-01   1.21336E-01  -4.39994E-01  -6.97071E-03   7.73985E-02   6.00151E-02   1.64551E-01   3.57531E-01  -4.97495E-02
    224000   8.47387E+02   1.32407E-03  -3.86214E-02  -4.93914E-01   1.19721E-01  -4.40939E-01  -7.31423E-03   7.71732E-02   6.07572E-02   1.65376E-01   3.58001E-01  -5.03759E-02
    225000   8.51170E+02   1.23375E-03  -4.00974E-02  -4.94620E-01   1.20465E-01  -4.41282E-01  -6.78313E-03   7.79442E-02   5.94739E-02   1.64154E-01   3.58440E-01  -5.05447E-02
    226000   8.54953E+02   1.09256E-03  -4.08528E-02  -4.94714E-01   1.21013E-01  -4.41188E-01  -6.58782E-03   7.83039E-02   5.90392E-02   1.63749E-01   3.58960E-01  -5.02719E-02
    227000   8.58736E+02   1.02324E-03  -3.95189E-02  -4.98349E-01   1.19841E-01  -4.44284E-01  -7.39849E-03   7.76762E-02   6.05189E-02   1.65269E-01   3.59301E-01  -5.32001E-02
    228000   8.62519E+02   9.54359E-04  -4.07647E-02  -4.97140E-01   1.21300E-01  -4.43087E-01  -6.83243E-03   7.83578E-02   5.95108E-02   1.64227E-01   3.59647E-01  -5.17249E-02
    229000   8.66302E+02   8.33580E-04  -4.06163E-02  -5.00557E-01   1.21454E-01  -4.45384E-01  -7.06832E-03   7.82379E-02   5.98450E-02   1.64540E-01   3.59940E-01  -5.40574E-02
    230000   8.70085E+02   8.13106E-04  -4.07305E-02  -5.03055E-01   1.22406E-01  -4.45535E-01  -6.99028E-03   7.84080E-02   5.97857E-02   1.64438E-01   3.60073E-01  -5.39618E-02
    231000   8.73868E+02   7.39894E-04  -4.06127E-02  -5.05384E-01   1.22544E-01  -4.46562E-01  -7.12485E-03   7.83408E-02   6.01791E-02   1.64799E-01   3.60430E-01  -5.47881E-02
    232000   8.77651E+02   7.02994E-04  -4.09630E-02  -5.07027E-01   1.22536E-01  -4.48323E-01  -7.14344E-03   7.84324E-02   6.01179E-02   1.64702E-01   3.60787E-01  -5.65070E-02
    233000   8.81434E+02   6.55702E-04  -4.24912E-02  -5.04398E-01   1.24165E-01  -4.46145E-01  -6.33029E-03   7.93040E-02   5.87507E-02   1.63323E-01   3.61034E-01  -5.39725E-02
    234000   8.85217E+02   6.80099E-04  -4.01732E-02  -5.12852E-01   1.21773E-01  -4.51321E-01  -7.63161E-03   7.80711E-02   6.12915E-02   1.65834E-01   3.61319E-01  -5.90556E-02
    235000   8.89000E+02   6.79862E-04  -4.20815E-02  -5.10066E-01   1.24248E-01  -4.48773E-01  -6.59367E-03   7.91594E-02   5.94621E-02   1.64009E-01   3.61493E-01  -5.61152E-02
    236000   8.92783E+02   6.31786E-04  -4.20632E-02  -5.13464E-01   1.24605E-01  -4.50838E-01  -6.60185E-03   7.91306E-02   5.96503E-02   1.64186E-01   3.61740E-01  -5.80011E-02
    237000   8.96566E+02   6.44302E-04  -4.13726E-02  -5.15875E-01   1.23559E-01  -4.52188E-01  -7.11154E-03   7.87139E-02   6.05746E-02   1.65103E-01   3.62051E-01  -5.92623E-02
    238000   9.00349E+02   6.20843E-04  -4.23228E-02  -5.15550E-01   1.23921E-01  -4.52351E-01  -6.56592E-03   7.92357E-02   5.97950E-02   1.64315E-01   3.62304E-01  -5.90792E-02
    239000   9.04132E+02   5.86031E-04  -4.26980E-02  -5.16205E-01   1.23056E-01  -4.52348E-01  -6.45351E-03   7.94132E-02   5.96126E-02   1.64101E-01   3.62554E-01  -5.89459E-02
    240000   9.07915E+02   5.36138E-04  -4.18647E-02  -5.20272E-01   1.21086E-01  -4.55481E-01  -6.92641E-03   7.88505E-02   6.06363E-02   1.65087E-01   3.62799E-01  -6.20860E-02
    241000   9.11698E+02   4.84670E-04  -4.36421E-02  -5.15491E-01   1.22483E-01  -4.52805E-01  -6.00791E-03   7.97947E-02   5.90556E-02   1.63432E-01   3.63013E-01  -5.91629E-02
    242000   9.15481E+02   3.76517E-04  -4.19537E-02  -5.20895E-01   1.20723E-01  -4.56738E-01  -6.85911E-03   7.89223E-02   6.09096E-02   1.65218E-01   3.63198E-01  -6.30538E-02
    243000   9.19264E+02   3.58439E-04  -4.29310E-02  -5.20848E-01   1.21455E-01  -4.55868E-01  -6.37462E-03   7.94459E-02   6.01174E-02   1.64330E-01   3.63369E-01  -6.20007E-02
    244000   9.23047E+02   3.21564E-04  -4.39032E-02  -5.20130E-01   1.22361E-01  -4.55728E-01  -5.86790E-03   8.00057E-02   5.92935E-02   1.63397E-01   3.63482E-01  -6.16902E-02
    245000   9.26830E+02   3.22105E-04  -4.26553E-02  -5.23598E-01   1.21718E-01  -4.58278E-01  -6.51407E-03   7.94629E-02   6.06880E-02   1.64669E-01   3.63571E-01  -6.40914E-02
    246000   9.30612E+02   3.07004E-04  -4.32038E-02  -5.22615E-01   1.23421E-01  -4.57545E-01  -6.13803E-03   7.99065E-02   6.02953E-02   1.64171E-01   3.63684E-01  -6.29891E-02
    247000   9.34395E+02   3.34431E-04  -4.34639E-02  -5.26354E-01   1.24075E-01  -4.58815E-01  -6.09460E-03   8.00733E-02   6.02137E-02   1.63946E-01   3.63779E-01  -6.41867E-02
    248000   9.38178E+02   3.51716E-04  -4.41066E-02  -5.27966E-01   1.24594E-01  -4.58747E-01  -5.77243E-03   8.04791E-02   5.98679E-02   1.63482E-01   3.64017E-01  -6.37783E-02
    249000   9.41961E+02   3.58150E-04  -4.32705E-02  -5.31493E-01   1.23733E-01  -4.60505E-01  -6.17581E-03   8.01581E-02   6.08691E-02   1.64356E-01   3.64117E-01  -6.53177E-02
    250000   9.45744E+02   3.45471E-04  -4.36730E-02  -5.31670E-01   1.24184E-01  -4.60883E-01  -5.93674E-03   8.04183E-02   6.06273E-02   1.63992E-01   3.64221E-01  -6.55085E-02
