 kstep wat kin_energy mag_energy ep_energy ion_energy ep_energy_trns ion_energy_trns elcl_energy_trns mag_int mag_ideal dssp_energy total_energy
         0   0.00000E+00   0.00000E+00   3.04886E-12   1.32428E-14   6.03413E-15   0.00000E+00   0.00000E+00   0.00000E+00   0.00000E+00   0.00000E+00   0.00000E+00   3.04886E-12
      1000   3.78298E+00   1.49465E-12   7.97666E-11  -1.68487E-10  -2.58971E-10  -6.94709E-10  -1.87473E-10  -1.87469E-10  -1.05917E-10   4.08140E-10   3.31363E-10  -6.57027E-10
      2000   7.56596E+00   1.37204E-12  -2.64322E-10  -3.59847E-11  -4.70310E-10  -9.94586E-10  -4.06058E-10  -4.06041E-10  -4.95489E-10   1.00201E-09   1.27289E-09  -7.96743E-10
      3000   1.13489E+01   1.02206E-12  -1.95771E-09  -4.60882E-10  -3.22527E-10  -4.98268E-10  -8.73281E-11  -8.72985E-11  -2.19065E-09   6.59399E-10   2.62275E-09  -6.83352E-12
      4000   1.51319E+01   1.11915E-12  -2.76287E-09  -9.09940E-10  -7.74967E-10  -2.35895E-09  -3.60667E-10  -3.60636E-10  -2.92536E-09   1.56655E-09   4.33449E-09  -1.50752E-09
      5000   1.89149E+01   9.09177E-13  -4.47581E-09  -1.27942E-09  -8.47679E-10  -2.14389E-09  -2.62415E-10  -2.62435E-10  -4.59547E-09   1.74016E-09   6.21903E-09  -9.24601E-10
      6000   2.26979E+01   1.02973E-12  -7.30197E-09  -1.87080E-09  -4.86703E-10  -1.49944E-09   3.27206E-10   3.27148E-10  -7.34419E-09   9.53193E-10   8.25934E-09   1.13312E-10
      7000   2.64808E+01   9.17447E-13  -9.10535E-09  -2.62429E-09  -7.24277E-10  -3.04062E-09   3.56468E-10   3.56441E-10  -9.03883E-09   1.45645E-09   1.05721E-08  -8.60088E-10
      8000   3.02638E+01   1.04466E-12  -1.19692E-08  -2.93557E-09  -3.56876E-10  -1.18916E-09   8.94100E-10   8.94117E-10  -1.18378E-08   1.00456E-09   1.29933E-08   1.62421E-09
      9000   3.40468E+01   1.26706E-12  -1.49594E-08  -3.11699E-09   2.90408E-11  -1.55217E-09   1.41554E-09   1.41557E-09  -1.46566E-08   5.68932E-10   1.55435E-08   1.86436E-09
     10000   3.78298E+01   1.25442E-12  -1.94103E-08  -3.54215E-09   1.20866E-09   2.61527E-09   2.79188E-09   2.79190E-09  -1.92920E-08  -1.59872E-09   1.78271E-08   6.61710E-09
     11000   4.16128E+01   1.63648E-12  -2.04222E-08  -3.82384E-09   6.14856E-10  -1.02009E-09   2.39676E-09   2.39681E-09  -2.03236E-08  -4.10242E-11   2.03977E-08   3.75066E-09
     12000   4.53957E+01   1.77495E-12  -2.30044E-08  -4.21389E-09   6.45333E-10   1.65392E-09   2.64132E-09   2.64142E-09  -2.26217E-08   3.00413E-10   2.33335E-08   7.26751E-09
     13000   4.91787E+01   2.08978E-12  -2.79389E-08  -4.36189E-09   1.97301E-09   2.29972E-09   4.08041E-09   4.08054E-09  -2.77151E-08  -1.98809E-09   2.59862E-08   8.51005E-09
     14000   5.29617E+01   2.70439E-12  -3.40697E-08  -4.57781E-09   3.95647E-09   8.60555E-09   6.13018E-09   6.13028E-09  -3.40572E-08  -5.48823E-09   2.86325E-08   1.54315E-08
     15000   5.67447E+01   3.13290E-12  -3.15260E-08  -4.49779E-09   1.70379E-09   1.85474E-10   3.87917E-09   3.87926E-09  -3.15717E-08  -3.01627E-11   3.15487E-08   7.96976E-09
     16000   6.05276E+01   4.06612E-12  -3.67531E-08  -4.76740E-09   3.13515E-09   7.61519E-09   5.41314E-09   5.41328E-09  -3.68766E-08  -2.33225E-09   3.44720E-08   1.61646E-08
     17000   6.43106E+01   4.98142E-12  -4.11992E-08  -4.92474E-09   4.19148E-09   3.28820E-09   6.52216E-09   6.52233E-09  -4.15818E-08  -3.97746E-09   3.72827E-08   1.24212E-08
     18000   6.80936E+01   6.23624E-12  -4.78546E-08  -5.34875E-09   5.96177E-09   1.07945E-08   8.39348E-09   8.39364E-09  -4.77062E-08  -7.07135E-09   4.08564E-08   2.05896E-08
     19000   7.18766E+01   8.16231E-12  -4.54235E-08  -5.54690E-09   3.50547E-09   2.24830E-09   5.96184E-09   5.96199E-09  -4.51972E-08  -1.26113E-09   4.42610E-08   1.30178E-08
     20000   7.56596E+01   1.01877E-11  -5.18337E-08  -5.54029E-09   5.79640E-09   9.72028E-09   8.26548E-09   8.26569E-09  -5.23661E-08  -5.04973E-09   4.69003E-08   2.13282E-08
     21000   7.94425E+01   1.30520E-11  -5.92896E-08  -5.11761E-09   8.19856E-09   1.34887E-08   1.05718E-08   1.05721E-08  -5.99432E-08  -9.14717E-09   5.02762E-08   2.56323E-08
     22000   8.32255E+01   1.65256E-11  -6.29068E-08  -4.61606E-09   8.83227E-09   1.14048E-08   1.10295E-08   1.10298E-08  -6.36495E-08  -9.42421E-09   5.36177E-08   2.41916E-08
     23000   8.70085E+01   2.09226E-11  -7.49170E-08  -4.63740E-09   1.27291E-08   2.67235E-08   1.50211E-08   1.50214E-08  -7.42795E-08  -1.64499E-08   5.85973E-08   4.04672E-08
     24000   9.07915E+01   2.69345E-11  -6.50636E-08  -4.45888E-09   6.09976E-09   2.06737E-09   8.34851E-09   8.34885E-09  -6.31660E-08  -1.87409E-09   6.33104E-08   1.70385E-08
     25000   9.45744E+01   3.40614E-11  -7.58303E-08  -4.78896E-09   1.00043E-08   1.81067E-08   1.23491E-08   1.23497E-08  -7.38091E-08  -9.10922E-09   6.68346E-08   3.38438E-08
     26000   9.83574E+01   4.34721E-11  -7.74875E-08  -5.52751E-09   9.86648E-09   1.56731E-08   1.24193E-08   1.24201E-08  -7.62816E-08  -8.23598E-09   6.93581E-08   3.24266E-08
     27000   1.02140E+02   5.51527E-11  -5.98024E-08  -5.55965E-09   9.12723E-10  -1.14614E-08   3.40488E-09   3.40572E-09  -6.03123E-08   1.10210E-08   7.09184E-08   6.52033E-09
     28000   1.05923E+02   7.01946E-11  -7.79671E-08  -5.67076E-09   8.27765E-09   1.56522E-08   1.11082E-08   1.11090E-08  -7.85301E-08  -3.99512E-09   7.40653E-08   3.40377E-08
     29000   1.09706E+02   9.02181E-11  -8.16714E-08  -5.98087E-09   7.81001E-09   9.89224E-09   1.09554E-08   1.09563E-08  -8.04293E-08  -2.76306E-09   7.90031E-08   2.92259E-08
     30000   1.13489E+02   1.14692E-10  -8.62126E-08  -6.30909E-09   9.26943E-09   1.15169E-08   1.23706E-08   1.23720E-08  -8.55276E-08  -4.61742E-09   8.16920E-08   3.18537E-08
     31000   1.17272E+02   1.45795E-10  -7.93077E-08  -7.30022E-09   4.65057E-09   9.18690E-09   7.83862E-09   7.84063E-09  -7.92959E-08   5.16022E-09   8.45843E-08   3.02886E-08
     32000   1.21055E+02   1.85203E-10  -6.58965E-08  -8.81617E-09  -3.50840E-09  -3.69885E-08   4.40123E-11   4.61985E-11  -6.66585E-08   2.16642E-08   8.77002E-08  -1.49095E-08
     33000   1.24838E+02   2.35391E-10  -1.02797E-07  -1.08631E-08   1.10252E-08   3.14567E-08   1.48838E-08   1.48859E-08  -9.93539E-08  -6.80477E-09   9.61560E-08   5.48210E-08
     34000   1.28621E+02   2.99940E-10  -5.84768E-08  -1.12913E-08  -1.27673E-08  -6.45864E-08  -8.29706E-09  -8.29436E-09  -5.60694E-08   4.09531E-08   9.96270E-08  -3.97277E-08
     35000   1.32404E+02   3.82006E-10  -7.16964E-08  -1.22933E-08  -7.27259E-09  -1.25487E-08  -2.62628E-09  -2.62224E-09  -7.09440E-08   3.03440E-08   1.02267E-07   1.31552E-08
     36000   1.36187E+02   4.85217E-10  -7.78329E-08  -1.15554E-08  -8.32030E-09  -4.68961E-08  -3.96620E-09  -3.96030E-09  -7.10237E-08   3.46340E-08   1.12732E-07  -1.94384E-08
     37000   1.39970E+02   6.16795E-10  -8.34128E-08  -1.21013E-08  -6.92225E-09  -1.39586E-08  -1.73965E-09  -1.73242E-09  -7.87371E-08   3.12990E-08   1.15015E-07   1.47880E-08
     38000   1.43753E+02   7.85813E-10  -8.67350E-08  -4.38715E-09  -6.09732E-09  -4.65661E-08  -2.89713E-09  -2.88930E-09  -8.10919E-08   3.29886E-08   1.20073E-07  -1.82291E-08
     39000   1.47536E+02   1.00016E-09  -1.33493E-07  -3.24968E-09   1.98421E-08   6.75829E-08   2.25968E-08   2.26069E-08  -1.34341E-07  -1.66397E-08   1.17272E-07   9.75657E-08
     40000   1.51319E+02   1.27682E-09  -6.63875E-08  -1.53330E-09  -1.57249E-08  -1.12600E-07  -1.38067E-08  -1.37928E-08  -6.15020E-08   5.94602E-08   1.26363E-07  -7.89470E-08
     41000   1.55102E+02   1.62627E-09  -1.35510E-07  -2.29602E-09   2.00183E-08   8.31699E-08   2.10581E-08   2.10770E-08  -1.34091E-07  -9.75658E-09   1.26387E-07   1.17808E-07
     42000   1.58885E+02   2.06305E-09  -9.98536E-08   4.81475E-09  -1.09672E-09  -1.05132E-07  -1.09552E-09  -1.07121E-09  -9.22320E-08   3.57919E-08   1.36434E-07  -6.86551E-08
     43000   1.62668E+02   2.62964E-09  -1.80740E-07   4.80615E-09   4.25169E-08   1.33693E-07   4.14735E-08   4.15017E-08  -1.81561E-07  -5.00945E-08   1.31615E-07   1.70173E-07
     44000   1.66451E+02   3.36181E-09  -5.94761E-08   1.49690E-08  -1.50202E-08  -1.09653E-07  -1.94854E-08  -1.94499E-08  -5.92937E-08   7.49965E-08   1.35666E-07  -6.90368E-08
     45000   1.70234E+02   4.27023E-09  -1.59863E-07   4.75784E-09   3.44788E-08   1.25728E-07   3.53733E-08   3.54230E-08  -1.69544E-07  -3.28215E-08   1.28506E-07   1.69438E-07
     46000   1.74017E+02   5.47052E-09  -5.87976E-08  -9.77216E-09  -2.94621E-08  -1.28629E-07  -2.02958E-08  -2.02313E-08  -5.73003E-08   8.24046E-08   1.43028E-07  -7.94549E-08
     47000   1.77800E+02   6.94945E-09   1.04603E-07  -3.31878E-08  -1.12903E-07  -2.12934E-07  -9.71795E-08  -9.70928E-08   1.02754E-07   2.46943E-07   1.44635E-07  -1.51018E-07
     48000   1.81583E+02   8.86065E-09   1.25123E-07  -3.83588E-08  -1.36745E-07  -3.61312E-07  -1.20329E-07  -1.20224E-07   1.48799E-07   3.00548E-07   1.78306E-07  -2.89575E-07
     49000   1.85366E+02   1.12894E-08  -1.25343E-07  -4.86472E-08  -1.74174E-08  -3.25215E-08   1.82445E-09   1.95175E-09  -1.10949E-07   5.18849E-08   1.80855E-07   3.80558E-08
     50000   1.89149E+02   1.43580E-08  -2.13262E-07  -2.61485E-08   1.48784E-08  -1.11536E-07   2.70522E-08   2.72257E-08  -1.78448E-07  -1.81791E-09   2.16034E-07  -4.01282E-08
     51000   1.92932E+02   1.82939E-08  -1.18761E-07   6.51013E-10  -1.11089E-08  -2.90779E-09  -1.06244E-08  -1.04051E-08  -1.03518E-07   8.74215E-08   2.12007E-07   8.76027E-08
     52000   1.96715E+02   2.32555E-08  -2.75604E-07   3.78979E-08   7.36936E-08  -3.16734E-08   5.99351E-08   6.02045E-08  -2.51528E-07  -4.80831E-08   2.34923E-07   7.10409E-08
     53000   2.00498E+02   2.97015E-08  -6.62164E-07   6.06427E-08   2.67439E-07   5.00769E-07   2.48085E-07   2.48424E-07  -6.48352E-07  -4.35868E-07   2.35692E-07   6.00507E-07
     54000   2.04281E+02   3.77375E-08  -2.04079E-07   6.95248E-08   3.78685E-08  -2.86147E-07   2.05747E-08   2.09860E-08  -1.77402E-07   3.85018E-08   2.54515E-07  -1.56413E-07
     55000   2.08064E+02   4.80163E-08  -4.07969E-07   3.97988E-08   1.52305E-07   3.54035E-07   1.46312E-07   1.46854E-07  -3.99436E-07  -1.84546E-07   2.38589E-07   5.25837E-07
     56000   2.11847E+02   6.10983E-08  -2.01818E-07   3.05234E-08   8.49196E-08  -1.33350E-07   8.09106E-08   8.16309E-08  -2.59889E-07  -4.70724E-08   1.74016E-07   6.24883E-08
     57000   2.15630E+02   7.74087E-08  -4.45796E-07   2.50053E-08   1.64815E-07   1.58470E-07   1.59508E-07   1.60371E-07  -4.00832E-07  -1.88137E-07   2.82137E-07   3.92098E-07
     58000   2.19413E+02   9.87031E-08  -4.07292E-07   2.08751E-08   1.78002E-07   1.86278E-07   1.79908E-07   1.81030E-07  -4.01554E-07  -1.83864E-07   2.54550E-07   4.93177E-07
     59000   2.23196E+02   1.25360E-07  -4.09427E-07   2.58345E-08   1.41656E-07   1.32414E-07   1.50861E-07   1.52295E-07  -2.92332E-07  -6.41582E-08   3.84844E-07   5.36346E-07
     60000   2.26979E+02   1.59850E-07  -4.60816E-07   6.45228E-08   2.29321E-07   2.95384E-07   2.18494E-07   2.20246E-07  -4.10562E-07  -1.68390E-07   3.42773E-07   7.75931E-07
     61000   2.30762E+02   2.04242E-07  -2.92378E-07   5.49205E-08   1.24893E-07  -4.30233E-07   1.10330E-07   1.12639E-07  -1.52471E-07   1.07625E-07   4.64061E-07   1.68661E-07
     62000   2.34545E+02   2.59081E-07  -4.70298E-07   2.45753E-07   3.96992E-07   2.07903E-07   3.17096E-07   3.19980E-07  -5.03281E-07  -2.21594E-07   3.30231E-07   9.63993E-07
     63000   2.38328E+02   3.31086E-07  -1.61164E-06   3.69777E-07   1.00483E-06   1.55157E-06   8.89975E-07   8.93526E-07  -1.59463E-06  -1.29673E-06   4.18687E-07   2.47320E-06
     64000   2.42111E+02   4.21835E-07  -9.59829E-07   2.93230E-07   6.97667E-07   4.57621E-08   5.99999E-07   6.04651E-07  -9.26500E-07  -6.18914E-07   4.73013E-07   1.18543E-06
     65000   2.45894E+02   5.37528E-07  -5.11386E-07   2.34350E-07   5.52882E-07  -1.26647E-07   4.80224E-07   4.86269E-07  -4.78335E-07  -1.54368E-07   5.25115E-07   1.39110E-06
     66000   2.49677E+02   6.88639E-07   2.07363E-07   2.89113E-07   3.50876E-07  -1.12317E-06   2.55047E-07   2.62613E-07   1.67671E-07   5.26998E-07   5.33757E-07   8.24253E-07
     67000   2.53460E+02   8.72140E-07  -5.65020E-07   4.35359E-07   9.54854E-07  -6.29825E-07   8.01649E-07   8.11805E-07  -8.35020E-07  -4.12289E-07   4.25522E-07   1.71627E-06
     68000   2.57242E+02   1.11424E-06  -5.99236E-07   4.95432E-07   1.02997E-06  -2.50467E-07   8.51176E-07   8.64302E-07  -6.84437E-07  -1.62836E-07   7.83988E-07   2.76400E-06
     69000   2.61025E+02   1.41817E-06   2.08587E-06   6.78394E-07  -1.66579E-08  -4.93304E-06  -2.58932E-07  -2.42560E-07   1.94291E-06   2.60226E-06   9.59354E-07  -9.71140E-07
     70000   2.64808E+02   1.80705E-06  -4.50850E-07   6.70526E-07   1.46948E-06  -9.56102E-07   1.21563E-06   1.23822E-06  -6.35250E-07   1.83516E-07   1.19869E-06   4.05264E-06
     71000   2.68591E+02   2.29701E-06   1.52809E-06   6.82814E-07   7.71568E-07  -6.93919E-06   4.94172E-07   5.21684E-07   1.26678E-06   2.26585E-06   1.45665E-06  -6.41592E-07
     72000   2.72374E+02   2.94375E-06   1.24992E-06   8.98895E-07   1.19294E-06  -4.82946E-06   8.78110E-07   9.14695E-07   1.09794E-06   2.31642E-06   1.98289E-06   3.13990E-06
     73000   2.76157E+02   3.72712E-06   1.27324E-07   1.18157E-06   1.88778E-06  -6.41515E-06   1.49112E-06   1.53905E-06   8.11065E-07   2.28929E-06   3.32921E-06   3.79868E-06
     74000   2.79940E+02   4.77135E-06   3.50795E-06   1.10435E-06   8.21438E-07  -1.23009E-05   4.42515E-07   5.00602E-07   4.16644E-06   5.96583E-06   3.94485E-06   8.66360E-07
     75000   2.83723E+02   6.08077E-06   6.46345E-06   1.13145E-06  -1.10143E-07  -1.59550E-05  -4.62915E-07  -3.86425E-07   7.43554E-06   9.64699E-06   5.07815E-06   8.17993E-07
     76000   2.87506E+02   7.70660E-06   6.91539E-06   1.26387E-06   6.35473E-07  -1.98285E-05   2.86121E-07   3.77772E-07   7.84885E-06   1.05671E-05   6.06431E-06   1.52165E-06
     77000   2.91289E+02   9.86603E-06   1.10935E-05   1.75261E-06   3.20613E-07  -2.46983E-05  -2.07046E-07  -9.17468E-08   1.13942E-05   1.47069E-05   6.68687E-06   2.64931E-06
     78000   2.95072E+02   1.25263E-05   1.42806E-05   2.53374E-06   2.48392E-07  -3.60724E-05  -5.49540E-07  -4.02467E-07   1.52630E-05   1.92819E-05   8.91683E-06  -1.30074E-06
     79000   2.98855E+02   1.59814E-05  -2.07806E-07   3.01127E-06   8.61611E-06  -2.04610E-05   7.77973E-06   7.95592E-06   2.36787E-06   7.25376E-06   1.24494E-05   2.34977E-05
     80000   3.02638E+02   2.04002E-05   1.64728E-05   3.10975E-06   3.28079E-06  -5.08298E-05   2.34203E-06   2.57054E-06   1.85114E-05   2.44453E-05   1.43250E-05   5.28073E-06
     81000   3.06421E+02   2.59051E-05   2.59140E-05   2.51103E-06   1.88330E-06  -6.68289E-05   1.18335E-06   1.46985E-06   2.82433E-05   3.55189E-05   1.76945E-05   5.33790E-06
     82000   3.10204E+02   3.29858E-05   2.88777E-05   2.63575E-06   3.87983E-06  -7.70829E-05   3.13643E-06   3.49230E-06   3.28263E-05   4.18411E-05   2.32689E-05   1.46782E-05
     83000   3.13987E+02   4.20799E-05   3.93179E-05   4.03320E-06   3.25176E-06  -1.16180E-04   1.95670E-06   2.42196E-06   4.49464E-05   5.62325E-05   3.00420E-05  -3.61735E-07
     84000   3.17770E+02   5.31179E-05   3.24811E-05   4.14543E-06   1.28547E-05  -1.08149E-04   1.13904E-05   1.19645E-05   3.94623E-05   5.38091E-05   3.80354E-05   3.88404E-05
     85000   3.21553E+02   6.78297E-05   5.66671E-05   5.61756E-06   9.36032E-06  -1.77364E-04   7.13230E-06   7.86006E-06   6.49741E-05   8.32907E-05   4.78873E-05   1.00127E-05
     86000   3.25336E+02   8.61665E-05   6.07193E-05   6.64079E-06   1.84304E-05  -1.91621E-04   1.54798E-05   1.64064E-05   6.93585E-05   9.27312E-05   5.90756E-05   4.62261E-05
     87000   3.29119E+02   1.08919E-04   9.57435E-05   9.79518E-06   1.37419E-05  -2.93311E-04   9.77932E-06   1.09327E-05   1.07865E-04   1.37682E-04   7.63600E-05   8.42319E-06
     88000   3.32902E+02   1.38732E-04   1.16359E-04   1.23074E-05   1.98944E-05  -3.32852E-04   1.51898E-05   1.66459E-05   1.31861E-04   1.69794E-04   9.72009E-05   5.12760E-05
     89000   3.36685E+02   1.76456E-04   1.60729E-04   1.76640E-05   1.73533E-05  -4.65704E-04   1.08387E-05   1.26721E-05   1.85240E-04   2.33338E-04   1.28195E-04   2.31867E-05
     90000   3.40468E+02   2.23435E-04   1.75548E-04   2.02740E-05   3.63067E-05  -5.39140E-04   2.88478E-05   3.11853E-05   2.04487E-04   2.65326E-04   1.60360E-04   8.02360E-05
     91000   3.44251E+02   2.84872E-04   2.33364E-04   2.49687E-05   4.20172E-05  -7.10221E-04   3.29631E-05   3.59130E-05   2.67121E-04   3.43919E-04   2.00175E-04   7.70662E-05
     92000   3.48034E+02   3.59713E-04   3.19222E-04   3.13849E-05   4.53592E-05  -8.97401E-04   3.36229E-05   3.71555E-05   3.59920E-04   4.56830E-04   2.51449E-04   1.03762E-04
     93000   3.51817E+02   4.57060E-04   3.96012E-04   4.00042E-05   5.87993E-05  -1.15356E-03   4.31922E-05   4.77709E-05   4.50530E-04   5.72848E-04   3.21325E-04   1.11796E-04
     94000   3.55600E+02   5.74423E-04   4.29594E-04   5.19265E-05   1.09856E-04  -1.37570E-03   9.00761E-05   9.59135E-05   4.96903E-04   6.51383E-04   4.05027E-04   2.19337E-04
     95000   3.59383E+02   7.22856E-04   5.56782E-04   6.49383E-05   1.31301E-04  -1.72970E-03   1.07047E-04   1.14484E-04   6.39159E-04   8.34398E-04   5.09639E-04   2.81112E-04
     96000   3.63166E+02   9.11399E-04   8.03132E-04   7.76036E-05   1.16497E-04  -2.31376E-03   8.64854E-05   9.64288E-05   9.05669E-04   1.15188E-03   6.42205E-04   2.25895E-04
     97000   3.66949E+02   1.14027E-03   1.00453E-03   8.96169E-05   1.47570E-04  -2.88887E-03   1.13220E-04   1.25889E-04   1.13855E-03   1.44929E-03   8.15377E-04   3.10422E-04
     98000   3.70732E+02   1.43537E-03   1.25385E-03   1.19943E-04   1.88793E-04  -3.64321E-03   1.41760E-04   1.58316E-04   1.41833E-03   1.80994E-03   1.02314E-03   3.69231E-04
     99000   3.74515E+02   1.78910E-03   1.50927E-03   1.50275E-04   2.77108E-04  -4.44815E-03   2.15575E-04   2.36558E-04   1.70470E-03   2.19812E-03   1.27638E-03   5.78736E-04
    100000   3.78298E+02   2.22731E-03   1.93467E-03   1.87117E-04   3.19497E-04  -5.73297E-03   2.41582E-04   2.67944E-04   2.18872E-03   2.81066E-03   1.61361E-03   5.52150E-04
    101000   3.82081E+02   2.76485E-03   2.31202E-03   2.27781E-04   4.30979E-04  -6.95720E-03   3.36936E-04   3.70840E-04   2.64292E-03   3.42582E-03   2.03761E-03   8.65045E-04
    102000   3.85864E+02   3.40140E-03   3.01635E-03   2.87228E-04   4.59710E-04  -8.84959E-03   3.42531E-04   3.84995E-04   3.43242E-03   4.41657E-03   2.55410E-03   8.49796E-04
    103000   3.89647E+02   4.17043E-03   3.66001E-03   3.57704E-04   5.84602E-04  -1.08410E-02   4.35986E-04   4.89217E-04   4.18668E-03   5.41991E-03   3.19696E-03   1.11163E-03
    104000   3.93430E+02   5.06383E-03   4.38917E-03   4.39388E-04   7.48980E-04  -1.32864E-02   5.64970E-04   6.30757E-04   5.05153E-03   6.59230E-03   3.98651E-03   1.34889E-03
    105000   3.97213E+02   6.11000E-03   5.21065E-03   5.29804E-04   9.40875E-04  -1.61289E-02   7.17880E-04   8.01161E-04   6.05113E-03   7.96778E-03   4.95936E-03   1.67019E-03
    106000   4.00996E+02   7.31070E-03   6.36639E-03   6.37429E-04   1.09618E-03  -1.95845E-02   8.19976E-04   9.27814E-04   7.39064E-03   9.76215E-03   6.10558E-03   1.94600E-03
    107000   4.04779E+02   8.66761E-03   7.69380E-03   7.44176E-04   1.25147E-03  -2.37654E-02   9.11535E-04   1.05278E-03   8.96794E-03   1.18906E-02   7.51580E-03   2.07616E-03
    108000   4.08562E+02   1.01874E-02   8.88647E-03   8.70534E-04   1.58150E-03  -2.82060E-02   1.16638E-03   1.34887E-03   1.04502E-02   1.40298E-02   9.18968E-03   2.57280E-03
    109000   4.12345E+02   1.18378E-02   1.02241E-02   1.04992E-03   1.93728E-03  -3.32640E-02   1.41591E-03   1.65458E-03   1.21591E-02   1.65187E-02   1.12028E-02   3.07112E-03
    110000   4.16128E+02   1.35983E-02   1.17637E-02   1.26171E-03   2.28636E-03  -3.91277E-02   1.64780E-03   1.94260E-03   1.41775E-02   1.94466E-02   1.36026E-02   3.42733E-03
    111000   4.19911E+02   1.54891E-02   1.31883E-02   1.45489E-03   2.76415E-03  -4.53184E-02   1.98848E-03   2.36784E-03   1.61453E-02   2.24662E-02   1.63730E-02   4.08840E-03
    112000   4.23693E+02   1.75566E-02   1.48760E-02   1.65129E-03   3.22297E-03  -5.25232E-02   2.27242E-03   2.77527E-03   1.85029E-02   2.60262E-02   1.96014E-02   4.55847E-03
    113000   4.27476E+02   1.96358E-02   1.67329E-02   1.88731E-03   3.66395E-03  -6.04679E-02   2.50388E-03   3.15170E-03   2.11608E-02   3.00537E-02   2.33295E-02   4.88586E-03
    114000   4.31259E+02   2.17968E-02   1.81672E-02   2.12644E-03   4.32119E-03  -6.86324E-02   2.90065E-03   3.74155E-03   2.35361E-02   3.39507E-02   2.75658E-02   5.53963E-03
    115000   4.35042E+02   2.37426E-02   1.99017E-02   2.35633E-03   4.98069E-03  -7.75458E-02   3.29747E-03   4.34062E-03   2.63187E-02   3.84314E-02   3.23062E-02   6.04279E-03
    116000   4.38825E+02   2.60208E-02   2.12858E-02   2.60068E-03   5.69218E-03  -8.69390E-02   3.66436E-03   4.97991E-03   2.89503E-02   4.29185E-02   3.76339E-02   6.64571E-03
    117000   4.42608E+02   2.79315E-02   2.30565E-02   2.88406E-03   6.44727E-03  -9.74635E-02   3.99661E-03   5.65047E-03   3.21606E-02   4.81279E-02   4.35231E-02   6.69477E-03
    118000   4.46391E+02   2.97674E-02   2.40928E-02   3.17443E-03   7.46761E-03  -1.07032E-01   4.56451E-03   6.59058E-03   3.47608E-02   5.28925E-02   4.99078E-02   7.89138E-03
    119000   4.50174E+02   3.18334E-02   2.50898E-02   3.45859E-03   8.30038E-03  -1.18215E-01   4.88183E-03   7.34811E-03   3.75716E-02   5.79630E-02   5.68455E-02   7.78392E-03
    120000   4.53957E+02   3.29868E-02   2.60827E-02   3.73906E-03   9.57278E-03  -1.28301E-01   5.59002E-03   8.53837E-03   4.04565E-02   6.32463E-02   6.42051E-02   9.10197E-03
    121000   4.57740E+02   3.48398E-02   2.63711E-02   3.99053E-03   1.06158E-02  -1.39611E-01   5.98324E-03   9.50686E-03   4.28182E-02   6.81048E-02   7.20439E-02   9.13359E-03
    122000   4.61523E+02   3.58697E-02   2.68681E-02   4.27841E-03   1.19373E-02  -1.50665E-01   6.50845E-03   1.07435E-02   4.56691E-02   7.35140E-02   8.04129E-02   9.73772E-03
    123000   4.65306E+02   3.67530E-02   2.70819E-02   4.60840E-03   1.33965E-02  -1.61326E-01   7.15526E-03   1.21054E-02   4.82498E-02   7.87612E-02   8.90414E-02   1.08106E-02
    124000   4.69089E+02   3.82264E-02   2.66701E-02   4.92355E-03   1.47183E-02  -1.72767E-01   7.58977E-03   1.33377E-02   5.04297E-02   8.36168E-02   9.80289E-02   1.10859E-02
    125000   4.72872E+02   3.82624E-02   2.69999E-02   5.25068E-03   1.62990E-02  -1.83944E-01   8.24069E-03   1.48302E-02   5.35317E-02   8.94747E-02   1.07400E-01   1.17893E-02
    126000   4.76655E+02   3.94633E-02   2.59324E-02   5.52739E-03   1.79928E-02  -1.94478E-01   8.91350E-03   1.64468E-02   5.51467E-02   9.38669E-02   1.16777E-01   1.30552E-02
    127000   4.80438E+02   3.97001E-02   2.65295E-02   5.82642E-03   1.93682E-02  -2.06823E-01   9.09493E-03   1.77394E-02   5.85785E-02   1.00058E-01   1.26373E-01   1.26138E-02
    128000   4.84221E+02   3.95282E-02   2.55049E-02   6.07296E-03   2.13641E-02  -2.16349E-01   9.84147E-03   1.96571E-02   6.04924E-02   1.04801E-01   1.36173E-01   1.43557E-02
    129000   4.88004E+02   4.04909E-02   2.41892E-02   6.34548E-03   2.29687E-02  -2.28096E-01   1.00518E-02   2.11763E-02   6.20212E-02   1.09070E-01   1.45852E-01   1.36634E-02
    130000   4.91787E+02   3.90844E-02   2.40422E-02   6.52644E-03   2.49079E-02  -2.37141E-01   1.05641E-02   2.30619E-02   6.49191E-02   1.14805E-01   1.55820E-01   1.54320E-02
    131000   4.95570E+02   3.97758E-02   2.25732E-02   6.71605E-03   2.62531E-02  -2.48686E-01   1.03955E-02   2.43514E-02   6.63529E-02   1.19045E-01   1.65601E-01   1.40114E-02
    132000   4.99353E+02   3.87514E-02   2.09052E-02   6.93071E-03   2.85544E-02  -2.56443E-01   1.10963E-02   2.65886E-02   6.74533E-02   1.22890E-01   1.75162E-01   1.60598E-02
    133000   5.03136E+02   3.75430E-02   1.98165E-02   7.16885E-03   3.03199E-02  -2.66215E-01   1.11997E-02   2.82858E-02   6.91972E-02   1.27396E-01   1.84708E-01   1.53379E-02
    134000   5.06919E+02   3.75901E-02   1.73931E-02   7.31180E-03   3.18580E-02  -2.73350E-01   1.10475E-02   2.97840E-02   6.93828E-02   1.30235E-01   1.93836E-01   1.63010E-02
    135000   5.10702E+02   3.52567E-02   1.74931E-02   7.48852E-03   3.33211E-02  -2.82947E-01   1.08871E-02   3.12057E-02   7.20460E-02   1.35503E-01   2.02734E-01   1.46294E-02
    136000   5.14485E+02   3.49862E-02   1.30146E-02   7.58510E-03   3.57631E-02  -2.86862E-01   1.16586E-02   3.36330E-02   6.99249E-02   1.35956E-01   2.11288E-01   1.77181E-02
    137000   5.18268E+02   3.36401E-02   1.35864E-02   7.76190E-03   3.62218E-02  -2.96724E-01   1.05052E-02   3.40304E-02   7.25326E-02   1.40958E-01   2.19207E-01   1.42459E-02
    138000   5.22051E+02   3.14136E-02   1.14061E-02   7.85240E-03   3.82225E-02  -3.00751E-01   1.09202E-02   3.60022E-02   7.24888E-02   1.43230E-01   2.26971E-01   1.59628E-02
    139000   5.25834E+02   3.16139E-02   6.50211E-03   7.85776E-03   4.02394E-02  -3.05712E-01   1.14007E-02   3.80253E-02   6.95650E-02   1.42501E-01   2.34297E-01   1.61276E-02
    140000   5.29617E+02   2.86619E-02   7.93020E-03   7.91409E-03   4.07631E-02  -3.12032E-01   1.03294E-02   3.85205E-02   7.27874E-02   1.47801E-01   2.41131E-01   1.45405E-02
    141000   5.33400E+02   2.80257E-02   5.16435E-03   7.97961E-03   4.20619E-02  -3.17394E-01   9.97587E-03   3.97956E-02   7.16189E-02   1.48689E-01   2.47594E-01   1.31618E-02
    142000   5.37183E+02   2.65004E-02   7.77303E-04   7.98120E-03   4.45428E-02  -3.17742E-01   1.07743E-02   4.22788E-02   6.87204E-02   1.47559E-01   2.53526E-01   1.61148E-02
    143000   5.40966E+02   2.35367E-02   1.62098E-03   8.04058E-03   4.49367E-02  -3.24534E-01   9.40683E-03   4.26527E-02   7.08380E-02   1.51488E-01   2.59119E-01   1.18014E-02
    144000   5.44749E+02   2.34418E-02  -3.04645E-03   8.02135E-03   4.65558E-02  -3.24954E-01   9.24894E-03   4.42787E-02   6.74913E-02   1.49702E-01   2.64378E-01   1.33474E-02
    145000   5.48532E+02   1.98239E-02  -3.81698E-03   8.07845E-03   4.78632E-02  -3.28565E-01   8.88637E-03   4.55793E-02   6.79348E-02   1.51641E-01   2.69262E-01   1.11696E-02
    146000   5.52315E+02   1.87612E-02  -7.87810E-03   8.05327E-03   4.94088E-02  -3.27940E-01   8.96755E-03   4.71339E-02   6.48940E-02   1.49966E-01   2.73646E-01   1.26910E-02
    147000   5.56098E+02   1.67579E-02  -8.45000E-03   8.07158E-03   4.96417E-02  -3.31728E-01   7.74860E-03   4.73616E-02   6.51787E-02   1.51371E-01   2.77477E-01   9.16717E-03
    148000   5.59881E+02   1.39065E-02  -1.06461E-02   8.00058E-03   5.10938E-02  -3.30058E-01   7.99527E-03   4.88431E-02   6.37535E-02   1.51052E-01   2.80998E-01   1.10389E-02
    149000   5.63664E+02   1.34779E-02  -1.40778E-02   7.97693E-03   5.17842E-02  -3.31961E-01   7.59947E-03   4.95478E-02   6.10845E-02   1.49202E-01   2.84073E-01   8.65948E-03
    150000   5.67447E+02   1.03771E-02  -1.48197E-02   7.96472E-03   5.27230E-02  -3.30882E-01   7.65736E-03   5.04887E-02   6.09186E-02   1.49830E-01   2.86744E-01   9.56600E-03
    151000   5.71230E+02   9.69239E-03  -1.59039E-02   7.96822E-03   5.24672E-02  -3.33066E-01   6.74713E-03   5.02401E-02   6.05085E-02   1.50071E-01   2.89225E-01   6.93504E-03
    152000   5.75013E+02   8.24137E-03  -1.85465E-02   7.99519E-03   5.35277E-02  -3.31891E-01   7.19212E-03   5.12978E-02   5.84579E-02   1.48494E-01   2.91306E-01   7.59938E-03
    153000   5.78796E+02   6.50968E-03  -1.99763E-02   7.99829E-03   5.43252E-02  -3.31060E-01   7.55618E-03   5.20900E-02   5.74304E-02   1.47962E-01   2.93043E-01   8.16291E-03
    154000   5.82579E+02   6.45786E-03  -1.99439E-02   7.93120E-03   5.37651E-02  -3.34326E-01   6.39820E-03   5.15426E-02   5.78860E-02   1.48660E-01   2.94466E-01   4.59479E-03
    155000   5.86362E+02   5.14050E-03  -2.09826E-02   7.88876E-03   5.47128E-02  -3.33156E-01   6.78294E-03   5.25064E-02   5.71583E-02   1.48256E-01   2.95737E-01   6.02825E-03
    156000   5.90145E+02   5.12983E-03  -2.19257E-02   7.87895E-03   5.50802E-02  -3.34547E-01   6.50305E-03   5.28818E-02   5.66394E-02   1.47881E-01   2.96883E-01   4.92512E-03
    157000   5.93927E+02   4.75452E-03  -2.15943E-02   7.90754E-03   5.51194E-02  -3.36768E-01   5.86421E-03   5.29126E-02   5.73722E-02   1.48810E-01   2.98016E-01   3.18519E-03
    158000   5.97710E+02   4.56744E-03  -2.27182E-02   7.88216E-03   5.62143E-02  -3.36177E-01   6.15910E-03   5.40132E-02   5.64612E-02   1.48027E-01   2.98849E-01   4.69348E-03
    159000   6.01493E+02   4.85288E-03  -2.18401E-02   7.87487E-03   5.61170E-02  -3.40217E-01   5.14694E-03   5.39116E-02   5.76607E-02   1.49388E-01   2.99818E-01   1.67285E-03
    160000   6.05276E+02   4.77918E-03  -2.24349E-02   7.89634E-03   5.71259E-02  -3.40810E-01   5.25246E-03   5.49159E-02   5.74010E-02   1.49282E-01   3.00776E-01   2.47849E-03
    161000   6.09059E+02   5.31208E-03  -2.30725E-02   7.99628E-03   5.80219E-02  -3.42281E-01   5.10820E-03   5.57840E-02   5.70414E-02   1.49082E-01   3.01698E-01   2.54881E-03
    162000   6.12842E+02   5.27080E-03  -2.16758E-02   8.07272E-03   5.80858E-02  -3.46201E-01   4.15085E-03   5.58260E-02   5.88272E-02   1.51048E-01   3.02757E-01   1.27212E-04
    163000   6.16625E+02   5.68583E-03  -2.27994E-02   8.11011E-03   5.92530E-02  -3.46619E-01   4.24270E-03   5.69802E-02   5.79898E-02   1.50396E-01   3.03729E-01   1.21931E-03
    164000   6.20408E+02   5.85406E-03  -2.26960E-02   8.12866E-03   5.98116E-02  -3.50311E-01   3.82089E-03   5.75259E-02   5.83623E-02   1.51012E-01   3.04770E-01  -1.03660E-03
    165000   6.24191E+02   5.80146E-03  -2.26355E-02   8.10027E-03   6.04149E-02  -3.51499E-01   3.60014E-03   5.81204E-02   5.88918E-02   1.51784E-01   3.06027E-01  -5.85282E-04
    166000   6.27974E+02   6.09118E-03  -2.21298E-02   8.11468E-03   6.04803E-02  -3.55358E-01   2.92395E-03   5.81704E-02   5.97391E-02   1.52889E-01   3.07204E-01  -3.09868E-03
    167000   6.31757E+02   6.08416E-03  -2.36887E-02   8.14600E-03   6.16206E-02  -3.56099E-01   3.43876E-03   5.93048E-02   5.86392E-02   1.52064E-01   3.08533E-01  -2.42757E-03
    168000   6.35540E+02   6.11017E-03  -2.37913E-02   8.18630E-03   6.21314E-02  -3.58022E-01   3.33068E-03   5.98108E-02   5.89041E-02   1.52596E-01   3.09775E-01  -2.78582E-03
    169000   6.39323E+02   6.16432E-03  -2.23069E-02   8.24829E-03   6.16679E-02  -3.62183E-01   2.32369E-03   5.93377E-02   6.06972E-02   1.54718E-01   3.11033E-01  -5.63182E-03
    170000   6.43106E+02   6.14663E-03  -2.40985E-02   8.32977E-03   6.28440E-02  -3.62059E-01   2.99378E-03   6.05011E-02   5.93273E-02   1.53635E-01   3.12369E-01  -4.14632E-03
    171000   6.46889E+02   5.93950E-03  -2.49440E-02   8.42098E-03   6.34842E-02  -3.64148E-01   3.14222E-03   6.11233E-02   5.88519E-02   1.53501E-01   3.13711E-01  -5.17643E-03
    172000   6.50672E+02   5.86802E-03  -2.45095E-02   8.45020E-03   6.35088E-02  -3.66013E-01   2.56888E-03   6.11217E-02   5.96951E-02   1.54656E-01   3.15061E-01  -5.90240E-03
    173000   6.54455E+02   5.66171E-03  -2.44666E-02   8.43108E-03   6.36875E-02  -3.68655E-01   2.06336E-03   6.12873E-02   6.01476E-02   1.55443E-01   3.16426E-01  -7.68311E-03
    174000   6.58238E+02   5.32608E-03  -2.64693E-02   8.36013E-03   6.49696E-02  -3.68967E-01   2.58934E-03   6.25884E-02   5.85192E-02   1.54175E-01   3.17764E-01  -7.16836E-03
    175000   6.62021E+02   5.29760E-03  -2.63578E-02   8.35825E-03   6.51841E-02  -3.70596E-01   2.07875E-03   6.28045E-02   5.89380E-02   1.54969E-01   3.19025E-01  -7.74845E-03
    176000   6.65804E+02   5.16051E-03  -2.49379E-02   8.38931E-03   6.47632E-02  -3.74552E-01   8.43446E-04   6.23734E-02   6.06974E-02   1.57126E-01   3.20312E-01  -1.08000E-02
    177000   6.69587E+02   4.97364E-03  -2.67644E-02   8.37717E-03   6.59939E-02  -3.74147E-01   1.35991E-03   6.36113E-02   5.92082E-02   1.56025E-01   3.21551E-01  -9.41520E-03
    178000   6.73370E+02   5.00549E-03  -2.72250E-02   8.39354E-03   6.64002E-02  -3.77093E-01   9.68564E-04   6.40091E-02   5.90772E-02   1.56303E-01   3.22779E-01  -1.15556E-02
    179000   6.77153E+02   4.82712E-03  -2.66405E-02   8.42269E-03   6.64090E-02  -3.78458E-01   3.02152E-04   6.40049E-02   5.99646E-02   1.57586E-01   3.23941E-01  -1.20233E-02
    180000   6.80936E+02   4.69745E-03  -2.70689E-02   8.49001E-03   6.67190E-02  -3.81121E-01  -6.10025E-05   6.42998E-02   5.99847E-02   1.57989E-01   3.25218E-01  -1.40358E-02
    181000   6.84719E+02   4.53772E-03  -2.95304E-02   8.50668E-03   6.80706E-02  -3.79675E-01   7.01482E-04   6.56519E-02   5.78291E-02   1.56235E-01   3.26358E-01  -1.19561E-02
    182000   6.88502E+02   4.32135E-03  -2.80913E-02   8.59474E-03   6.74107E-02  -3.83683E-01  -4.13745E-04   6.49554E-02   5.95405E-02   1.58281E-01   3.27385E-01  -1.55265E-02
    183000   6.92285E+02   4.16053E-03  -2.86978E-02   8.61880E-03   6.78480E-02  -3.84336E-01  -5.34318E-04   6.53800E-02   5.92400E-02   1.58289E-01   3.28415E-01  -1.56125E-02
    184000   6.96068E+02   4.06249E-03  -3.02409E-02   8.60463E-03   6.87970E-02  -3.84834E-01  -7.27993E-05   6.63367E-02   5.79615E-02   1.57308E-01   3.29377E-01  -1.53714E-02
    185000   6.99851E+02   4.11993E-03  -2.99796E-02   8.63167E-03   6.88105E-02  -3.87118E-01  -7.56490E-04   6.63506E-02   5.86216E-02   1.58218E-01   3.30418E-01  -1.69655E-02
    186000   7.03634E+02   3.99110E-03  -2.95243E-02   8.59615E-03   6.89476E-02  -3.89073E-01  -1.32578E-03   6.65014E-02   5.93006E-02   1.59213E-01   3.31340E-01  -1.80902E-02
    187000   7.07417E+02   4.03316E-03  -3.04210E-02   8.55011E-03   6.96702E-02  -3.90437E-01  -1.35329E-03   6.72372E-02   5.86605E-02   1.58842E-01   3.32242E-01  -1.86985E-02
    188000   7.11200E+02   3.95600E-03  -3.07744E-02   8.51931E-03   7.02280E-02  -3.92348E-01  -1.67005E-03   6.77999E-02   5.84067E-02   1.58905E-01   3.33042E-01  -1.99941E-02
    189000   7.14983E+02   3.83040E-03  -3.07969E-02   8.49982E-03   7.04486E-02  -3.93571E-01  -2.25693E-03   6.80217E-02   5.88478E-02   1.59645E-01   3.34186E-01  -2.05867E-02
    190000   7.18766E+02   3.59500E-03  -3.04700E-02   8.56856E-03   7.05320E-02  -3.97010E-01  -3.09569E-03   6.80847E-02   5.93426E-02   1.60466E-01   3.35065E-01  -2.38315E-02
    191000   7.22549E+02   3.32252E-03  -3.31081E-02   8.60662E-03   7.20568E-02  -3.94905E-01  -2.28230E-03   6.96090E-02   5.69932E-02   1.58447E-01   3.36071E-01  -2.12927E-02
    192000   7.26332E+02   3.06934E-03  -3.22663E-02   8.67702E-03   7.16461E-02  -3.97932E-01  -3.30087E-03   6.91775E-02   5.82348E-02   1.59990E-01   3.37153E-01  -2.40994E-02
    193000   7.30115E+02   2.78817E-03  -3.24175E-02   8.67011E-03   7.17437E-02  -4.00111E-01  -3.74632E-03   6.92706E-02   5.83505E-02   1.60393E-01   3.38078E-01  -2.61387E-02
    194000   7.33898E+02   2.58811E-03  -3.49153E-02   8.64657E-03   7.30632E-02  -3.98163E-01  -2.71963E-03   7.06021E-02   5.61667E-02   1.58493E-01   3.39023E-01  -2.35845E-02
    195000   7.37681E+02   2.51099E-03  -3.29271E-02   8.68437E-03   7.19452E-02  -4.03004E-01  -4.22583E-03   6.94781E-02   5.84979E-02   1.61035E-01   3.39904E-01  -2.82641E-02
    196000   7.41464E+02   2.25715E-03  -3.40817E-02   8.70480E-03   7.26348E-02  -4.02544E-01  -3.75676E-03   7.01714E-02   5.75213E-02   1.60281E-01   3.40608E-01  -2.73454E-02
    197000   7.45247E+02   2.13733E-03  -3.53803E-02   8.72239E-03   7.31752E-02  -4.02822E-01  -3.53262E-03   7.07102E-02   5.65212E-02   1.59453E-01   3.41357E-01  -2.75300E-02
    198000   7.49030E+02   1.92590E-03  -3.43796E-02   8.72685E-03   7.27070E-02  -4.05585E-01  -4.34190E-03   7.02351E-02   5.77086E-02   1.60834E-01   3.42006E-01  -3.01401E-02
    199000   7.52813E+02   1.69366E-03  -3.53443E-02   8.72125E-03   7.32068E-02  -4.05455E-01  -4.23989E-03   7.07369E-02   5.70232E-02   1.60308E-01   3.42700E-01  -2.99090E-02
    200000   7.56596E+02   1.48729E-03  -3.60533E-02   8.72341E-03   7.35520E-02  -4.06835E-01  -4.43970E-03   7.10804E-02   5.66170E-02   1.60091E-01   3.43432E-01  -3.13282E-02
    201000   7.60379E+02   1.32150E-03  -3.58565E-02   8.69090E-03   7.36614E-02  -4.07911E-01  -4.77791E-03   7.12006E-02   5.67960E-02   1.60434E-01   3.43797E-01  -3.22263E-02
    202000   7.64161E+02   1.21648E-03  -3.61660E-02   8.68302E-03   7.38943E-02  -4.09554E-01  -5.25164E-03   7.14379E-02   5.68573E-02   1.60662E-01   3.44533E-01  -3.37836E-02
    203000   7.67944E+02   1.14752E-03  -3.66596E-02   8.67041E-03   7.42654E-02  -4.09811E-01  -5.32821E-03   7.18160E-02   5.65884E-02   1.60566E-01   3.45107E-01  -3.37281E-02
    204000   7.71727E+02   1.10764E-03  -3.64969E-02   8.68075E-03   7.43256E-02  -4.12062E-01  -5.86828E-03   7.18737E-02   5.69382E-02   1.61034E-01   3.45572E-01  -3.58746E-02
    205000   7.75510E+02   1.09856E-03  -3.72855E-02   8.64682E-03   7.48322E-02  -4.12207E-01  -5.78365E-03   7.23935E-02   5.63373E-02   1.60609E-01   3.46078E-01  -3.57064E-02
    206000   7.79293E+02   1.17004E-03  -3.68611E-02   8.70752E-03   7.47560E-02  -4.14619E-01  -6.27839E-03   7.23014E-02   5.69353E-02   1.61322E-01   3.46502E-01  -3.77852E-02
    207000   7.83076E+02   1.16550E-03  -3.73353E-02   8.77339E-03   7.51158E-02  -4.14733E-01  -6.32171E-03   7.26418E-02   5.67261E-02   1.61281E-01   3.47071E-01  -3.75113E-02
    208000   7.86859E+02   1.26396E-03  -3.73953E-02   8.80230E-03   7.51635E-02  -4.16853E-01  -6.52230E-03   7.26816E-02   5.68752E-02   1.61552E-01   3.47541E-01  -3.92837E-02
    209000   7.90642E+02   1.25143E-03  -3.78108E-02   8.80122E-03   7.54270E-02  -4.17441E-01  -6.48758E-03   7.29374E-02   5.66073E-02   1.61412E-01   3.47957E-01  -3.95937E-02
    210000   7.94425E+02   1.36076E-03  -3.80447E-02   8.83006E-03   7.55767E-02  -4.19276E-01  -6.45697E-03   7.30686E-02   5.66238E-02   1.61544E-01   3.48466E-01  -4.08824E-02
    211000   7.98208E+02   1.48630E-03  -3.76749E-02   8.81243E-03   7.54726E-02  -4.20026E-01  -6.70334E-03   7.29631E-02   5.71998E-02   1.62206E-01   3.48903E-01  -4.10518E-02
    212000   8.01991E+02   1.49531E-03  -3.69313E-02   8.78248E-03   7.51694E-02  -4.23663E-01  -7.20741E-03   7.26748E-02   5.80528E-02   1.63159E-01   3.49265E-01  -4.43666E-02
    213000   8.05774E+02   1.57952E-03  -3.95323E-02   8.74421E-03   7.66052E-02  -4.21023E-01  -5.96273E-03   7.41350E-02   5.56630E-02   1.60877E-01   3.49745E-01  -4.10588E-02
    214000   8.09557E+02   1.63138E-03  -3.71352E-02   8.79312E-03   7.54223E-02  -4.25902E-01  -7.43535E-03   7.29424E-02   5.82895E-02   1.63643E-01   3.50286E-01  -4.56127E-02
    215000   8.13340E+02   1.55889E-03  -3.71295E-02   8.76723E-03   7.55269E-02  -4.27303E-01  -7.61536E-03   7.30542E-02   5.84769E-02   1.63962E-01   3.50779E-01  -4.66553E-02
    216000   8.17123E+02   1.57509E-03  -4.05302E-02   8.74627E-03   7.72785E-02  -4.24743E-01  -6.13493E-03   7.48131E-02   5.53262E-02   1.60941E-01   3.51348E-01  -4.36712E-02
    217000   8.20906E+02   1.49706E-03  -3.79578E-02   8.83912E-03   7.60757E-02  -4.29798E-01  -7.71218E-03   7.35761E-02   5.80919E-02   1.63853E-01   3.51878E-01  -4.85167E-02
    218000   8.24689E+02   1.42192E-03  -3.82490E-02   8.89651E-03   7.63035E-02  -4.29561E-01  -7.71597E-03   7.37897E-02   5.80894E-02   1.63980E-01   3.52487E-01  -4.78270E-02
    219000   8.28472E+02   1.41408E-03  -4.04264E-02   8.91757E-03   7.72983E-02  -4.30088E-01  -6.98075E-03   7.47881E-02   5.61414E-02   1.62159E-01   3.53033E-01  -4.82594E-02
    220000   8.32255E+02   1.26009E-03  -4.03426E-02   8.92180E-03   7.73389E-02  -4.30259E-01  -7.04673E-03   7.48170E-02   5.63726E-02   1.62509E-01   3.53479E-01  -4.80919E-02
    221000   8.36038E+02   1.19001E-03  -3.85861E-02   8.91535E-03   7.63971E-02  -4.34193E-01  -8.13550E-03   7.38594E-02   5.83770E-02   1.64584E-01   3.53973E-01  -5.18921E-02
    222000   8.39821E+02   1.13063E-03  -4.08328E-02   8.79694E-03   7.74132E-02  -4.32744E-01  -7.23270E-03   7.49057E-02   5.63731E-02   1.62672E-01   3.54472E-01  -5.03009E-02
    223000   8.43604E+02   1.01137E-03  -4.11382E-02   8.77496E-03   7.75406E-02  -4.34475E-01  -7.14153E-03   7.50503E-02   5.61900E-02   1.62548E-01   3.54809E-01  -5.18842E-02
    224000   8.47387E+02   9.70018E-04  -4.01568E-02   8.80219E-03   7.70189E-02  -4.35270E-01  -7.80367E-03   7.45306E-02   5.74614E-02   1.63913E-01   3.55335E-01  -5.23942E-02
    225000   8.51170E+02   9.09788E-04  -4.00533E-02   8.87343E-03   7.68841E-02  -4.37781E-01  -7.91824E-03   7.43903E-02   5.77550E-02   1.64279E-01   3.55728E-01  -5.47242E-02
    226000   8.54953E+02   8.45118E-04  -4.24991E-02   8.87142E-03   7.81656E-02  -4.35414E-01  -6.77854E-03   7.56732E-02   5.53600E-02   1.61956E-01   3.55970E-01  -5.22027E-02
    227000   8.58736E+02   8.46310E-04  -4.06946E-02   8.91830E-03   7.71431E-02  -4.39558E-01  -7.76675E-03   7.46352E-02   5.74019E-02   1.64075E-01   3.56396E-01  -5.61424E-02
    228000   8.62519E+02   8.10975E-04  -4.04802E-02   8.91106E-03   7.71096E-02  -4.39430E-01  -7.91229E-03   7.45998E-02   5.78028E-02   1.64503E-01   3.56716E-01  -5.56955E-02
    229000   8.66302E+02   7.52958E-04  -4.19566E-02   8.94087E-03   7.77303E-02  -4.40671E-01  -7.34734E-03   7.52138E-02   5.66030E-02   1.63361E-01   3.57151E-01  -5.68569E-02
    230000   8.70085E+02   7.45661E-04  -4.27209E-02   8.89745E-03   7.81350E-02  -4.39309E-01  -6.97012E-03   7.56284E-02   5.59039E-02   1.62674E-01   3.57326E-01  -5.52994E-02
    231000   8.73868E+02   6.94658E-04  -4.05368E-02   8.90540E-03   7.69949E-02  -4.43954E-01  -8.24865E-03   7.44791E-02   5.83455E-02   1.65142E-01   3.57705E-01  -5.98606E-02
    232000   8.77651E+02   6.20949E-04  -4.27188E-02   8.85320E-03   7.81741E-02  -4.41709E-01  -7.06939E-03   7.56708E-02   5.62721E-02   1.63074E-01   3.57911E-01  -5.72945E-02
    233000   8.81434E+02   6.32245E-04  -4.29403E-02   8.83897E-03   7.82532E-02  -4.42990E-01  -7.18709E-03   7.57529E-02   5.62899E-02   1.63097E-01   3.58246E-01  -5.84860E-02
    234000   8.85217E+02   5.74769E-04  -4.11514E-02   8.83391E-03   7.73455E-02  -4.46260E-01  -8.11840E-03   7.48472E-02   5.82253E-02   1.65045E-01   3.58491E-01  -6.16175E-02
    235000   8.89000E+02   5.52450E-04  -4.29087E-02   8.85294E-03   7.82481E-02  -4.44584E-01  -7.27875E-03   7.57574E-02   5.67329E-02   1.63540E-01   3.58828E-01  -5.96339E-02
    236000   8.92783E+02   5.45981E-04  -4.29712E-02   8.91053E-03   7.82675E-02  -4.46384E-01  -7.27458E-03   7.57686E-02   5.67306E-02   1.63533E-01   3.58965E-01  -6.13505E-02
    237000   8.96566E+02   4.81371E-04  -4.23870E-02   8.92949E-03   7.79582E-02  -4.47076E-01  -7.55760E-03   7.54581E-02   5.75005E-02   1.64271E-01   3.59200E-01  -6.18820E-02
    238000   9.00349E+02   4.66950E-04  -4.27605E-02   8.96119E-03   7.81249E-02  -4.48067E-01  -7.42857E-03   7.56160E-02   5.72901E-02   1.64017E-01   3.59398E-01  -6.27753E-02
    239000   9.04132E+02   4.47634E-04  -4.40860E-02   8.93671E-03   7.87448E-02  -4.47427E-01  -6.76815E-03   7.62389E-02   5.62512E-02   1.62926E-01   3.59711E-01  -6.18835E-02
    240000   9.07915E+02   4.15102E-04  -4.30457E-02   8.91842E-03   7.82461E-02  -4.49796E-01  -7.33990E-03   7.57327E-02   5.74410E-02   1.64023E-01   3.59843E-01  -6.41907E-02
    241000   9.11698E+02   3.93497E-04  -4.36049E-02   8.86219E-03   7.85481E-02  -4.49852E-01  -7.02354E-03   7.60469E-02   5.71119E-02   1.63620E-01   3.60076E-01  -6.39640E-02
    242000   9.15481E+02   3.82136E-04  -4.38665E-02   8.87077E-03   7.87225E-02  -4.50266E-01  -6.92752E-03   7.62152E-02   5.69868E-02   1.63386E-01   3.60177E-01  -6.42860E-02
    243000   9.19264E+02   3.37829E-04  -4.37171E-02   8.91374E-03   7.87574E-02  -4.51744E-01  -6.99163E-03   7.62408E-02   5.72613E-02   1.63584E-01   3.60297E-01  -6.55772E-02
    244000   9.23047E+02   3.07133E-04  -4.40261E-02   8.92389E-03   7.89971E-02  -4.51087E-01  -6.74309E-03   7.64829E-02   5.70982E-02   1.63310E-01   3.60397E-01  -6.46682E-02
    245000   9.26830E+02   2.81461E-04  -4.34493E-02   8.97573E-03   7.86914E-02  -4.53696E-01  -7.14348E-03   7.61702E-02   5.78479E-02   1.63965E-01   3.60542E-01  -6.72956E-02
    246000   9.30612E+02   2.40396E-04  -4.50639E-02   8.93247E-03   7.95477E-02  -4.51733E-01  -6.18262E-03   7.70486E-02   5.64497E-02   1.62469E-01   3.60722E-01  -6.49685E-02
    247000   9.34395E+02   2.30271E-04  -4.36327E-02   8.92966E-03   7.88533E-02  -4.54668E-01  -6.98476E-03   7.63557E-02   5.80191E-02   1.63922E-01   3.60802E-01  -6.78975E-02
    248000   9.38178E+02   2.18835E-04  -4.35984E-02   8.87431E-03   7.88948E-02  -4.55516E-01  -6.87078E-03   7.64077E-02   5.81766E-02   1.63967E-01   3.60871E-01  -6.84877E-02
    249000   9.41961E+02   2.22162E-04  -4.46442E-02   8.83257E-03   7.94429E-02  -4.54637E-01  -6.36824E-03   7.69695E-02   5.73676E-02   1.63008E-01   3.61009E-01  -6.74494E-02
    250000   9.45744E+02   2.01511E-04  -4.38678E-02   8.85673E-03   7.90749E-02  -4.57309E-01  -6.75112E-03   7.66007E-02   5.83415E-02   1.63849E-01   3.61123E-01  -7.00028E-02
