 kstep wat e_n=0 e_n=00 e_n=0th e_dissp e_n=0-e_dissp e_n=0_free dssp_n=0 dssp_o_n=0 dssp_c_n=0 dssp_j_n=0 e_n=1 dssp_n=1 dssp_o_n=1 dssp_c_n=1 dssp_j_n=1 e_n=2 dssp_n=2 dssp_o_n=2 dssp_c_n=2 dssp_j_n=2
       0   0.00000E+00   0.00000E+00   0.00000E+00   0.00000E+00   0.00000E+00   0.00000E+00   0.00000E+00  -3.77560E-09   0.00000E+00   0.00000E+00  -3.77560E-09   3.04886E-12   9.72394E-11   0.00000E+00   0.00000E+00   9.72394E-11   6.38002E-44  -3.35708E-20   0.00000E+00   0.00000E+00  -3.35708E-20
    1000   3.78298E+00  -1.62420E-07  -1.61717E-07  -7.03767E-10  -7.68245E-08  -8.55959E-08   1.42523E-14  -2.06180E-09   2.66854E-15   2.31324E-20  -2.06180E-09   2.58670E-12   6.85895E-09   2.07644E-15   1.21148E-18   6.85895E-09   3.80045E-17  -4.63482E-12   2.57108E-15   1.73831E-22  -4.63739E-12
    2000   7.56596E+00  -7.55679E-08  -8.13883E-08   5.82039E-09  -1.55684E-07   8.01156E-08   1.65632E-14  -3.18797E-10   4.28333E-15   6.36606E-20  -3.18801E-10   2.19384E-12  -3.75285E-09   3.71373E-15   1.08130E-18  -3.75286E-09   1.20651E-16   1.90070E-11   4.53670E-15   3.60267E-22   1.90025E-11
    3000   1.13489E+01  -3.61370E-08  -3.93599E-08   3.22289E-09  -2.37949E-07   2.01812E-07   2.17400E-14  -1.96237E-09   5.50466E-15   6.65178E-20  -1.96238E-09   1.85275E-12  -1.58940E-09   4.53640E-15   5.69346E-19  -1.58940E-09   2.05156E-16   1.53930E-11   5.58771E-15   4.36416E-22   1.53874E-11
    4000   1.51319E+01   6.24254E-08   4.85240E-08   1.39014E-08  -3.21173E-07   3.83598E-07   1.42073E-14  -4.90913E-10   5.60864E-15   6.01898E-20  -4.90919E-10   1.70241E-12  -5.53551E-10   4.58622E-15   5.18999E-19  -5.53555E-10   3.04387E-16  -2.77896E-11   5.85534E-15   6.02474E-22  -2.77955E-11
    5000   1.89149E+01  -1.38122E-07  -1.33972E-07  -4.14983E-09  -4.05327E-07   2.67205E-07   2.76744E-14  -2.61088E-09   4.86426E-15   6.18916E-20  -2.61088E-09   1.64155E-12   1.76389E-09   3.87867E-15   3.31149E-19   1.76388E-09   4.02832E-16   1.56057E-10   4.97189E-15   7.99625E-22   1.56052E-10
    6000   2.26979E+01   2.45051E-08   3.01024E-08  -5.59728E-09  -4.92250E-07   5.16755E-07   1.44073E-14  -2.80267E-09   4.90558E-15   6.31528E-20  -2.80268E-09   1.52027E-12  -6.45074E-10   4.15632E-15   3.25532E-19  -6.45078E-10   5.11056E-16  -2.64901E-12   4.81949E-15   1.03580E-21  -2.65383E-12
    7000   2.64808E+01  -6.74109E-08  -6.33006E-08  -4.11032E-09  -5.79138E-07   5.11727E-07   2.01715E-14  -3.13483E-09   4.74949E-15   6.74506E-20  -3.13483E-09   1.49461E-12   3.98977E-09   3.94976E-15   3.01006E-19   3.98977E-09   6.08875E-16   4.61246E-12   4.67686E-15   1.36831E-21   4.60778E-12
    8000   3.02638E+01  -1.34823E-07  -1.44822E-07   9.99895E-09  -6.68007E-07   5.33184E-07   1.37509E-14  -3.02905E-09   4.80699E-15   6.72527E-20  -3.02906E-09   1.64922E-12  -1.08978E-08   4.13660E-15   2.97864E-19  -1.08978E-08   7.67351E-16  -1.55641E-10   4.78431E-15   1.76413E-21  -1.55646E-10
    9000   3.40468E+01  -3.05281E-07  -2.87096E-07  -1.81846E-08  -7.57101E-07   4.51820E-07   2.51416E-14  -2.71768E-09   4.83289E-15   6.57373E-20  -2.71768E-09   2.07026E-12  -3.14806E-09   4.08552E-15   2.78021E-19  -3.14806E-09   8.53962E-16   8.32887E-11   4.77896E-15   1.94938E-21   8.32840E-11
   10000   3.78298E+01   1.19502E-07   1.17830E-07   1.67220E-09  -8.48774E-07   9.68276E-07   2.21543E-14  -2.16472E-09   5.27214E-15   7.06085E-20  -2.16473E-09   2.51405E-12   1.13737E-08   4.39171E-15   3.12496E-19   1.13737E-08   1.00217E-15   9.92525E-11   5.10580E-15   2.32714E-21   9.92474E-11
   11000   4.16128E+01   7.64880E-08   5.02735E-08   2.62145E-08  -9.41653E-07   1.01814E-06   2.49643E-14  -1.55294E-09   5.66097E-15   6.82362E-20  -1.55295E-09   2.80247E-12   6.46004E-09   4.74182E-15   4.54356E-19   6.46004E-09   1.19269E-15   5.34509E-11   5.76827E-15   2.91055E-21   5.34451E-11
   12000   4.53957E+01  -1.79026E-07  -1.81190E-07   2.16300E-09  -1.03536E-06   8.56331E-07   2.47599E-14  -1.62727E-09   5.52157E-15   6.79785E-20  -1.62727E-09   3.28382E-12   3.56475E-09   4.84051E-15   4.72836E-19   3.56474E-09   1.43656E-15   4.47017E-11   5.97819E-15   3.51031E-21   4.46957E-11
   13000   4.91787E+01   7.52239E-09  -4.66902E-09   1.21914E-08  -1.13001E-06   1.13753E-06   1.40447E-14  -1.83257E-09   6.39298E-15   7.29023E-20  -1.83257E-09   4.02324E-12  -2.46192E-08   5.44004E-15   5.19317E-19  -2.46193E-08   1.64108E-15   1.32459E-10   6.28349E-15   4.24656E-21   1.32453E-10
   14000   5.29617E+01   2.24081E-08   1.73186E-08   5.08946E-09  -1.22633E-06   1.24874E-06   1.83049E-14  -4.96956E-09   6.62084E-15   7.49414E-20  -4.96956E-09   5.14383E-12   1.97369E-08   6.15583E-15   6.29930E-19   1.97369E-08   1.97436E-15   3.40251E-10   7.21561E-15   4.78182E-21   3.40243E-10
   15000   5.67447E+01   1.25201E-07   8.70362E-08   3.81643E-08  -1.32474E-06   1.44994E-06   2.38155E-14  -3.14626E-09   7.25965E-15   7.71856E-20  -3.14627E-09   6.61038E-12   2.65221E-08   6.14496E-15   8.20533E-19   2.65221E-08   2.36909E-15  -7.36097E-11   7.76482E-15   6.13027E-21  -7.36175E-11
   16000   6.05276E+01  -1.24945E-07  -1.12617E-07  -1.23280E-08  -1.42174E-06   1.29679E-06   1.62382E-14  -1.88974E-09   8.83482E-15   8.16129E-20  -1.88975E-09   8.14791E-12   1.87054E-08   7.17688E-15   1.00576E-18   1.87054E-08   2.75521E-15   6.39942E-11   9.19470E-15   8.12770E-21   6.39850E-11
   17000   6.43106E+01  -1.14575E-07  -1.05379E-07  -9.19659E-09  -1.52110E-06   1.40653E-06   2.30431E-14  -2.40483E-09   1.02016E-14   8.64317E-20  -2.40484E-09   1.01709E-11  -1.42236E-08   9.25143E-15   1.32064E-18  -1.42236E-08   3.22999E-15  -3.84450E-11   1.02039E-14   9.63555E-21  -3.84552E-11
   18000   6.80936E+01  -6.72641E-08  -1.05442E-07   3.81779E-08  -1.62057E-06   1.55331E-06   2.29566E-14  -5.49889E-10   1.20803E-14   9.44869E-20  -5.49901E-10   1.29855E-11  -1.32156E-08   1.03180E-14   1.63914E-18  -1.32156E-08   3.97496E-15   2.64152E-11   1.19049E-14   1.10877E-20   2.64033E-11
   19000   7.18766E+01  -2.81854E-07  -2.16400E-07  -6.54547E-08  -1.72074E-06   1.43888E-06   2.38674E-14  -1.57697E-09   1.43029E-14   9.33018E-20  -1.57698E-09   1.68572E-11  -1.97195E-08   1.21576E-14   2.20355E-18  -1.97195E-08   4.75695E-15   4.20229E-10   1.47122E-14   1.46482E-20   4.20214E-10
   20000   7.56596E+01   8.82176E-08   1.21353E-07  -3.31349E-08  -1.82091E-06   1.90913E-06   3.07853E-14  -2.22227E-09   1.75991E-14   1.06292E-19  -2.22228E-09   2.18822E-11   9.64725E-09   1.33431E-14   2.42279E-18   9.64723E-09   5.56415E-15  -2.32160E-10   1.82070E-14   1.89174E-20  -2.32179E-10
   21000   7.94425E+01   3.74869E-07   3.61338E-07   1.35315E-08  -1.92194E-06   2.29681E-06   2.71727E-14  -2.77704E-09   2.11062E-14   1.01598E-19  -2.77706E-09   2.76232E-11  -1.50361E-08   1.93628E-14   3.38303E-18  -1.50361E-08   6.81820E-15   1.74451E-10   2.02415E-14   2.19907E-20   1.74431E-10
   22000   8.32255E+01  -3.63976E-07  -3.23170E-07  -4.08059E-08  -2.02616E-06   1.66219E-06   3.28035E-14  -3.59656E-09   2.70849E-14   1.14798E-19  -3.59658E-09   3.48641E-11  -2.62327E-08   2.19104E-14   4.37342E-18  -2.62327E-08   9.07582E-15  -1.58695E-10   2.82094E-14   3.03919E-20  -1.58723E-10
   23000   8.70085E+01  -4.31960E-07  -4.52758E-07   2.07981E-08  -2.13430E-06   1.70234E-06   3.52863E-14  -3.37660E-09   3.12308E-14   1.15217E-19  -3.37664E-09   4.44186E-11   1.09970E-08   2.78817E-14   5.32390E-18   1.09970E-08   1.16404E-14  -1.06476E-09   3.32401E-14   3.54411E-20  -1.06480E-09
   24000   9.07915E+01   5.77346E-07   6.08320E-07  -3.09738E-08  -2.24071E-06   2.81806E-06   1.88108E-14  -1.65063E-09   4.06459E-14   1.19702E-19  -1.65067E-09   5.71039E-11  -2.91289E-08   3.43738E-14   6.67895E-18  -2.91289E-08   1.48233E-14   4.02669E-10   4.39104E-14   4.82364E-20   4.02625E-10
   25000   9.45744E+01  -4.34240E-07  -4.43001E-07   8.76129E-09  -2.33948E-06   1.90524E-06   2.09295E-14   3.28401E-10   5.09998E-14   1.30087E-19   3.28350E-10   7.32486E-11   2.30763E-08   4.35535E-14   8.50832E-18   2.30763E-08   1.99384E-14  -2.82172E-10   5.00511E-14   5.57465E-20  -2.82222E-10
   26000   9.83574E+01  -3.56144E-07  -3.24635E-07  -3.15084E-08  -2.44766E-06   2.09152E-06   1.80925E-14  -3.49153E-09   7.13140E-14   1.43928E-19  -3.49160E-09   9.27846E-11  -1.00430E-08   5.56555E-14   1.12119E-17  -1.00430E-08   2.58006E-14   4.93708E-10   6.69841E-14   7.76987E-20   4.93641E-10
   27000   1.02140E+02   1.49539E-07   1.86400E-07  -3.68610E-08  -2.55611E-06   2.70565E-06   1.83339E-14  -2.08904E-09   8.06000E-14   1.58160E-19  -2.08912E-09   1.17430E-10   1.06999E-07   7.01117E-14   1.42479E-17   1.06999E-07   3.11819E-14  -1.19982E-11   8.29651E-14   9.78539E-20  -1.20812E-11
   28000   1.05923E+02   1.45160E-08  -2.95617E-08   4.40777E-08  -2.66191E-06   2.67643E-06   2.89358E-14  -6.30119E-11   1.04286E-13   1.71545E-19  -6.31162E-11   1.49819E-10  -2.31476E-08   9.03024E-14   1.83127E-17  -2.31477E-08   3.73943E-14   6.77031E-10   1.06278E-13   1.24861E-19   6.76925E-10
   29000   1.09706E+02  -4.77115E-07  -4.68336E-07  -8.77914E-09  -2.77188E-06   2.29477E-06   2.33773E-14  -3.08758E-09   1.30680E-13   1.79190E-19  -3.08771E-09   1.92323E-10  -9.53087E-08   1.05117E-13   2.22221E-17  -9.53088E-08   4.58042E-14  -4.42424E-11   1.42990E-13   1.64574E-19  -4.43854E-11
   30000   1.13489E+02  -1.31661E-07  -9.23697E-08  -3.92912E-08  -2.87801E-06   2.74635E-06   2.41229E-13  -7.59730E-10   1.56665E-13   2.11349E-19  -7.59886E-10   2.45817E-10  -6.14951E-08   1.63126E-13   3.15204E-17  -6.14953E-08   5.84155E-14   2.65711E-09   1.74453E-13   1.94033E-19   2.65694E-09
   31000   1.17272E+02   2.68229E-07   1.91652E-07   7.65776E-08  -2.99006E-06   3.25829E-06   2.52315E-13  -2.33184E-09   2.25682E-13   2.36208E-19  -2.33207E-09   3.12644E-10   1.62747E-09   1.76917E-13   3.75886E-17   1.62729E-09   7.30241E-14   5.75973E-10   2.29022E-13   2.83438E-19   5.75744E-10
   32000   1.21055E+02   2.86194E-07   1.76904E-07   1.09290E-07  -3.11369E-06   3.39988E-06   2.70092E-14  -3.61804E-09   2.88698E-13   2.84239E-19  -3.61833E-09   3.95748E-10   9.38096E-08   2.37146E-13   4.73945E-17   9.38094E-08   9.26533E-14   9.57350E-10   2.64027E-13   3.57033E-19   9.57086E-10
   33000   1.24838E+02   1.74021E-07   1.47076E-07   2.69455E-08  -3.20826E-06   3.38228E-06   2.30381E-14  -2.50155E-09   3.36553E-13   2.95554E-19  -2.50188E-09   5.02010E-10   2.34883E-07   3.13889E-13   6.33712E-17   2.34883E-07   1.14892E-13  -1.02926E-09   3.29347E-13   3.87907E-19  -1.02959E-09
   34000   1.28621E+02   3.98086E-07   2.44789E-07   1.53297E-07  -3.33543E-06   3.73352E-06   3.00299E-14  -2.90154E-09   4.53705E-13   3.64892E-19  -2.90199E-09   6.41014E-10  -4.95451E-09   3.57072E-13   7.28970E-17  -4.95486E-09   1.41151E-13   2.43833E-09   4.21743E-13   5.42965E-19   2.43791E-09
   35000   1.32404E+02   1.73806E-07   6.20025E-08   1.11803E-07  -3.46196E-06   3.63576E-06   2.36050E-14  -1.71367E-09   5.56531E-13   4.47475E-19  -1.71423E-09   8.18102E-10   2.39258E-07   4.56837E-13   9.98195E-17   2.39258E-07   1.81814E-13   1.38660E-09   5.83523E-13   6.45289E-19   1.38602E-09
   36000   1.36187E+02  -3.10786E-07  -2.87039E-07  -2.37471E-08  -3.56487E-06   3.25408E-06   4.29132E-14  -2.26679E-09   7.15731E-13   5.28910E-19  -2.26750E-09   1.03795E-09  -3.02410E-07   6.25592E-13   1.25050E-16  -3.02411E-07   2.30565E-13  -4.39644E-09   7.80923E-13   8.66325E-19  -4.39722E-09
   37000   1.39970E+02   1.79132E-07   7.73791E-08   1.01753E-07  -3.69677E-06   3.87590E-06   7.00479E-14  -4.35923E-09   9.11961E-13   6.38079E-19  -4.36014E-09   1.31522E-09  -2.47233E-07   7.47765E-13   1.60159E-16  -2.47234E-07   2.78808E-13   1.16589E-09   9.48723E-13   1.10947E-18   1.16495E-09
   38000   1.43753E+02  -3.76024E-07  -4.76277E-07   1.00253E-07  -3.80126E-06   3.42524E-06   4.65225E-14  -4.32638E-09   1.14920E-12   7.75175E-19  -4.32753E-09   1.67872E-09  -2.12242E-07   9.76907E-13   2.00457E-16  -2.12243E-07   3.60914E-13  -1.41242E-09   1.11834E-12   1.35078E-18  -1.41354E-09
   39000   1.47536E+02  -4.45725E-08  -1.36180E-07   9.16078E-08  -3.89725E-06   3.85268E-06   7.69108E-14  -2.72288E-09   1.48338E-12   9.70632E-19  -2.72437E-09   2.13776E-09   6.37006E-07   1.22371E-12   2.57677E-16   6.37005E-07   4.86353E-13  -2.75394E-09   1.56161E-12   1.82186E-18  -2.75550E-09
   40000   1.51319E+02   2.68213E-07   2.42779E-07   2.54342E-08  -4.04127E-06   4.30948E-06   5.78974E-14  -1.32785E-08   1.96498E-12   1.32375E-18  -1.32805E-08   2.72763E-09   2.82945E-07   1.50796E-12   3.34639E-16   2.82944E-07   6.11150E-13  -2.42242E-09   1.94589E-12   2.29828E-18  -2.42437E-09
   41000   1.55102E+02  -5.20147E-08  -1.33760E-07   8.17450E-08  -4.14997E-06   4.09796E-06   5.99786E-14   6.47538E-10   2.40099E-12   1.39906E-18   6.45137E-10   3.47908E-09  -1.62873E-09   1.91426E-12   3.98727E-16  -1.63064E-09   8.31255E-13  -6.33835E-09   2.37379E-12   2.91547E-18  -6.34073E-09
   42000   1.58885E+02  -1.56071E-06  -1.59591E-06   3.52003E-08  -4.23303E-06   2.67232E-06   6.86711E-14  -2.52550E-09   3.10561E-12   1.89690E-18  -2.52860E-09   4.41813E-09  -2.58257E-07   2.38033E-12   5.22049E-16  -2.58259E-07   1.09614E-12   2.40188E-09   3.15259E-12   3.79073E-18   2.39873E-09
   43000   1.62668E+02  -1.56425E-06  -1.71939E-06   1.55133E-07  -4.38159E-06   2.81734E-06   1.08949E-13  -4.68689E-09   3.84321E-12   2.24063E-18  -4.69073E-09   5.62461E-09  -2.75073E-07   3.10608E-12   6.66065E-16  -2.75076E-07   1.37417E-12  -5.33718E-09   3.85608E-12   4.84926E-18  -5.34103E-09
   44000   1.66451E+02  -1.06782E-06  -1.18234E-06   1.14523E-07  -4.47471E-06   3.40689E-06   8.75927E-14  -2.61694E-09   4.89352E-12   3.01178E-18  -2.62183E-09   7.17868E-09   7.49967E-07   4.50743E-12   9.06777E-16   7.49963E-07   1.75249E-12   7.30131E-09   4.77276E-12   6.00495E-18   7.29654E-09
   45000   1.70234E+02   5.99715E-07   4.10721E-07   1.88994E-07  -4.57733E-06   5.17704E-06   2.36814E-13  -3.19288E-09   6.53124E-12   3.78067E-18  -3.19941E-09   9.14750E-09  -4.83867E-07   5.26791E-12   1.16321E-15  -4.83872E-07   2.16708E-12   5.26035E-09   6.54800E-12   7.70547E-18   5.25380E-09
   46000   1.74017E+02  -4.64127E-07  -4.48005E-07  -1.61223E-08  -4.61807E-06   4.15395E-06   2.11825E-13  -1.32363E-08   8.56510E-12   4.82663E-18  -1.32449E-08   1.16827E-08  -8.37107E-07   6.81098E-12   1.46908E-15  -8.37114E-07   2.91034E-12   8.50374E-11   8.32483E-12   1.08582E-17   7.67125E-11
   47000   1.77800E+02   1.64276E-06   1.81900E-06  -1.76245E-07  -4.80941E-06   6.45216E-06   2.03675E-13   1.02716E-08   1.00375E-11   5.72158E-18   1.02616E-08   1.48692E-08  -1.02870E-06   8.49947E-12   1.81551E-15  -1.02871E-06   3.59262E-12   3.37836E-09   1.06141E-11   1.21523E-17   3.36774E-09
   48000   1.81583E+02   2.61004E-06   2.43317E-06   1.76873E-07  -4.95705E-06   7.56709E-06   4.64532E-13  -1.51855E-09   1.31064E-11   8.14579E-18  -1.53166E-09   1.89235E-08  -1.16734E-06   9.97584E-12   2.06196E-15  -1.16735E-06   4.79747E-12  -6.14115E-09   1.25808E-11   1.57403E-17  -6.15373E-09
   49000   1.85366E+02   2.66258E-06   2.50850E-06   1.54082E-07  -5.14193E-06   7.80451E-06   2.63029E-13  -6.12147E-10   1.43010E-11   8.13066E-18  -6.26448E-10   2.41422E-08   4.43077E-07   1.49603E-11   3.21734E-15   4.43062E-07   6.08315E-12  -8.24053E-09   1.58423E-11   1.83368E-17  -8.25637E-09
   50000   1.89149E+02  -4.49288E-06  -4.77949E-06   2.86617E-07  -5.28161E-06   7.88736E-07   4.46191E-13  -1.79730E-08   2.05455E-11   1.11983E-17  -1.79936E-08   3.06885E-08   1.82122E-06   1.81271E-11   3.78217E-15   1.82121E-06   7.54956E-12  -1.08201E-09   2.34615E-11   2.84728E-17  -1.10547E-09
   51000   1.92932E+02  -4.73063E-07  -6.16522E-07   1.43458E-07  -5.41352E-06   4.94045E-06   5.41497E-13  -2.69243E-08   2.75413E-11   1.47808E-17  -2.69519E-08   3.91446E-08  -5.59708E-07   2.61108E-11   4.98632E-15  -5.59734E-07   9.52295E-12   1.22796E-08   2.84014E-11   3.04844E-17   1.22512E-08
   52000   1.96715E+02  -1.63187E-06  -1.99466E-06   3.62789E-07  -5.55780E-06   3.92593E-06   5.35556E-13   1.84211E-08   3.49106E-11   1.85254E-17   1.83862E-08   4.98068E-08  -7.95946E-07   2.81907E-11   5.32350E-15  -7.95975E-07   1.23253E-11  -8.64758E-09   3.68616E-11   3.94611E-17  -8.68444E-09
   53000   2.00498E+02  -2.14447E-06  -2.11536E-06  -2.91102E-08  -5.71683E-06   3.57236E-06   5.41296E-13  -2.59822E-08   4.38889E-11   2.43541E-17  -2.60261E-08   6.33613E-08   1.10578E-06   3.46180E-11   6.99524E-15   1.10575E-06   1.60626E-11  -1.06420E-08   4.35309E-11   5.27676E-17  -1.06855E-08
   54000   2.04281E+02   3.18485E-06   2.94112E-06   2.43722E-07  -5.77692E-06   8.96176E-06   1.83332E-12  -2.39197E-08   5.48290E-11   3.05036E-17  -2.39745E-08   8.07388E-08  -2.99398E-06   4.58815E-11   9.21917E-15  -2.99403E-06   2.02523E-11   5.08348E-08   5.45493E-11   6.27572E-17   5.07803E-08
   55000   2.08064E+02  -2.43558E-06  -2.36712E-06  -6.84571E-08  -5.79475E-06   3.35917E-06   2.76485E-13   2.94753E-10   7.87433E-11   4.53148E-17   2.16010E-10   1.02794E-07   8.72032E-07   5.74170E-11   1.21998E-14   8.71974E-07   2.51805E-11   7.35028E-09   7.46383E-11   8.51548E-17   7.27564E-09
   56000   2.11847E+02   2.52350E-06   2.81173E-06  -2.88231E-07  -5.96146E-06   8.48496E-06   2.01260E-12   1.44308E-08   9.14906E-11   4.80681E-17   1.43393E-08   1.30449E-07   4.15817E-06   7.21167E-11   1.45865E-14   4.15810E-06   3.25261E-11   3.60492E-08   9.42710E-11   1.05817E-16   3.59550E-08
   57000   2.15630E+02  -5.67938E-06  -5.45008E-06  -2.29308E-07  -6.01035E-06   3.30968E-07   4.36150E-12   1.63284E-08   1.13786E-10   5.64832E-17   1.62146E-08   1.65930E-07  -1.73742E-06   9.95118E-11   1.97478E-14  -1.73751E-06   4.31369E-11   1.59301E-09   1.10592E-10   1.29952E-16   1.48242E-09
   58000   2.19413E+02  -2.09887E-06  -2.14474E-06   4.58599E-08  -6.19841E-06   4.09954E-06   4.52801E-12  -2.06474E-08   1.45745E-10   8.43041E-17  -2.07932E-08   2.10902E-07   3.88874E-07   1.19003E-10   2.55452E-14   3.88755E-07   5.41181E-11   3.58135E-08   1.49406E-10   1.62522E-16   3.56641E-08
   59000   2.23196E+02   6.03911E-06   6.28764E-06  -2.48536E-07  -6.23378E-06   1.22729E-05   4.82412E-12   5.49106E-09   1.79040E-10   1.04496E-16   5.31201E-09   2.68597E-07  -4.82599E-06   1.56603E-10   3.28700E-14  -4.82615E-06   6.47051E-11  -4.48798E-08   1.95756E-10   2.41127E-16  -4.50755E-08
   60000   2.26979E+02   1.60037E-05   1.61669E-05  -1.63228E-07  -6.24516E-06   2.22489E-05   4.53662E-12  -2.27278E-09   2.37416E-10   1.27097E-16  -2.51019E-09   3.42010E-07   2.66997E-06   1.91926E-10   4.20352E-14   2.66978E-06   8.57812E-11  -2.50803E-08   2.39432E-10   2.81891E-16  -2.53197E-08
   61000   2.30762E+02   6.33045E-06   6.70949E-06  -3.79083E-07  -6.81347E-06   1.31439E-05   4.19733E-11   6.86590E-09   2.82049E-10   1.47953E-16   6.58385E-09   4.36452E-07   2.94018E-06   2.88982E-10   5.91407E-14   2.93989E-06   1.02583E-10  -6.47159E-09   2.94492E-10   3.47574E-16  -6.76608E-09
   62000   2.34545E+02   9.92280E-06   1.10765E-05  -1.15367E-06  -6.78640E-06   1.67092E-05   1.26033E-11   2.10600E-08   3.97911E-10   2.32498E-16   2.06621E-08   5.54742E-07  -4.98576E-06   2.98860E-10   6.23223E-14  -4.98606E-06   1.30747E-10   3.05966E-09   3.89452E-10   4.60361E-16   2.67021E-09
   63000   2.38328E+02   6.95505E-07   8.96929E-07  -2.01444E-07  -6.80228E-06   7.49779E-06   1.98627E-11   6.82206E-08   5.04964E-10   2.59766E-16   6.77156E-08   7.07715E-07  -1.15044E-05   4.06125E-10   8.16675E-14  -1.15048E-05   1.66841E-10  -2.10177E-08   5.05020E-10   6.10722E-16  -2.15227E-08
   64000   2.42111E+02   6.84460E-06   6.18863E-06   6.55960E-07  -7.27481E-06   1.41194E-05   7.61482E-12   4.56794E-08   6.51500E-10   3.57409E-16   4.50279E-08   9.03462E-07  -3.35591E-06   4.92690E-10   1.03692E-13  -3.35640E-06   2.07508E-10  -1.20733E-07   6.13427E-10   7.33086E-16  -1.21347E-07
   65000   2.45894E+02  -6.40797E-06  -5.54263E-06  -8.65353E-07  -7.08474E-06   6.76766E-07   1.43641E-11   4.17425E-08   7.91603E-10   4.16593E-16   4.09509E-08   1.14886E-06  -4.96694E-06   6.23700E-10   1.25929E-13  -4.96756E-06   2.60586E-10   6.70156E-09   8.36322E-10   9.47621E-16   5.86524E-09
   66000   2.49677E+02   3.77752E-05   3.85816E-05  -8.06486E-07  -6.70874E-06   4.44839E-05   2.87523E-11   1.33169E-07   1.03498E-09   5.54483E-16   1.32134E-07   1.47085E-06   6.22038E-06   7.89649E-10   1.74326E-13   6.21959E-06   3.63123E-10   1.47371E-07   1.01016E-09   1.19312E-15   1.46361E-07
   67000   2.53460E+02  -2.82099E-06  -2.93931E-06   1.18310E-07  -7.00007E-06   4.17908E-06   1.22387E-11  -2.98911E-08   1.36201E-09   6.91405E-16  -3.12531E-08   1.87104E-06   1.09453E-05   9.72234E-10   2.08954E-13   1.09443E-05   4.54525E-10   8.86356E-08   1.28553E-09   1.52907E-15   8.73501E-08
   68000   2.57242E+02  -1.38940E-05  -1.33325E-05  -5.61488E-07  -6.51847E-06  -7.37555E-06   1.78897E-11  -6.09443E-08   1.62079E-09   8.72521E-16  -6.25651E-08   2.38486E-06  -7.19703E-06   1.30441E-09   2.83258E-13  -7.19833E-06   5.74105E-10   5.22808E-08   1.66249E-09   2.09423E-15   5.06183E-08
   69000   2.61025E+02  -7.63147E-05  -7.75073E-05   1.19249E-06  -7.13047E-06  -6.91842E-05   7.33397E-11  -9.00700E-08   2.05923E-09   1.13676E-15  -9.21292E-08   3.03183E-06   3.33531E-06   1.67688E-09   3.84296E-13   3.33363E-06   6.97761E-10  -2.41270E-08   1.96022E-09   2.50069E-15  -2.60873E-08
   70000   2.64808E+02   3.65569E-06   1.79122E-06   1.86442E-06  -7.49477E-06   1.11505E-05   4.82938E-11   1.77545E-07   2.64549E-09   1.32168E-15   1.74899E-07   3.86702E-06  -6.40229E-07   2.16882E-09   4.50999E-13  -6.42399E-07   8.46409E-10  -7.21491E-08   2.85659E-09   3.29279E-15  -7.50057E-08
   71000   2.68591E+02  -4.89394E-06  -5.17576E-06   2.81751E-07  -7.36044E-06   2.46649E-06   6.94375E-11   7.44577E-08   3.30482E-09   1.74779E-15   7.11529E-08   4.91972E-06  -3.86988E-06   2.64292E-09   5.62973E-13  -3.87252E-06   1.15153E-09   6.46155E-08   3.37528E-09   4.24289E-15   6.12402E-08
   72000   2.72374E+02   5.38653E-05   5.24747E-05   1.39057E-06  -8.03855E-06   6.19038E-05   4.59155E-11   8.52876E-08   4.59855E-09   2.32041E-15   8.06890E-08   6.26765E-06  -9.44377E-06   3.76070E-09   7.37828E-13  -9.44753E-06   1.60424E-09  -7.12939E-08   4.46814E-09   5.21539E-15  -7.57620E-08
   73000   2.76157E+02  -4.50878E-05  -5.07348E-05   5.64677E-06  -9.24393E-06  -3.58439E-05   1.48671E-10   1.94865E-08   5.51343E-09   3.07396E-15   1.39731E-08   7.99866E-06   3.23343E-05   4.43411E-09   9.01975E-13   3.23299E-05   2.01346E-09   9.98814E-08   5.84584E-09   6.71837E-15   9.40355E-08
   74000   2.79940E+02  -3.01301E-05  -3.66554E-05   6.52509E-06  -9.52352E-06  -2.06066E-05   2.42549E-10  -8.51685E-08   7.60361E-09   3.88953E-15  -9.27722E-08   1.01935E-05   2.71178E-06   6.06999E-09   1.27330E-12   2.70571E-06   2.55833E-09  -1.33066E-07   7.94770E-09   9.21674E-15  -1.41014E-07
   75000   2.83723E+02  -1.02132E-04  -1.00652E-04  -1.47961E-06  -9.00028E-06  -9.31315E-05   3.02031E-10  -6.03042E-08   8.56897E-09   4.78164E-15  -6.88732E-08   1.29910E-05   1.53005E-05   7.66542E-09   1.68768E-12   1.52929E-05   3.23015E-09   1.57959E-07   9.21183E-09   1.07517E-14   1.48747E-07
   76000   2.87506E+02  -2.85541E-05  -2.97282E-05   1.17375E-06  -9.19560E-06  -1.93585E-05   3.79664E-10   2.01897E-07   1.09356E-08   6.19831E-15   1.90962E-07   1.65452E-05  -1.94585E-05   9.91898E-09   2.07079E-12  -1.94684E-05   3.92739E-09   1.64880E-07   1.18983E-08   1.40698E-14   1.52981E-07
   77000   2.91289E+02  -1.09824E-04  -1.07302E-04  -2.52323E-06  -8.01428E-06  -1.01810E-04   7.70585E-10  -5.34338E-08   1.52613E-08   7.99559E-15  -6.86951E-08   2.10626E-05   9.63900E-06   1.22140E-08   2.62660E-12   9.62678E-06   5.33729E-09  -1.39999E-07   1.50862E-08   1.83036E-14  -1.55085E-07
   78000   2.95072E+02  -2.24223E-05  -2.00559E-05  -2.36736E-06  -6.09598E-06  -1.63264E-05   9.22581E-10   5.04029E-07   1.83562E-08   1.01345E-14   4.85673E-07   2.68509E-05   8.63627E-05   1.57859E-08   3.23911E-12   8.63469E-05   7.40053E-09   4.94324E-08   1.87964E-08   2.44975E-14   3.06359E-08
   79000   2.98855E+02  -9.91382E-05  -8.98920E-05  -9.24759E-06  -6.23294E-06  -9.29053E-05   1.40606E-09   6.35748E-07   2.22847E-08   1.35012E-14   6.13464E-07   3.42058E-05  -1.47850E-05   1.83756E-08   3.71501E-12  -1.48034E-05   9.45348E-09   5.02948E-07   2.33794E-08   2.88667E-14   4.79569E-07
   80000   3.02638E+02  -2.90054E-05  -2.67974E-05  -2.20890E-06  -6.01630E-06  -2.29891E-05   9.02660E-10  -1.92086E-07   3.25296E-08   1.79534E-14  -2.24616E-07   4.35621E-05  -5.01317E-07   2.48795E-08   4.83459E-12  -5.26202E-07   1.32222E-08   3.47022E-07   2.93534E-08   3.78625E-14   3.17669E-07
   81000   3.06421E+02   4.40622E-05   5.32052E-05  -9.14424E-06  -8.70005E-07   4.49322E-05   1.28229E-09   5.46731E-07   3.91275E-08   2.09220E-14   5.07603E-07   5.55479E-05  -2.52240E-05   3.09987E-08   6.64104E-12  -2.52550E-05   1.89114E-08  -1.15516E-07   3.81627E-08   4.87398E-14  -1.53679E-07
   82000   3.10204E+02   6.62292E-05   6.48087E-05   1.41724E-06  -8.58728E-07   6.70879E-05   3.21641E-09  -7.49950E-07   4.78022E-08   2.84306E-14  -7.97753E-07   7.05654E-05  -9.87487E-06   4.07983E-08   8.15989E-12  -9.91568E-06   2.42625E-08   5.29568E-08   5.03807E-08   6.19810E-14   2.57611E-09
   83000   3.13987E+02   2.83549E-04   2.82012E-04   1.53180E-06  -1.82811E-06   2.85378E-04   5.38786E-09   1.75153E-06   6.29052E-08   3.94877E-14   1.68863E-06   8.97457E-05   5.91480E-05   5.11092E-08   1.02812E-11   5.90969E-05   3.23647E-08   7.30256E-07   6.66831E-08   7.62958E-14   6.63572E-07
   84000   3.17770E+02  -6.29066E-05  -6.88407E-05   5.92454E-06  -9.79938E-07  -6.19266E-05   9.62982E-09  -5.19335E-07   8.29244E-08   4.42003E-14  -6.02259E-07   1.13898E-04  -4.66141E-05   6.22837E-08   1.33852E-11  -4.66764E-05   4.31954E-08  -5.23031E-07   7.75936E-08   9.66687E-14  -6.00624E-07
   85000   3.21553E+02   1.95588E-04   2.03724E-04  -8.14900E-06  -1.09980E-06   1.96688E-04   1.33168E-08   1.44632E-06   1.02672E-07   6.57392E-14   1.34365E-06   1.44585E-04   5.81252E-05   8.05933E-08   1.67824E-11   5.80446E-05   6.44778E-08  -2.98651E-07   1.03758E-07   1.25515E-13  -4.02409E-07
   86000   3.25336E+02  -1.17546E-04  -1.01994E-04  -1.55760E-05  -2.63612E-06  -1.14910E-04   2.42773E-08   8.87941E-07   1.26894E-07   7.74937E-14   7.61047E-07   1.83856E-04  -3.34121E-05   1.03998E-07   2.20020E-11  -3.35161E-05   9.23360E-08  -3.54623E-07   1.17391E-07   1.66570E-13  -4.72014E-07
   87000   3.29119E+02  -2.89226E-04  -2.72895E-04  -1.63482E-05   4.03925E-06  -2.93265E-04   1.69741E-08   1.14396E-07   1.50777E-07   1.03984E-13  -3.63814E-08   2.33376E-04   9.34139E-05   1.28357E-07   2.72059E-11   9.32855E-05   1.34228E-07  -4.16378E-07   1.65196E-07   1.95028E-13  -5.81574E-07
   88000   3.32902E+02  -6.48128E-04  -6.35094E-04  -1.30667E-05   3.63316E-06  -6.51761E-04   3.26005E-08  -7.12573E-07   1.94646E-07   1.24907E-13  -9.07219E-07   2.96020E-04  -3.05344E-05   1.73247E-07   3.74454E-11  -3.07077E-05   1.96688E-07  -1.70904E-07   2.15191E-07   2.45296E-13  -3.86096E-07
   89000   3.36685E+02  -3.04210E-04  -2.84576E-04  -1.96759E-05   9.00323E-06  -3.13214E-04   4.18467E-08   1.99590E-06   2.44726E-07   1.77274E-13   1.75117E-06   3.76736E-04   7.52446E-05   2.35088E-07   4.67526E-11   7.50094E-05   2.92639E-07  -1.30413E-07   2.50861E-07   3.43010E-13  -3.81274E-07
   90000   3.40468E+02   1.48521E-04   1.71740E-04  -2.33212E-05   1.01680E-05   1.38353E-04   1.02079E-07   1.17400E-06   3.17409E-07   2.03796E-13   8.56594E-07   4.77451E-04  -4.34256E-05   2.93252E-07   5.80767E-11  -4.37189E-05   4.31767E-07  -1.66332E-06   3.21712E-07   4.07131E-13  -1.98503E-06
   91000   3.44251E+02   1.45815E-04   1.31261E-04   1.36602E-05   2.94104E-05   1.16405E-04   8.93368E-07   4.58060E-06   3.98901E-07   3.22345E-13   4.18170E-06   6.05985E-04   4.33371E-05   3.82379E-07   7.85873E-11   4.29546E-05   6.66979E-07   4.25181E-07   4.28835E-07   5.67954E-13  -3.65411E-09
   92000   3.48034E+02   3.10123E-04   2.70327E-04   3.96072E-05   4.84038E-05   2.61720E-04   1.89114E-07   3.02898E-07   4.96978E-07   4.51670E-13  -1.94080E-07   7.68762E-04  -7.83128E-05   4.51205E-07   9.32707E-11  -7.87641E-05   1.00108E-06  -2.79917E-06   5.11368E-07   7.20507E-13  -3.31054E-06
   93000   3.51817E+02   4.30379E-04   3.96729E-04   3.33562E-05   6.98717E-05   3.60507E-04   2.93857E-07   2.16713E-06   6.86723E-07   5.64214E-13   1.48041E-06   9.70500E-04  -1.92069E-04   5.93876E-07   1.23405E-10  -1.92663E-04   1.49668E-06  -2.40461E-06   6.66456E-07   9.63542E-13  -3.07107E-06
   94000   3.55600E+02   9.96366E-04   1.07170E-03  -7.57409E-05   9.71286E-05   8.99238E-04   4.09092E-07   4.60374E-06   7.91588E-07   7.93745E-13   3.81215E-06   1.22163E-03   2.17328E-04   7.09070E-07   1.73836E-10   2.16619E-04   2.31270E-06   1.50419E-06   7.85936E-07   1.26009E-12   7.18257E-07
   95000   3.59383E+02   1.21426E-03   1.24985E-03  -3.62042E-05   1.29902E-04   1.08435E-03   6.09675E-07   5.78593E-06   1.05586E-06   1.04934E-12   4.73007E-06   1.53317E-03   2.17323E-04   9.13471E-07   2.03834E-10   2.16409E-04   3.80680E-06   1.07288E-06   1.02444E-06   1.61844E-12   4.84364E-08
   96000   3.63166E+02  -4.36753E-04  -5.27290E-04   8.97713E-05   1.58874E-04  -5.95627E-04   7.66162E-07   1.17518E-05   1.34377E-06   1.41254E-12   1.04080E-05   1.92763E-03   5.51547E-05   1.15493E-06   2.45156E-10   5.39995E-05   6.03815E-06   1.35766E-06   1.23916E-06   2.17203E-12   1.18492E-07
   97000   3.66949E+02   5.58604E-04   4.52532E-04   1.04940E-04   2.10676E-04   3.47928E-04   1.13198E-06   2.63297E-06   1.60140E-06   1.98037E-12   1.03157E-06   2.41996E-03   1.09644E-05   1.45066E-06   3.18211E-10   9.51344E-06   9.26115E-06  -2.54230E-06   1.55397E-06   2.87300E-12  -4.09627E-06
   98000   3.70732E+02   2.86078E-04  -4.43757E-04   7.27060E-04   2.82517E-04   3.56069E-06   2.77547E-06   8.37579E-06   2.11218E-06   3.28160E-12   6.26361E-06   3.01976E-03  -3.34291E-04   1.74463E-06   3.64198E-10  -3.36036E-04   1.36701E-05   2.42861E-06   2.03282E-06   3.90364E-12   3.95793E-07
   99000   3.74515E+02   4.05027E-03   3.91530E-03   1.28628E-04   3.37389E-04   3.71288E-03   6.33491E-06   9.16600E-06   2.76670E-06   4.70931E-12   6.39930E-06   3.76862E-03   2.77004E-04   2.22913E-06   4.72620E-10   2.74774E-04   2.09111E-05   8.47047E-06   2.45809E-06   5.36742E-12   6.01237E-06
  100000   3.78298E+02  -1.19626E-05  -1.34865E-04   1.19663E-04   4.27416E-04  -4.39378E-04   3.23955E-06   2.29469E-05   2.96102E-06   6.32798E-12   1.99858E-05   4.67779E-03  -3.16607E-04   2.96531E-06   6.01993E-10  -3.19573E-04   3.17194E-05  -1.19706E-05   3.07159E-06   6.95562E-12  -1.50422E-05
  101000   3.82081E+02  -1.16128E-03  -2.06773E-03   9.00099E-04   5.31876E-04  -1.69316E-03   6.34606E-06   1.57145E-05   3.74043E-06   9.58762E-12   1.19740E-05   5.77380E-03   6.52084E-06   3.60059E-06   7.29802E-10   2.91952E-06   4.65968E-05  -7.41437E-06   3.72117E-06   9.36897E-12  -1.11355E-05
  102000   3.85864E+02   1.24240E-03   1.43352E-03  -1.96140E-04   6.66686E-04   5.75710E-04   5.01410E-06   2.52936E-05   4.78567E-06   1.29130E-11   2.05079E-05   7.08734E-03   6.74695E-04   4.35334E-06   9.11257E-10   6.70341E-04   6.96301E-05   1.34515E-06   4.78803E-06   1.44837E-11  -3.44289E-06
  103000   3.89647E+02   1.70217E-03   8.02416E-04   8.80094E-04   8.30298E-04   8.71867E-04   1.96545E-05   2.60611E-05   5.89568E-06   1.78286E-11   2.01654E-05   8.62807E-03   4.24486E-04   5.10132E-06   9.92706E-10   4.19383E-04   1.04568E-04   1.01163E-06   6.55367E-06   2.03398E-11  -5.54207E-06
  104000   3.93430E+02  -2.12514E-03  -3.28728E-03   1.15451E-03   1.02259E-03  -3.14773E-03   7.63500E-06   4.83727E-05   7.47082E-06   3.12885E-11   4.09018E-05   1.04145E-02   2.70767E-04   6.25076E-06   1.26106E-09   2.64515E-04   1.47851E-04  -1.55779E-06   7.27713E-06   2.37429E-11  -8.83494E-06
  105000   3.97213E+02  -2.63748E-03  -4.80581E-03   2.11001E-03   1.28802E-03  -3.92549E-03   5.83204E-05   1.59793E-05   8.65174E-06   3.73576E-11   7.32752E-06   1.24555E-02  -8.18249E-04   7.29213E-06   1.45298E-09  -8.25543E-04   2.08146E-04  -5.81947E-05   8.77511E-06   3.57535E-11  -6.69698E-05
  106000   4.00996E+02  -5.22931E-03  -7.87356E-03   2.62764E-03   1.49963E-03  -6.72895E-03   1.66133E-05   3.75869E-05   1.13351E-05   5.84978E-11   2.62517E-05   1.48067E-02   1.51463E-04   9.13853E-06   1.80027E-09   1.42323E-04   2.90564E-04  -5.57604E-05   1.14349E-05   5.15159E-11  -6.71953E-05
  107000   4.04779E+02   1.35690E-02   1.26949E-02   8.16146E-04   1.85569E-03   1.17133E-02   5.79189E-05   9.07964E-05   1.27003E-05   7.16813E-11   7.80960E-05   1.74171E-02   1.57716E-03   1.04103E-05   2.08535E-09   1.56675E-03   3.98139E-04   2.77789E-06   1.30229E-05   6.89429E-11  -1.02451E-05
  108000   4.08562E+02   1.36878E-02   1.09195E-02   2.68301E-03   2.22377E-03   1.14640E-02   8.53025E-05   7.70046E-05   1.49400E-05   9.59899E-11   6.20646E-05   2.02896E-02   5.24206E-04   1.18282E-05   2.46593E-09   5.12376E-04   5.31440E-04   3.44154E-05   1.55526E-05   9.40046E-11   1.88627E-05
  109000   4.12345E+02  -7.93464E-03  -1.52743E-02   7.22439E-03   2.66782E-03  -1.06025E-02   1.15310E-04   1.24989E-04   1.69979E-05   1.26507E-10   1.07991E-04   2.33560E-02  -1.31232E-03   1.54359E-05   2.85214E-09  -1.32776E-03   6.82803E-04   1.98636E-05   1.83693E-05   1.18448E-10   1.49423E-06
  110000   4.16128E+02   7.99156E-03   1.00823E-02  -2.27444E-03   3.20462E-03   4.78693E-03   1.83689E-04   1.59008E-04   2.08015E-05   1.94163E-10   1.38206E-04   2.66244E-02  -1.45097E-03   1.57256E-05   2.98605E-09  -1.46670E-03   8.64029E-04   1.06907E-04   2.10056E-05   1.43848E-10   8.59017E-05
  111000   4.19911E+02   5.59125E-03  -7.09012E-03   1.24185E-02   3.74036E-03   1.85088E-03   2.62857E-04   1.70289E-04   2.36734E-05   2.45403E-10   1.46615E-04   3.00279E-02   5.65095E-04   1.94680E-05   3.52067E-09   5.45624E-04   1.04421E-03   1.34715E-04   2.41895E-05   1.82215E-10   1.10526E-04
  112000   4.23693E+02   4.05096E-03   3.55213E-03   1.77366E-04   4.48576E-03  -4.34808E-04   3.21458E-04   1.02200E-04   2.62214E-05   3.13976E-10   7.59779E-05   3.37203E-02   3.63503E-04   2.17900E-05   3.89711E-09   3.41709E-04   1.25549E-03  -1.60893E-05   2.45497E-05   2.21446E-10  -4.06392E-05
  113000   4.27476E+02   6.04832E-03   1.19445E-02  -6.24698E-03   5.14779E-03   9.00530E-04   3.50805E-04   1.47856E-04   2.76753E-05   4.14578E-10   1.20180E-04   3.73846E-02   2.75964E-04   2.30859E-05   4.29957E-09   2.52874E-04   1.50796E-03   1.14479E-05   2.87007E-05   2.64803E-10  -1.72530E-05
  114000   4.31259E+02   2.60572E-02   3.08168E-02  -5.31035E-03   5.98003E-03   2.00771E-02   5.50748E-04   8.78594E-05   3.29384E-05   4.47776E-10   5.49205E-05   4.10284E-02  -1.04034E-03   2.74070E-05   4.80026E-09  -1.06775E-03   1.74673E-03   1.13884E-04   3.31454E-05   3.07460E-10   8.07388E-05
  115000   4.35042E+02   3.41760E-02   3.38891E-02  -3.51908E-04   7.06902E-03   2.71070E-02   6.38791E-04   2.17562E-04   3.61261E-05   5.30775E-10   1.81435E-04   4.45816E-02  -2.08073E-03   2.91850E-05   5.53126E-09  -2.10992E-03   2.00403E-03   1.54710E-05   3.53860E-05   3.48188E-10  -1.99154E-05
  116000   4.38825E+02  -3.08787E-03  -2.40419E-02   2.02060E-02   8.14394E-03  -1.12318E-02   7.48022E-04   3.98373E-05   3.93565E-05   5.33791E-10   4.80320E-07   4.81268E-02   1.13116E-04   3.38705E-05   5.72523E-09   7.92396E-05   2.22586E-03  -6.20087E-05   4.19918E-05   3.88785E-10  -1.04001E-04
  117000   4.42608E+02   3.20217E-02   4.33453E-02  -1.20315E-02   9.19672E-03   2.28250E-02   7.07953E-04   1.00566E-04   4.45971E-05   6.58486E-10   5.59686E-05   5.16442E-02  -5.96513E-04   3.51771E-05   6.13315E-09  -6.31696E-04   2.50355E-03   9.33809E-05   4.23615E-05   4.24046E-10   5.10190E-05
  118000   4.46391E+02   4.00078E-02   3.19948E-02   7.45989E-03   1.02326E-02   2.97752E-02   5.53151E-04   1.35108E-04   5.01955E-05   8.61850E-10   8.49115E-05   5.47217E-02  -4.38263E-04   3.69507E-05   5.76836E-09  -4.75219E-04   2.72263E-03   2.07728E-04   4.64908E-05   5.07979E-10   1.61237E-04
  119000   4.50174E+02   3.36035E-02   3.18394E-02   1.26155E-03   1.12864E-02   2.23170E-02   5.02489E-04   2.26140E-04   4.90616E-05   9.43694E-10   1.77077E-04   5.75666E-02  -1.28476E-03   4.15901E-05   7.19427E-09  -1.32636E-03   2.94997E-03  -8.09699E-05   5.12680E-05   6.08536E-10  -1.32239E-04
  120000   4.53957E+02   3.20642E-02   2.48322E-02   6.81307E-03   1.27660E-02   1.92982E-02   4.18909E-04   3.89777E-04   5.41324E-05   1.01361E-09   3.35644E-04   6.01294E-02  -3.55180E-03   4.56940E-05   6.75331E-09  -3.59750E-03   3.18183E-03  -5.13817E-04   5.25663E-05   6.57764E-10  -5.66384E-04
  121000   4.57740E+02   1.35908E-02  -4.24312E-02   5.10328E-02   1.42730E-02  -6.82153E-04   4.98926E-03   2.58937E-04   5.54337E-05   1.18136E-09   2.03502E-04   6.21416E-02  -3.42824E-05   4.75365E-05   7.63148E-09  -8.18266E-05   3.40603E-03  -2.63889E-05   5.35078E-05   6.22815E-10  -7.98973E-05
  122000   4.61523E+02  -3.67884E-03   2.71469E-02  -3.19894E-02   1.56396E-02  -1.93184E-02   1.16363E-03   1.85602E-04   5.41207E-05   1.18608E-09   1.31480E-04   6.41061E-02   2.22843E-03   4.57109E-05   7.45402E-09   2.18271E-03   3.64474E-03   2.75389E-04   5.36620E-05   7.23138E-10   2.21726E-04
  123000   4.65306E+02   8.30254E-02   8.99207E-02  -8.18175E-03   1.69705E-02   6.60550E-02   1.28650E-03   1.34780E-05   5.79230E-05   1.31784E-09  -4.44463E-05   6.56353E-02  -2.09217E-03   4.66631E-05   7.56831E-09  -2.13884E-03   3.85687E-03  -3.07553E-04   6.21824E-05   7.94609E-10  -3.69737E-04
  124000   4.69089E+02   3.40501E-02   4.06575E-02  -7.37661E-03   1.84368E-02   1.56133E-02   7.69258E-04   1.76603E-04   5.80765E-05   1.24984E-09   1.18526E-04   6.69677E-02  -5.01893E-04   4.97933E-05   7.79447E-09  -5.51694E-04   4.05710E-03   4.52586E-05   6.23109E-05   8.97357E-10  -1.70532E-05
  125000   4.72872E+02  -9.44598E-02  -8.44866E-02  -1.00847E-02   2.00836E-02  -1.14543E-01   1.11578E-04   1.83624E-04   6.39890E-05   1.42008E-09   1.19633E-04   6.79051E-02  -1.56247E-03   4.90284E-05   7.69007E-09  -1.61150E-03   4.27912E-03   2.45696E-05   6.17679E-05   8.97910E-10  -3.71993E-05
  126000   4.76655E+02  -4.83566E-03   4.76252E-03  -1.06360E-02   2.19450E-02  -2.67806E-02   1.03778E-03  -1.92146E-05   6.42619E-05   1.43280E-09  -8.34780E-05   6.88946E-02  -2.57745E-03   4.92453E-05   7.75335E-09  -2.62671E-03   4.32855E-03   1.16425E-04   6.24323E-05   9.84263E-10   5.39919E-05
  127000   4.80438E+02   7.46183E-02   6.76810E-02   6.12370E-03   2.34264E-02   5.11919E-02   8.13615E-04  -4.17975E-05   6.91252E-05   1.47916E-09  -1.10924E-04   6.95856E-02   2.03469E-03   5.03618E-05   8.28337E-09   1.98432E-03   4.46180E-03   1.33998E-04   6.69143E-05   1.02293E-09   6.70829E-05
  128000   4.84221E+02   7.58341E-02   8.04738E-02  -5.45325E-03   2.50523E-02   5.07818E-02   8.13556E-04   3.98585E-05   6.66553E-05   1.46319E-09  -2.67982E-05   6.98026E-02   2.03218E-04   5.20765E-05   7.38001E-09   1.51134E-04   4.54236E-03  -4.10074E-04   6.31129E-05   1.01221E-09  -4.73188E-04
  129000   4.88004E+02  -9.07574E-02  -5.99796E-02  -3.12817E-02   2.67442E-02  -1.17502E-01   5.03898E-04   4.19442E-04   6.34957E-05   1.47536E-09   3.55945E-04   6.98055E-02  -7.79543E-04   5.41827E-05   8.48836E-09  -8.33734E-04   4.48147E-03   3.14241E-05   6.49427E-05   1.22375E-09  -3.35199E-05
  130000   4.91787E+02   5.63669E-02   4.17821E-02   1.31978E-02   2.84445E-02   2.79224E-02   1.38699E-03   2.06585E-04   6.47560E-05   1.49409E-09   1.41827E-04   6.93543E-02  -1.61760E-03   5.17315E-05   8.10812E-09  -1.66934E-03   4.58321E-03  -6.77137E-05   7.14497E-05   1.07650E-09  -1.39165E-04
  131000   4.95570E+02  -1.75864E-02  -1.11656E-02  -7.37779E-03   3.01037E-02  -4.76901E-02   9.56987E-04   3.65792E-04   6.19359E-05   1.57793E-09   3.03854E-04   6.86464E-02   1.76556E-03   5.85324E-05   8.81129E-09   1.70702E-03   4.49322E-03   1.82226E-04   6.02557E-05   9.47577E-10   1.21970E-04
  132000   4.99353E+02   5.51501E-02   6.02957E-02  -6.19768E-03   3.16182E-02   2.35319E-02   1.05207E-03   2.57538E-04   6.38859E-05   1.58170E-09   1.93651E-04   6.78254E-02   1.24610E-03   5.61230E-05   8.54628E-09   1.18997E-03   4.48308E-03   7.85055E-05   6.62322E-05   1.04134E-09   1.22722E-05
  133000   5.03136E+02  -4.41302E-02  -4.58456E-02   8.19576E-04   3.26872E-02  -7.68175E-02   8.95770E-04   1.86390E-04   6.19546E-05   1.31155E-09   1.24434E-04   6.66339E-02   2.09997E-03   5.74426E-05   8.91208E-09   2.04252E-03   4.33784E-03   5.70640E-05   6.01807E-05   1.11953E-09  -3.11784E-06
  134000   5.06919E+02   1.72483E-01   1.39797E-01   3.11811E-02   3.40566E-02   1.38427E-01   1.50531E-03   1.22040E-04   6.22287E-05   1.23447E-09   5.98106E-05   6.50223E-02  -7.12709E-04   5.59431E-05   9.07915E-09  -7.68661E-04   4.07837E-03  -6.39568E-05   6.04754E-05   9.57764E-10  -1.24433E-04
  135000   5.10702E+02   1.04495E-01   9.19374E-02   1.16012E-02   3.49171E-02   6.95780E-02   9.56514E-04   1.15618E-04   5.38051E-05   1.18696E-09   6.18113E-05   6.35352E-02   1.79350E-03   5.21274E-05   7.87950E-09   1.74137E-03   3.94390E-03  -3.87368E-04   5.52593E-05   1.05072E-09  -4.42629E-04
  136000   5.14485E+02   5.29455E-02   2.73321E-02   2.46703E-02   3.58168E-02   1.71287E-02   9.42989E-04   3.55210E-04   5.80668E-05   1.18211E-09   2.97143E-04   6.16470E-02   1.10300E-03   5.40717E-05   8.42063E-09   1.04891E-03   3.64619E-03   1.25678E-04   5.64911E-05   1.06098E-09   6.91862E-05
  137000   5.18268E+02   1.55342E-01   1.74520E-01  -2.04452E-02   3.67756E-02   1.18566E-01   1.26766E-03  -6.06528E-05   5.33403E-05   1.07639E-09  -1.13994E-04   5.94656E-02  -2.38214E-04   4.96346E-05   7.88865E-09  -2.87856E-04   3.52786E-03   8.26457E-05   5.54207E-05   9.67850E-10   2.72241E-05
  138000   5.22051E+02   1.35236E-01   1.24585E-01   9.77224E-03   3.76573E-02   9.75788E-02   8.79067E-04   1.11480E-05   5.11557E-05   1.06004E-09  -4.00087E-05   5.72436E-02  -1.27801E-03   4.46964E-05   7.63403E-09  -1.32271E-03   3.31212E-03   4.58141E-05   5.39049E-05   9.19898E-10  -8.09175E-06
  139000   5.25834E+02   5.86773E-02   5.24068E-02   5.64506E-03   3.84577E-02   2.02196E-02   6.25425E-04  -2.25079E-05   4.81677E-05   1.02587E-09  -7.06766E-05   5.45376E-02  -2.62069E-04   4.75742E-05   7.57672E-09  -3.09651E-04   3.03611E-03  -6.67717E-05   5.25241E-05   9.02199E-10  -1.19297E-04
  140000   5.29617E+02   9.12740E-02   9.25419E-02  -1.87334E-03   3.87745E-02   5.24994E-02   6.05418E-04  -7.79267E-05   4.56475E-05   1.05700E-09  -1.23575E-04   5.20616E-02  -8.02704E-04   4.32412E-05   5.70932E-09  -8.45951E-04   2.88008E-03  -2.69521E-04   4.74459E-05   9.23640E-10  -3.16967E-04
  141000   5.33400E+02  -1.19179E-01  -1.27750E-01   8.03474E-03   3.88669E-02  -1.58045E-01   5.36416E-04   1.42070E-04   4.34239E-05   8.32153E-10   9.86456E-05   4.93714E-02   1.01654E-03   4.65179E-05   6.99998E-09   9.70018E-04   2.51211E-03  -1.84946E-04   4.74827E-05   8.64360E-10  -2.32429E-04
  142000   5.37183E+02   5.29346E-02   2.25448E-02   2.97132E-02   3.86530E-02   1.42817E-02   6.76595E-04   3.66150E-05   4.87980E-05   9.93297E-10  -1.21840E-05   4.62852E-02  -1.24832E-03   4.33728E-05   6.39532E-09  -1.29170E-03   2.35568E-03   4.93904E-05   4.13990E-05   7.84773E-10   7.99071E-06
  143000   5.40966E+02   6.62577E-02   4.89267E-02   1.69723E-02   3.87323E-02   2.75254E-02   3.58612E-04   1.12651E-04   4.15652E-05   8.85759E-10   7.10848E-05   4.29099E-02  -1.32541E-04   3.98398E-05   5.99355E-09  -1.72387E-04   2.15508E-03   1.82785E-04   4.00175E-05   7.44409E-10   1.42767E-04
  144000   5.44749E+02  -2.32308E-02  -2.12853E-02  -2.38829E-03   3.85848E-02  -6.18156E-02   4.42774E-04  -7.19076E-05   4.03344E-05   8.16609E-10  -1.12243E-04   3.93890E-02   2.09733E-03   3.90383E-05   5.79814E-09   2.05829E-03   1.95074E-03   2.71382E-05   3.95481E-05   7.37289E-10  -1.24106E-05
  145000   5.48532E+02   7.94407E-02   8.54930E-02  -6.51306E-03   3.80451E-02   4.13956E-02   4.60738E-04   5.44135E-05   3.65503E-05   7.18416E-10   1.78625E-05   3.55663E-02  -7.71356E-04   3.53352E-05   5.26871E-09  -8.06696E-04   1.87493E-03  -1.78484E-05   3.80292E-05   7.00621E-10  -5.58783E-05
  146000   5.52315E+02   6.14433E-02   1.56492E-02   4.48333E-02   3.73676E-02   2.40757E-02   9.60797E-04   5.41193E-05   3.48559E-05   6.23068E-10   1.92628E-05   3.22679E-02   1.25361E-03   3.16533E-05   4.37607E-09   1.22195E-03   1.48223E-03   5.04661E-05   3.58711E-05   6.88044E-10   1.45943E-05
  147000   5.56098E+02   1.78136E-01   1.49734E-01   2.76646E-02   3.67579E-02   1.41379E-01   7.38083E-04  -1.32283E-05   3.20182E-05   5.85687E-10  -4.52471E-05   2.86106E-02   4.88851E-04   2.95776E-05   4.06769E-09   4.59269E-04   1.32068E-03   3.90027E-05   3.28883E-05   5.66441E-10   6.11390E-06
  148000   5.59881E+02   1.00233E-01   4.55273E-02   5.43603E-02   3.60252E-02   6.42082E-02   3.45875E-04   9.47362E-05   2.79559E-05   5.18123E-10   6.67798E-05   2.52747E-02   1.43874E-04   2.63705E-05   3.74038E-09   1.17500E-04   1.12831E-03  -2.37450E-04   2.94147E-05   5.41518E-10  -2.66865E-04
  149000   5.63664E+02   1.19964E-01   1.12489E-01   7.12454E-03   3.49977E-02   8.49660E-02   3.50191E-04   6.88348E-05   2.60311E-05   4.32288E-10   4.28032E-05   2.20988E-02  -1.51078E-04   2.60355E-05   3.83681E-09  -1.77117E-04   9.53437E-04   8.20562E-05   2.70310E-05   5.06678E-10   5.50246E-05
  150000   5.67447E+02   1.39718E-01   1.32276E-01   6.88911E-03   3.33619E-02   1.06356E-01   5.53203E-04   8.10282E-06   2.07264E-05   4.06179E-10  -1.26240E-05   1.90276E-02  -6.71331E-05   2.19246E-05   2.82401E-09  -8.90605E-05   8.73477E-04   7.94949E-05   2.24026E-05   4.47544E-10   5.70918E-05
  151000   5.71230E+02  -2.06144E-01  -1.76419E-01  -3.22022E-02   3.19274E-02  -2.38072E-01   2.47681E-03  -8.00233E-05   2.18835E-05   3.45933E-10  -1.01907E-04   1.65977E-02   5.52039E-04   1.74104E-05   2.36165E-09   5.34627E-04   6.43492E-04  -1.18127E-05   2.17830E-05   3.88783E-10  -3.35961E-05
  152000   5.75013E+02   9.81119E-02   8.19300E-02   1.58292E-02   3.00900E-02   6.80219E-02   3.52757E-04   1.70735E-04   1.87299E-05   2.75859E-10   1.52005E-04   1.42886E-02  -3.44333E-04   1.54409E-05   1.93987E-09  -3.59775E-04   5.13019E-04  -6.27852E-05   1.84520E-05   3.49087E-10  -8.12376E-05
  153000   5.78796E+02  -1.46033E-02  -1.54281E-03  -1.31290E-02   2.77988E-02  -4.24021E-02   6.84725E-05  -1.05750E-04   1.50963E-05   2.13534E-10  -1.20846E-04   1.23401E-02  -3.67622E-04   1.24615E-05   1.72591E-09  -3.80085E-04   3.68389E-04  -1.34612E-05   1.38939E-05   3.09136E-10  -2.73554E-05
  154000   5.82579E+02  -3.26034E-02  -3.70119E-02   4.32641E-03   2.57200E-02  -5.83235E-02   8.20092E-05   5.20045E-05   1.41494E-05   2.12544E-10   3.78549E-05   1.09686E-02  -1.28449E-04   1.20838E-05   1.82265E-09  -1.40535E-04   2.64509E-04  -9.00000E-07   1.28738E-05   2.74972E-10  -1.37741E-05
  155000   5.86362E+02  -1.11540E-01  -3.69320E-02  -7.48665E-02   2.32781E-02  -1.34819E-01   2.58134E-04  -2.72823E-05   1.12415E-05   1.83486E-10  -3.85239E-05   9.86230E-03  -4.07685E-04   8.84718E-06   1.44126E-09  -4.16534E-04   2.42247E-04  -1.61641E-07   1.10107E-05   2.77249E-10  -1.11726E-05
  156000   5.90145E+02   5.72185E-02   6.66496E-02  -9.54115E-03   2.05985E-02   3.66201E-02   1.10108E-04  -3.56477E-05   1.01513E-05   1.92191E-10  -4.57992E-05   9.25026E-03   6.41221E-04   9.40769E-06   1.60411E-09   6.31811E-04   1.93614E-04   1.20865E-05   1.08380E-05   2.57623E-10   1.24823E-06
  157000   5.93927E+02  -5.32763E-04  -4.57830E-03   3.96509E-03   1.77944E-02  -1.83272E-02   8.04431E-05  -3.29457E-05   9.87367E-06   1.79253E-10  -4.28195E-05   8.93246E-03  -9.08359E-04   8.41866E-06   1.37453E-09  -9.16779E-04   1.87289E-04   1.62990E-05   9.96069E-06   2.59852E-10   6.33810E-06
  158000   5.97710E+02  -9.34062E-02  -1.03974E-01   1.05276E-02   1.50537E-02  -1.08460E-01   3.98776E-05   2.81114E-05   8.30479E-06   1.77007E-10   1.98064E-05   8.75930E-03   4.00545E-04   7.17595E-06   1.34085E-09   3.93368E-04   1.64897E-04   7.28194E-06   8.77116E-06   2.54601E-10  -1.48947E-06
  159000   6.01493E+02  -9.25073E-02  -1.71734E-01   7.91585E-02   1.20395E-02  -1.04547E-01   6.82403E-05  -5.84677E-05   8.96269E-06   1.76239E-10  -6.74305E-05   9.10907E-03   2.93663E-05   8.54155E-06   1.62574E-09   2.08231E-05   1.66070E-04   2.95401E-05   8.97801E-06   2.31468E-10   2.05619E-05
  160000   6.05276E+02  -2.02261E-01  -2.06181E-01   3.73395E-03   9.12011E-03  -2.11381E-01   1.86045E-04   5.03551E-05   8.25238E-06   1.78741E-10   4.21026E-05   9.56139E-03  -5.59093E-04   7.52761E-06   1.40956E-09  -5.66622E-04   1.69271E-04  -5.11595E-05   8.73923E-06   2.47478E-10  -5.98989E-05
  161000   6.09059E+02  -1.12337E-01  -4.45961E-02  -6.79039E-02   5.45921E-03  -1.17797E-01   1.62626E-04  -1.02681E-04   9.49478E-06   1.77477E-10  -1.12176E-04   1.00506E-02  -1.24536E-03   7.98466E-06   1.59907E-09  -1.25334E-03   1.54309E-04  -1.13126E-05   9.54984E-06   2.61094E-10  -2.08627E-05
  162000   6.12842E+02   4.65275E-02   3.68132E-02   9.65259E-03   2.21801E-03   4.43095E-02   6.16705E-05  -3.89581E-05   9.11987E-06   1.98789E-10  -4.80782E-05   1.06120E-02  -5.68669E-04   8.16375E-06   1.55701E-09  -5.76835E-04   1.45492E-04  -1.58393E-05   9.67141E-06   2.66212E-10  -2.55110E-05
  163000   6.16625E+02  -3.20680E-02  -3.63121E-03  -2.87025E-02  -1.52445E-03  -3.05435E-02   2.65783E-04   3.92903E-05   9.83417E-06   1.94091E-10   2.94559E-05   1.09669E-02  -1.07864E-03   8.64450E-06   1.64419E-09  -1.08729E-03   1.43058E-04   7.30470E-05   9.79047E-06   2.50994E-10   6.32563E-05
  164000   6.20408E+02  -6.19728E-03   2.44128E-02  -3.07801E-02  -5.16681E-03  -1.03047E-03   1.70021E-04  -3.87632E-05   1.02386E-05   1.69101E-10  -4.90020E-05   1.13682E-02  -6.04438E-04   8.55352E-06   1.60669E-09  -6.12994E-04   1.39086E-04  -6.06136E-06   1.06134E-05   2.53091E-10  -1.66751E-05
  165000   6.24191E+02   7.49395E-02   6.89696E-02   5.69888E-03  -9.16401E-03   8.41035E-02   2.71088E-04   5.59987E-06   1.05905E-05   1.94388E-10  -4.99085E-06   1.16636E-02   3.42483E-04   9.06824E-06   1.63125E-09   3.33413E-04   1.51316E-04  -2.28153E-05   1.01721E-05   2.59475E-10  -3.29877E-05
  166000   6.27974E+02   2.09312E-02  -1.47172E-02   3.56136E-02  -1.29835E-02   3.39147E-02   3.48080E-05  -9.10553E-05   1.16616E-05   1.91068E-10  -1.02717E-04   1.17459E-02  -3.13837E-04   9.09205E-06   1.57996E-09  -3.22930E-04   1.59423E-04   2.13775E-05   1.13127E-05   2.54480E-10   1.00646E-05
  167000   6.31757E+02   3.17862E-02   6.31682E-02  -3.15521E-02  -1.67059E-02   4.84921E-02   1.70011E-04   1.56741E-05   1.15641E-05   1.90235E-10   4.10977E-06   1.18509E-02   5.73284E-04   8.67057E-06   1.56529E-09   5.64611E-04   1.55221E-04   6.24133E-05   1.06390E-05   2.57672E-10   5.17741E-05
  168000   6.35540E+02  -6.74110E-02  -5.37609E-02  -1.38171E-02  -2.08472E-02  -4.65637E-02   1.67089E-04  -5.06377E-05   1.26875E-05   1.72608E-10  -6.33254E-05   1.19763E-02  -1.21057E-03   8.87069E-06   1.61106E-09  -1.21945E-03   1.56764E-04  -1.24832E-05   1.19110E-05   2.82752E-10  -2.43946E-05
  169000   6.39323E+02  -8.08800E-02  -7.44067E-02  -6.48250E-03  -2.45482E-02  -5.63318E-02   9.17575E-06  -6.42117E-05   1.09474E-05   1.45371E-10  -7.51593E-05   1.19250E-02   2.70971E-04   9.77666E-06   1.65935E-09   2.61193E-04   1.45789E-04   8.93571E-06   1.15332E-05   2.54299E-10  -2.59771E-06
  170000   6.43106E+02   1.37867E-01   1.48016E-01  -1.04662E-02  -2.85879E-02   1.66455E-01   3.16553E-04   1.00898E-04   1.09560E-05   1.67230E-10   8.99420E-05   1.18965E-02  -4.82624E-04   1.02846E-05   1.68384E-09  -4.92911E-04   1.51743E-04   8.86783E-05   1.18774E-05   2.56495E-10   7.68006E-05
  171000   6.46889E+02   4.51194E-02  -3.48064E-04   4.53833E-02  -3.25900E-02   7.77094E-02   8.41613E-05  -8.90614E-05   1.15774E-05   1.60952E-10  -1.00639E-04   1.16947E-02  -3.97649E-04   1.02751E-05   1.69191E-09  -4.07926E-04   1.67586E-04   5.10781E-06   1.14198E-05   2.49170E-10  -6.31225E-06
  172000   6.50672E+02   1.27972E-01   1.13545E-01   1.42063E-02  -3.66252E-02   1.64597E-01   2.20195E-04  -3.53484E-05   1.06130E-05   1.51464E-10  -4.59615E-05   1.13078E-02   9.89806E-06   1.01825E-05   1.70540E-09  -2.86157E-07   1.69018E-04   1.97525E-05   1.13032E-05   2.53861E-10   8.44901E-06
  173000   6.54455E+02   1.61755E-01   1.51146E-01   1.04066E-02  -4.04720E-02   2.02227E-01   2.02929E-04   1.14711E-05   1.03855E-05   1.57231E-10   1.08543E-06   1.08772E-02  -7.56804E-04   9.65446E-06   1.64244E-09  -7.66460E-04   1.80143E-04  -5.77932E-05   1.17825E-05   2.65950E-10  -6.95760E-05
  174000   6.58238E+02   1.03241E-01   9.66460E-02   6.42343E-03  -4.47902E-02   1.48032E-01   1.71903E-04   1.30225E-04   1.01579E-05   1.57450E-10   1.20067E-04   1.04860E-02   3.98908E-04   9.71223E-06   1.58403E-09   3.89194E-04   1.75968E-04   6.98468E-06   9.58586E-06   2.59059E-10  -2.60144E-06
  175000   6.62021E+02   1.21205E-02  -3.14758E-02   4.34687E-02  -4.93138E-02   6.14343E-02   1.27626E-04  -1.16165E-04   9.71501E-06   1.54042E-10  -1.25880E-04   1.03057E-02  -2.89212E-04   9.02763E-06   1.54752E-09  -2.98241E-04   1.58035E-04  -1.27649E-05   1.02183E-05   2.64091E-10  -2.29835E-05
  176000   6.65804E+02  -5.46241E-02  -8.14439E-02   2.67048E-02  -5.39584E-02  -6.65727E-04   1.14942E-04   6.69370E-05   9.97076E-06   1.80596E-10   5.69660E-05   1.01586E-02   9.24856E-04   7.34567E-06   1.37461E-09   9.17509E-04   1.56520E-04   8.65681E-05   1.01286E-05   2.59132E-10   7.64392E-05
  177000   6.69587E+02  -4.04636E-02  -6.58002E-02   2.52218E-02  -5.91592E-02   1.86956E-02   1.14811E-04   9.22592E-06   9.54313E-06   1.64180E-10  -3.17376E-07   1.00600E-02   2.73473E-04   7.62078E-06   1.38423E-09   2.65851E-04   1.49418E-04   1.38393E-06   9.47345E-06   2.71546E-10  -8.08979E-06
  178000   6.73370E+02   8.56394E-02   6.59554E-02   1.94532E-02  -6.39438E-02   1.49583E-01   2.30885E-04  -4.16426E-05   8.64780E-06   1.64154E-10  -5.02906E-05   9.96627E-03  -2.72828E-04   7.67889E-06   1.47508E-09  -2.80508E-04   1.40385E-04  -4.21761E-05   9.34550E-06   2.54568E-10  -5.15219E-05
  179000   6.77153E+02  -7.06026E-02  -1.18307E-01   4.76387E-02  -6.92176E-02  -1.38497E-03   6.53814E-05  -1.25812E-04   8.32338E-06   1.52543E-10  -1.34136E-04   9.75585E-03   9.78188E-04   7.53536E-06   1.47321E-09   9.70651E-04   1.39129E-04  -1.61760E-05   8.16375E-06   2.59379E-10  -2.43401E-05
  180000   6.80936E+02   2.30670E-01   2.28331E-01   2.01040E-03  -7.43473E-02   3.05017E-01   3.28129E-04   4.94960E-05   8.37937E-06   1.60327E-10   4.11165E-05   9.42529E-03  -3.22284E-04   6.94983E-06   1.46917E-09  -3.29235E-04   1.37068E-04   7.47267E-05   7.98568E-06   2.32425E-10   6.67408E-05
  181000   6.84719E+02   1.53805E-01   1.19569E-01   3.28940E-02  -7.93480E-02   2.33153E-01   1.34179E-03  -9.11291E-05   7.61902E-06   1.48606E-10  -9.87483E-05   9.04936E-03   1.28233E-03   7.27021E-06   1.29457E-09   1.27506E-03   1.33256E-04  -5.89200E-05   7.77541E-06   2.33633E-10  -6.66956E-05
  182000   6.88502E+02   6.54311E-02   3.65576E-03   6.16740E-02  -8.46209E-02   1.50052E-01   1.01395E-04  -8.40430E-05   7.87263E-06   1.66896E-10  -9.19158E-05   8.65350E-03   3.05243E-04   6.52510E-06   1.28300E-09   2.98717E-04   1.27117E-04  -2.61124E-05   7.93182E-06   2.48998E-10  -3.40445E-05
  183000   6.92285E+02  -5.61440E-02  -4.40953E-02  -1.20732E-02  -8.89469E-02   3.28030E-02   2.45528E-05  -4.31394E-05   7.52994E-06   1.56786E-10  -5.06695E-05   8.31589E-03  -1.30332E-04   6.35881E-06   1.12026E-09  -1.36692E-04   1.29149E-04   4.48904E-05   7.77262E-06   2.57496E-10   3.71176E-05
  184000   6.96068E+02   1.88440E-01   1.65547E-01   2.26092E-02  -9.37160E-02   2.82156E-01   2.83736E-04  -1.18697E-04   7.03368E-06   1.59988E-10  -1.25731E-04   8.09082E-03  -4.92940E-05   6.08128E-06   1.13601E-09  -5.53764E-05   1.35089E-04  -3.49558E-05   7.82552E-06   2.57176E-10  -4.27816E-05
  185000   6.99851E+02  -3.45086E-02  -2.62636E-02  -8.29530E-03  -9.83497E-02   6.38410E-02   5.03060E-05  -1.39791E-04   7.43941E-06   1.68816E-10  -1.47231E-04   7.99582E-03  -4.71756E-04   6.01547E-06   1.18990E-09  -4.77773E-04   1.32355E-04   4.37810E-05   7.30784E-06   2.64748E-10   3.64729E-05
  186000   7.03634E+02   8.57434E-02   3.77865E-02   4.78678E-02  -1.03100E-01   1.88844E-01   8.90974E-05  -3.37255E-05   7.05900E-06   1.50832E-10  -4.07846E-05   7.91754E-03  -6.77001E-04   5.34948E-06   1.07302E-09  -6.82351E-04   1.28098E-04   5.07944E-05   7.32626E-06   2.48177E-10   4.34679E-05
  187000   7.07417E+02   4.66727E-02   2.79952E-02   1.85946E-02  -1.08113E-01   1.54786E-01   8.28715E-05   6.20835E-06   6.71086E-06   1.67315E-10  -5.02678E-07   7.83208E-03  -3.06366E-04   5.90331E-06   1.08785E-09  -3.12270E-04   1.17865E-04  -3.37419E-05   7.30691E-06   2.75570E-10  -4.10490E-05
  188000   7.11200E+02   5.53420E-02   1.53892E-02   3.99089E-02  -1.13185E-01   1.68527E-01   4.38768E-05   4.60536E-06   7.14397E-06   1.57405E-10  -2.53877E-06   7.66050E-03  -9.85543E-05   5.50392E-06   1.04946E-09  -1.04059E-04   1.16561E-04   2.84750E-05   6.90606E-06   2.49696E-10   2.15687E-05
  189000   7.14983E+02  -9.31730E-03  -2.51912E-02   1.58221E-02  -1.18284E-01   1.08967E-01   5.17217E-05  -9.73821E-05   7.13963E-06   1.67080E-10  -1.04522E-04   7.27960E-03  -1.47166E-04   5.91074E-06   1.02514E-09  -1.53078E-04   1.15285E-04  -1.97129E-05   7.13277E-06   2.58373E-10  -2.68459E-05
  190000   7.18766E+02  -4.26539E-02  -5.45939E-02   1.19265E-02  -1.23842E-01   8.11879E-02   1.35053E-05   7.72563E-06   7.08660E-06   1.54354E-10   6.38872E-07   6.72006E-03   1.06613E-04   6.05157E-06   1.00077E-09   1.00560E-04   1.31478E-04  -1.53378E-05   7.32813E-06   2.67952E-10  -2.26662E-05
  191000   7.22549E+02   1.17062E-01   1.07281E-01   9.57085E-03  -1.29161E-01   2.46223E-01   2.10598E-04   1.04884E-04   7.48279E-06   1.52580E-10   9.74006E-05   6.09994E-03   1.04702E-04   5.64109E-06   8.89841E-10   9.90603E-05   1.48767E-04   2.65089E-06   6.91668E-06   2.62020E-10  -4.26606E-06
  192000   7.26332E+02  -1.04707E-01  -1.15917E-01   1.11950E-02  -1.34553E-01   2.98456E-02   1.47785E-05  -1.72669E-04   6.70986E-06   1.48002E-10  -1.79379E-04   5.57026E-03  -1.57889E-04   5.71708E-06   8.52694E-10  -1.63607E-04   1.64233E-04   8.10374E-05   6.46304E-06   2.55161E-10   7.45741E-05
  193000   7.30115E+02   3.95569E-03  -1.52626E-02   1.90872E-02  -1.40295E-01   1.44251E-01   1.31033E-04   7.96596E-06   6.76571E-06   1.47025E-10   1.20010E-06   5.09289E-03   2.85571E-04   5.44164E-06   7.88264E-10   2.80128E-04   1.84806E-04  -5.28597E-05   6.63865E-06   2.67681E-10  -5.94987E-05
  194000   7.33898E+02  -2.06366E-02  -2.13717E-02   6.79410E-04  -1.45193E-01   1.24557E-01   5.57032E-05  -1.29969E-04   6.23705E-06   1.38590E-10  -1.36206E-04   4.73719E-03  -3.75453E-05   4.86746E-06   7.68782E-10  -4.24136E-05   1.84501E-04  -1.74880E-04   6.09266E-06   2.58334E-10  -1.80973E-04
  195000   7.37681E+02  -1.04942E-01  -1.30867E-01   2.58792E-02  -1.49996E-01   4.50546E-02   4.58964E-05  -1.30348E-04   5.81902E-06   1.34310E-10  -1.36167E-04   4.44650E-03  -7.15635E-05   4.78320E-06   6.89388E-10  -7.63473E-05   1.75063E-04   3.54475E-05   6.00033E-06   2.55629E-10   2.94469E-05
  196000   7.41464E+02   2.26099E-02  -8.78911E-03   3.11510E-02  -1.55082E-01   1.77692E-01   2.47968E-04  -1.21995E-04   4.93520E-06   1.29893E-10  -1.26931E-04   4.10725E-03  -1.18213E-05   4.27691E-06   6.56875E-10  -1.60988E-05   1.55199E-04   4.17033E-05   5.63815E-06   2.53772E-10   3.60649E-05
  197000   7.45247E+02   1.03328E-01   7.94433E-02   2.36905E-02  -1.60127E-01   2.63455E-01   1.93883E-04  -3.37834E-05   5.27291E-06   1.35156E-10  -3.90564E-05   3.75657E-03  -1.81858E-04   4.22516E-06   6.60128E-10  -1.86083E-04   1.26930E-04  -1.94617E-05   5.04909E-06   2.50097E-10  -2.45111E-05
  198000   7.49030E+02  -1.08933E-01  -1.19458E-01   1.04936E-02  -1.64748E-01   5.58152E-02   3.17530E-05  -5.63226E-06   4.85730E-06   1.34107E-10  -1.04897E-05   3.38478E-03  -1.51788E-04   4.40645E-06   5.93687E-10  -1.56195E-04   1.22405E-04   5.31012E-07   4.91200E-06   2.51027E-10  -4.38124E-06
  199000   7.52813E+02   3.80238E-02   2.99841E-02   7.97857E-03  -1.69568E-01   2.07592E-01   6.11005E-05  -7.15439E-05   4.54181E-06   1.39821E-10  -7.60859E-05   2.95841E-03  -2.36594E-04   3.58459E-06   5.21800E-10  -2.40179E-04   1.18165E-04   3.14508E-06   4.93888E-06   2.63650E-10  -1.79406E-06
  200000   7.56596E+02  -1.60349E-02  -1.34154E-02  -2.65641E-03  -1.74268E-01   1.58233E-01   3.68711E-05  -9.92769E-06   4.06040E-06   1.20961E-10  -1.39882E-05   2.50803E-03  -2.42987E-04   3.36931E-06   4.92133E-10  -2.46356E-04   1.18458E-04  -5.74504E-05   4.37233E-06   2.44248E-10  -6.18230E-05
  201000   7.60379E+02   1.33209E-01   1.58441E-01  -2.55377E-02  -1.79242E-01   3.12452E-01   3.06493E-04  -5.44217E-05   3.63493E-06   1.28881E-10  -5.80567E-05   2.20866E-03  -2.03039E-04   2.97291E-06   4.67723E-10  -2.06012E-04   1.17038E-04   3.88857E-05   3.59958E-06   2.25840E-10   3.52859E-05
  202000   7.64161E+02   2.52598E-02   2.07160E-02   4.50599E-03  -1.84027E-01   2.09287E-01   3.78196E-05  -1.07283E-04   3.24156E-06   1.28038E-10  -1.10525E-04   2.04441E-03   1.43032E-04   2.74158E-06   4.29341E-10   1.40290E-04   1.19332E-04  -1.82222E-06   3.20899E-06   2.16455E-10  -5.03143E-06
  203000   7.67944E+02  -5.15949E-02  -1.94938E-02  -3.21436E-02  -1.88732E-01   1.37137E-01   4.25333E-05  -1.04209E-04   2.97658E-06   1.22310E-10  -1.07186E-04   1.95594E-03  -5.25535E-05   2.35748E-06   4.42480E-10  -5.49115E-05   1.18180E-04   3.20250E-05   2.83759E-06   2.22460E-10   2.91872E-05
  204000   7.71727E+02  -1.15695E-01  -1.26536E-01   1.07923E-02  -1.94059E-01   7.83639E-02   4.86172E-05  -1.31525E-04   2.66522E-06   1.24273E-10  -1.34190E-04   1.89542E-03  -2.54769E-05   2.08602E-06   4.21659E-10  -2.75633E-05   1.15035E-04   4.86688E-05   2.45164E-06   2.41529E-10   4.62169E-05
  205000   7.75510E+02  -1.38943E-01  -1.63390E-01   2.44015E-02  -1.99183E-01   6.02405E-02   4.62489E-05  -4.04160E-05   2.19366E-06   1.10210E-10  -4.26098E-05   1.92699E-03   9.18999E-05   1.97510E-06   4.69462E-10   8.99243E-05   1.24333E-04  -1.17516E-04   2.26363E-06   2.30252E-10  -1.19780E-04
  206000   7.79293E+02   1.67781E-01   1.40187E-01   2.74021E-02  -2.04134E-01   3.71915E-01   1.91946E-04  -1.10833E-04   2.14100E-06   1.15911E-10  -1.12974E-04   2.01431E-03  -9.81576E-05   2.11749E-06   4.72159E-10  -1.00276E-04   1.34529E-04   5.65997E-05   2.20353E-06   2.17081E-10   5.43960E-05
  207000   7.83076E+02   1.60998E-01   1.35332E-01   2.54789E-02  -2.08677E-01   3.69675E-01   1.87309E-04  -4.27923E-05   2.24382E-06   1.08686E-10  -4.50362E-05   2.10952E-03  -3.87777E-05   2.05024E-06   5.10878E-10  -4.08284E-05   1.37288E-04   6.41588E-05   2.16838E-06   2.03766E-10   6.19902E-05
  208000   7.86859E+02  -4.63417E-02  -2.59567E-02  -2.05225E-02  -2.13510E-01   1.67168E-01   1.37510E-04  -4.41470E-05   2.18053E-06   1.17079E-10  -4.63276E-05   2.21009E-03  -1.93969E-04   2.13590E-06   4.98595E-10  -1.96106E-04   1.30420E-04  -1.22658E-05   2.50783E-06   2.19349E-10  -1.47738E-05
  209000   7.90642E+02   1.56557E-01   1.41007E-01   1.52913E-02  -2.18039E-01   3.74597E-01   2.59170E-04  -3.70480E-05   2.17513E-06   1.19233E-10  -3.92232E-05   2.34175E-03   1.73279E-04   2.07527E-06   5.06499E-10   1.71203E-04   1.27742E-04  -2.43138E-06   2.36260E-06   2.19487E-10  -4.79419E-06
  210000   7.94425E+02   6.99111E-02   7.07778E-02  -1.03565E-03  -2.21802E-01   2.91713E-01   1.69040E-04  -2.42360E-05   2.28636E-06   1.20710E-10  -2.65225E-05   2.52075E-03  -1.69276E-04   2.27436E-06   5.54204E-10  -1.71551E-04   1.21548E-04  -3.15043E-05   2.30597E-06   2.12484E-10  -3.38105E-05
  211000   7.98208E+02  -5.89775E-04  -4.19115E-02   4.12168E-02  -2.26048E-01   2.25459E-01   1.04920E-04  -1.45661E-04   2.34478E-06   1.12384E-10  -1.48006E-04   2.72899E-03  -4.00073E-05   2.42865E-06   5.93350E-10  -4.24365E-05   1.23070E-04   3.06626E-06   2.53569E-06   2.21399E-10   5.30349E-07
  212000   8.01991E+02   1.91853E-01   2.00165E-01  -9.56545E-03  -2.30319E-01   4.22172E-01   1.25363E-03   4.59396E-05   2.42337E-06   1.15917E-10   4.35161E-05   2.91478E-03  -2.31732E-04   2.32565E-06   5.83150E-10  -2.34058E-04   1.30194E-04   4.78938E-05   2.62524E-06   2.20025E-10   4.52684E-05
  213000   8.05774E+02  -1.13096E-01  -1.70121E-01   5.69639E-02  -2.34727E-01   1.21631E-01   6.08465E-05  -5.38060E-05   2.58762E-06   1.12962E-10  -5.63938E-05   3.04378E-03  -2.05199E-04   2.45550E-06   6.01431E-10  -2.07655E-04   1.19256E-04   1.25912E-05   2.75506E-06   2.38996E-10   9.83588E-06
  214000   8.09557E+02  -3.38289E-02  -2.86380E-02  -5.23311E-03  -2.38631E-01   2.04802E-01   4.22534E-05  -1.21454E-04   2.98631E-06   1.13156E-10  -1.24441E-04   3.09953E-03   6.45474E-04   2.71821E-06   6.18987E-10   6.42755E-04   1.11419E-04  -2.08165E-05   2.99632E-06   2.23018E-10  -2.38131E-05
  215000   8.13340E+02   9.69601E-02   1.22587E-01  -2.57911E-02  -2.42738E-01   3.39698E-01   1.63768E-04   1.31669E-04   3.01858E-06   1.10053E-10   1.28650E-04   3.06971E-03  -1.28692E-04   2.88109E-06   5.67097E-10  -1.31573E-04   1.02860E-04   2.10933E-05   3.08220E-06   2.35030E-10   1.80109E-05
  216000   8.17123E+02   1.05138E-02  -9.57361E-03   2.00434E-02  -2.46743E-01   2.57257E-01   4.40130E-05  -1.41760E-05   3.08587E-06   1.14798E-10  -1.72620E-05   2.96814E-03   8.97545E-05   3.23328E-06   6.01222E-10   8.65206E-05   9.53069E-05  -3.34801E-05   3.27362E-06   2.27395E-10  -3.67539E-05
  217000   8.20906E+02  -1.90287E-02  -3.61474E-02   1.70620E-02  -2.50803E-01   2.31775E-01   5.66574E-05  -1.55243E-04   3.02232E-06   1.11476E-10  -1.58266E-04   2.85457E-03   9.48933E-05   2.85779E-06   5.37455E-10   9.20350E-05   9.61004E-05   2.14827E-05   3.12228E-06   2.15851E-10   1.83602E-05
  218000   8.24689E+02   5.90827E-02   8.24749E-02  -2.35548E-02  -2.54655E-01   3.13737E-01   1.62625E-04  -7.04019E-06   3.25251E-06   1.18130E-10  -1.02928E-05   2.71780E-03  -2.68373E-04   2.84453E-06   5.10461E-10  -2.71218E-04   1.00463E-04   2.23033E-05   3.19711E-06   2.16469E-10   1.91060E-05
  219000   8.28472E+02   9.21536E-02   1.22635E-01  -3.06410E-02  -2.58354E-01   3.50508E-01   1.59888E-04  -4.26942E-05   2.93270E-06   1.10471E-10  -4.56270E-05   2.54141E-03   6.39712E-05   2.81491E-06   5.20080E-10   6.11558E-05   1.09306E-04  -8.31684E-05   3.14458E-06   2.38862E-10  -8.63132E-05
  220000   8.32255E+02   1.27958E-02  -3.37717E-02   4.64869E-02  -2.61720E-01   2.74516E-01   8.06206E-05  -1.10400E-04   2.79183E-06   1.14481E-10  -1.13192E-04   2.38434E-03  -1.70538E-04   2.56277E-06   4.80567E-10  -1.73101E-04   1.09169E-04   4.43092E-05   2.84014E-06   2.25410E-10   4.14688E-05
  221000   8.36038E+02   1.73048E-01   1.50457E-01   2.24102E-02  -2.64734E-01   4.37781E-01   1.80456E-04   1.37180E-05   2.61284E-06   1.13259E-10   1.11050E-05   2.16143E-03   1.19002E-04   2.49424E-06   4.57278E-10   1.16508E-04   9.67488E-05   2.34190E-05   2.82221E-06   2.17157E-10   2.05965E-05
  222000   8.39821E+02   1.03332E-01   1.29955E-01  -2.69050E-02  -2.68063E-01   3.71395E-01   2.81502E-04   4.09035E-05   2.65041E-06   1.10860E-10   3.82530E-05   1.98629E-03  -4.00778E-05   2.31440E-06   4.61801E-10  -4.23926E-05   8.79829E-05   2.64316E-06   2.44643E-06   2.28450E-10   1.96497E-07
  223000   8.43604E+02   5.17802E-02   6.88983E-02  -1.73349E-02  -2.71534E-01   3.23315E-01   2.16733E-04  -1.69996E-05   2.33829E-06   1.20340E-10  -1.93380E-05   1.80997E-03  -1.28685E-04   2.09452E-06   4.08077E-10  -1.30780E-04   7.96512E-05  -3.01074E-05   2.23637E-06   2.17565E-10  -3.23440E-05
  224000   8.47387E+02  -2.61740E-02  -2.24947E-02  -3.72047E-03  -2.74805E-01   2.48631E-01   4.11682E-05  -1.13132E-04   2.17316E-06   1.16362E-10  -1.15305E-04   1.70072E-03  -1.49214E-04   2.10671E-06   4.17806E-10  -1.51321E-04   7.75773E-05  -4.88449E-05   2.28727E-06   2.20595E-10  -5.11324E-05
  225000   8.51170E+02  -6.70256E-02  -1.25630E-01   5.85362E-02  -2.78031E-01   2.11006E-01   6.81977E-05   1.25979E-04   2.09590E-06   1.21895E-10   1.23883E-04   1.60077E-03   3.04942E-04   1.89062E-06   4.08348E-10   3.03051E-04   8.00308E-05   1.23859E-05   2.10147E-06   2.39345E-10   1.02842E-05
  226000   8.54953E+02  -6.35304E-02  -1.32907E-01   6.92991E-02  -2.81365E-01   2.17835E-01   7.72179E-05  -8.33479E-05   1.85680E-06   1.22743E-10  -8.52048E-05   1.53431E-03  -6.86275E-05   1.54989E-06   3.60317E-10  -7.01778E-05   8.15160E-05   6.85204E-06   1.86163E-06   2.16252E-10   4.99019E-06
  227000   8.58736E+02  -1.36567E-02   2.35700E-02  -3.73790E-02  -2.84688E-01   2.71032E-01   1.52239E-04  -1.74354E-04   1.79523E-06   1.19971E-10  -1.76149E-04   1.50051E-03  -2.13151E-04   1.49616E-06   3.73226E-10  -2.14648E-04   8.03165E-05   9.30903E-06   1.82678E-06   2.33202E-10   7.48202E-06
  228000   8.62519E+02  -1.02593E-01  -5.10360E-02  -5.17311E-02  -2.87570E-01   1.84977E-01   1.74265E-04  -1.44360E-04   1.73343E-06   1.31134E-10  -1.46093E-04   1.46863E-03  -1.73940E-04   1.37946E-06   3.58321E-10  -1.75320E-04   7.84802E-05   4.92646E-05   1.67285E-06   2.35950E-10   4.75915E-05
  229000   8.66302E+02  -4.67069E-02  -3.40488E-02  -1.28586E-02  -2.90334E-01   2.43627E-01   2.00480E-04  -1.00849E-05   1.63713E-06   1.19425E-10  -1.17221E-05   1.41697E-03   1.75573E-04   1.39329E-06   3.41648E-10   1.74179E-04   8.12863E-05  -3.88424E-05   1.63300E-06   2.38245E-10  -4.04757E-05
  230000   8.70085E+02   1.21259E-03   3.32031E-02  -3.22273E-02  -2.92916E-01   2.94129E-01   2.36783E-04  -5.24380E-05   1.53737E-06   1.12610E-10  -5.39755E-05   1.31098E-03  -1.80614E-05   1.36843E-06   3.26616E-10  -1.94302E-05   7.73639E-05  -3.10656E-06   1.61415E-06   2.30193E-10  -4.72094E-06
  231000   8.73868E+02  -4.45868E-02  -4.60024E-02   1.31899E-03  -2.95354E-01   2.50767E-01   9.65506E-05  -1.05991E-04   1.51348E-06   1.10983E-10  -1.07504E-04   1.24547E-03   1.89125E-04   1.33344E-06   3.34147E-10   1.87791E-04   7.50581E-05   3.75287E-05   1.52490E-06   2.21469E-10   3.60036E-05
  232000   8.77651E+02   2.90296E-03  -2.65497E-03   5.39836E-03  -2.97791E-01   3.00694E-01   1.59571E-04  -2.88351E-05   1.36488E-06   1.05155E-10  -3.02001E-05   1.20481E-03   5.63605E-05   1.38823E-06   3.41601E-10   5.49719E-05   7.16001E-05   9.33031E-06   1.37682E-06   2.00224E-10   7.95329E-06
  233000   8.81434E+02   3.54129E-02  -1.86854E-02   5.39230E-02  -2.99862E-01   3.35275E-01   1.75370E-04  -1.69702E-04   1.42918E-06   1.02793E-10  -1.71131E-04   1.13416E-03   9.23426E-05   1.33620E-06   3.32888E-10   9.10060E-05   7.72729E-05  -7.35840E-06   1.44708E-06   2.25873E-10  -8.80571E-06
  234000   8.85217E+02   6.08278E-03  -5.57625E-03   1.15200E-02  -3.02405E-01   3.08488E-01   1.39065E-04  -1.17878E-04   1.46853E-06   1.12792E-10  -1.19346E-04   1.08881E-03  -8.93213E-05   1.26523E-06   3.23252E-10  -9.05869E-05   7.73702E-05   2.59762E-05   1.28655E-06   1.94408E-10   2.46895E-05
  235000   8.89000E+02   9.50235E-02   7.74488E-02   1.73834E-02  -3.04928E-01   3.99952E-01   1.91214E-04  -4.60415E-05   1.22423E-06   1.03899E-10  -4.72658E-05   1.06021E-03  -1.68465E-04   1.12444E-06   3.04352E-10  -1.69590E-04   7.89534E-05   3.24163E-05   1.32991E-06   2.24866E-10   3.10862E-05
  236000   8.92783E+02  -4.97985E-02  -4.72981E-02  -2.57429E-03  -3.07329E-01   2.57530E-01   7.38892E-05  -5.90873E-06   1.20421E-06   1.07226E-10  -7.11304E-06   9.72620E-04   2.17124E-04   1.18292E-06   3.15115E-10   2.15941E-04   8.04226E-05   1.04501E-05   1.36813E-06   2.16859E-10   9.08179E-06
  237000   8.96566E+02   5.18312E-02   4.28297E-02   8.95808E-03  -3.09493E-01   3.61324E-01   4.33910E-05  -5.41871E-05   1.11574E-06   1.03165E-10  -5.53030E-05   8.68985E-04   2.89194E-05   1.12107E-06   2.99190E-10   2.77980E-05   8.20206E-05  -1.49198E-05   1.17985E-06   2.01645E-10  -1.60999E-05
  238000   9.00349E+02  -1.45387E-02  -3.93391E-02   2.47322E-02  -3.11281E-01   2.96743E-01   6.81360E-05   4.90508E-05   1.14539E-06   1.13237E-10   4.79053E-05   7.82181E-04   1.04348E-04   1.11684E-06   2.80662E-10   1.03231E-04   8.09600E-05  -1.99273E-05   1.23652E-06   2.16734E-10  -2.11640E-05
  239000   9.04132E+02   1.00777E-01   1.17241E-01  -1.66283E-02  -3.12954E-01   4.13730E-01   1.63953E-04   7.19262E-06   1.30360E-06   1.06247E-10   5.88892E-06   7.13302E-04   1.41973E-04   1.05279E-06   2.43595E-10   1.40920E-04   8.27767E-05   1.43980E-05   1.32656E-06   2.37449E-10   1.30712E-05
  240000   9.07915E+02  -1.17772E-02  -1.43671E-02   2.56146E-03  -3.14454E-01   3.02677E-01   2.84672E-05  -3.68014E-05   1.11504E-06   1.15403E-10  -3.79166E-05   6.52664E-04   2.91544E-05   9.47478E-07   2.38776E-10   2.82067E-05   8.21070E-05  -6.67232E-05   1.25717E-06   2.17400E-10  -6.79806E-05
  241000   9.11698E+02  -2.57026E-02  -2.39095E-02  -1.89285E-03  -3.15944E-01   2.90241E-01   9.97381E-05  -9.49089E-06   1.14090E-06   1.13967E-10  -1.06319E-05   6.08470E-04  -6.24732E-06   9.32933E-07   2.42325E-10  -7.18050E-06   8.20539E-05  -7.93964E-05   1.20599E-06   2.43183E-10  -8.06026E-05
  242000   9.15481E+02   9.49734E-02  -1.16984E-02   1.05672E-01  -3.17346E-01   4.12320E-01   9.99601E-04  -9.82085E-05   1.19542E-06   1.18140E-10  -9.94040E-05   5.54831E-04   2.90723E-05   9.95129E-07   2.33136E-10   2.80769E-05   7.98736E-05   8.35848E-06   1.22891E-06   2.41285E-10   7.12933E-06
  243000   9.19264E+02  -7.60498E-02  -6.53924E-02  -1.06813E-02  -3.18658E-01   2.42609E-01   2.39000E-05   3.66301E-05   1.02918E-06   1.11602E-10   3.56008E-05   5.02589E-04   3.62085E-07   9.00301E-07   2.40343E-10  -5.38456E-07   7.32130E-05  -7.30680E-06   1.14784E-06   2.23732E-10  -8.45486E-06
  244000   9.23047E+02  -2.87432E-03  -1.24873E-02   9.55802E-03  -3.19711E-01   3.16837E-01   5.49315E-05  -5.63577E-05   1.02177E-06   1.17682E-10  -5.73795E-05   4.45596E-04   2.08357E-05   8.27591E-07   2.28920E-10   2.00079E-05   7.23567E-05   3.95107E-06   1.13753E-06   2.37383E-10   2.81331E-06
  245000   9.26830E+02  -5.05072E-02  -7.67541E-02   2.62336E-02  -3.20988E-01   2.70481E-01   1.33216E-05  -5.33667E-05   8.85131E-07   1.05715E-10  -5.42519E-05   3.95215E-04  -4.12868E-05   8.22832E-07   2.27632E-10  -4.21099E-05   7.29817E-05  -3.75667E-05   9.70574E-07   2.07367E-10  -3.85375E-05
  246000   9.30612E+02   1.61545E-02  -3.38948E-02   4.98214E-02  -3.22459E-01   3.38614E-01   2.27902E-04  -3.14987E-05   8.02968E-07   9.58646E-11  -3.23018E-05   3.48022E-04   8.32721E-05   7.61170E-07   2.20498E-10   8.25107E-05   7.22814E-05   6.90429E-06   8.72270E-07   2.05864E-10   6.03181E-06
  247000   9.34395E+02  -6.05916E-02  -7.98130E-02   1.91783E-02  -3.23554E-01   2.62962E-01   4.30439E-05  -1.03687E-04   7.34592E-07   1.02581E-10  -1.04421E-04   3.21664E-04   7.77176E-05   7.16142E-07   2.20404E-10   7.70013E-05   7.14226E-05   6.79383E-06   8.91005E-07   2.12026E-10   5.90261E-06
  248000   9.38178E+02  -2.86329E-02  -2.17662E-02  -7.00305E-03  -3.24267E-01   2.95635E-01   1.36412E-04   1.54229E-05   6.91672E-07   1.03466E-10   1.47311E-05   2.97608E-04  -2.51345E-05   6.30045E-07   2.26702E-10  -2.57647E-05   7.07427E-05  -3.37031E-05   7.09807E-07   2.13037E-10  -3.44131E-05
  249000   9.41961E+02  -3.83339E-02  -4.51923E-02   6.85312E-03  -3.24826E-01   2.86492E-01   5.31033E-06   2.99446E-05   6.01610E-07   1.11393E-10   2.93429E-05   3.05206E-04  -1.25395E-04   5.73494E-07   2.34699E-10  -1.25969E-04   7.07318E-05   1.97012E-05   6.33316E-07   2.18716E-10   1.90677E-05
  250000   9.45744E+02  -2.69473E-02  -3.49568E-02   8.00052E-03  -3.25627E-01   2.98679E-01   8.96680E-06  -2.79311E-05   6.20711E-07   9.43191E-11  -2.85519E-05   3.12491E-04   4.56878E-05   5.77537E-07   2.18324E-10   4.51101E-05   7.17493E-05  -1.06146E-05   5.99004E-07   2.05289E-10  -1.12138E-05
