 kstep t[R/vA] e_n=0 e_n=1 e_n=2 e_n=3 e_n=4 e_n=5 e_n=6 e_n=7 e_n=8 e_n=9 e_n=10 e_n=11 e_n=12 e_n=13 e_n=14 e_n=15 e_n=16 e_n=17 e_n=18 e_n=19 e_n=20 e_n=21 e_n=22 e_n=23 e_n=24 e_n=25 e_n=26 e_n=27 e_n=28 e_n=29 e_n=30 e_n=31 e_n=32 e_n=33 e_n=34 e_n=35 e_n=36 e_n=37 e_n=38 e_n=39 e_n=40
         0   0.00000E+00   0.00000E+00   3.04886E-12   5.28719E-44
      1000   3.78298E+00   3.24816E-12   2.59262E-12   3.07119E-17
      2000   7.56596E+00  -3.32365E-12   2.22328E-12   9.94067E-17
      3000   1.13489E+01   2.79971E-11   1.91196E-12   1.60968E-16
      4000   1.51319E+01   4.08059E-11   1.83035E-12   2.39723E-16
      5000   1.89149E+01   4.71525E-11   1.83668E-12   3.30658E-16
      6000   2.26979E+01  -3.93140E-11   1.74536E-12   4.08229E-16
      7000   2.64808E+01   7.09888E-11   1.73577E-12   4.61280E-16
      8000   3.02638E+01   2.53215E-10   1.89085E-12   5.92237E-16
      9000   3.40468E+01   3.78268E-11   2.27943E-12   7.03770E-16
     10000   3.78298E+01   1.23538E-10   2.71007E-12   8.24636E-16
     11000   4.16128E+01   7.23848E-12   3.03744E-12   9.88824E-16
     12000   4.53957E+01   1.26872E-10   3.49726E-12   1.09150E-15
     13000   4.91787E+01   3.77804E-11   4.14579E-12   1.23524E-15
     14000   5.29617E+01   3.73412E-10   5.13125E-12   1.52693E-15
     15000   5.67447E+01   4.32591E-10   6.50971E-12   1.88778E-15
     16000   6.05276E+01   3.87361E-10   8.05640E-12   2.23409E-15
     17000   6.43106E+01  -1.42487E-10   9.96016E-12   2.83415E-15
     18000   6.80936E+01  -1.01619E-10   1.23544E-11   3.37785E-15
     19000   7.18766E+01  -6.24967E-11   1.56682E-11   4.38265E-15
     20000   7.56596E+01  -2.20722E-10   2.02226E-11   5.22708E-15
     21000   7.94425E+01  -8.04126E-11   2.56473E-11   6.54126E-15
     22000   8.32255E+01   4.84459E-11   3.19832E-11   7.93544E-15
     23000   8.70085E+01   1.45478E-10   3.99248E-11   9.85855E-15
     24000   9.07915E+01   6.51505E-10   5.04782E-11   1.20131E-14
     25000   9.45744E+01   3.50444E-10   6.44504E-11   1.51820E-14
     26000   9.83574E+01  -1.39683E-09   8.15239E-11   1.88541E-14
     27000   1.02140E+02  -1.83444E-09   1.02057E-10   2.36524E-14
     28000   1.05923E+02  -2.04691E-09   1.26870E-10   3.06625E-14
     29000   1.09706E+02  -2.06196E-09   1.59549E-10   3.83395E-14
     30000   1.13489E+02  -2.38230E-09   2.02143E-10   4.74590E-14
     31000   1.17272E+02  -1.45926E-10   2.55309E-10   6.02777E-14
     32000   1.21055E+02  -1.42642E-09   3.20007E-10   8.45493E-14
     33000   1.24838E+02  -6.16915E-10   3.99937E-10   9.96418E-14
     34000   1.28621E+02  -1.05421E-10   5.02175E-10   1.34490E-13
     35000   1.32404E+02   3.25124E-09   6.33862E-10   1.69494E-13
     36000   1.36187E+02  -1.71752E-09   7.98709E-10   2.12085E-13
     37000   1.39970E+02   3.56433E-09   1.00251E-09   2.58064E-13
     38000   1.43753E+02   5.15661E-09   1.25445E-09   3.27571E-13
     39000   1.47536E+02   1.33553E-09   1.57505E-09   3.74079E-13
     40000   1.51319E+02  -1.40034E-10   1.98730E-09   4.50880E-13
     41000   1.55102E+02  -2.74307E-09   2.49393E-09   5.87500E-13
     42000   1.58885E+02  -1.98137E-09   3.12857E-09   7.26151E-13
     43000   1.62668E+02   1.37955E-09   3.92638E-09   8.73969E-13
     44000   1.66451E+02  -4.78309E-09   4.92260E-09   1.16269E-12
     45000   1.70234E+02   7.50452E-09   6.17822E-09   1.41878E-12
     46000   1.74017E+02   4.35644E-09   7.75975E-09   1.67732E-12
     47000   1.77800E+02   2.15392E-09   9.76410E-09   2.17442E-12
     48000   1.81583E+02   1.92838E-08   1.22524E-08   2.88595E-12
     49000   1.85366E+02   6.43853E-09   1.53995E-08   3.88082E-12
     50000   1.89149E+02   2.27624E-08   1.93973E-08   5.40322E-12
     51000   1.92932E+02   2.66226E-08   2.44281E-08   6.89437E-12
     52000   1.96715E+02   1.11382E-08   3.07609E-08   7.85802E-12
     53000   2.00498E+02  -3.26267E-10   3.86127E-08   9.68342E-12
     54000   2.04281E+02   7.20905E-09   4.85424E-08   1.24253E-11
     55000   2.08064E+02  -3.51996E-08   6.11309E-08   1.60133E-11
     56000   2.11847E+02   4.85327E-09   7.70494E-08   1.88444E-11
     57000   2.15630E+02   1.35290E-08   9.70307E-08   2.35254E-11
     58000   2.19413E+02   1.90083E-08   1.22236E-07   2.87912E-11
     59000   2.23196E+02   2.78331E-08   1.53682E-07   3.50129E-11
     60000   2.26979E+02   6.83429E-08   1.93196E-07   4.64619E-11
     61000   2.30762E+02   2.29882E-08   2.43361E-07   6.11088E-11
     62000   2.34545E+02   1.31704E-08   3.05735E-07   7.68619E-11
     63000   2.38328E+02  -2.41651E-08   3.84801E-07   9.60747E-11
     64000   2.42111E+02   1.01578E-07   4.83970E-07   1.20642E-10
     65000   2.45894E+02   1.15987E-07   6.10749E-07   1.56162E-10
     66000   2.49677E+02   1.68014E-07   7.69621E-07   1.86543E-10
     67000   2.53460E+02   1.55022E-07   9.68576E-07   2.49837E-10
     68000   2.57242E+02   2.87422E-07   1.22040E-06   3.25753E-10
     69000   2.61025E+02   4.54047E-07   1.54016E-06   3.92323E-10
     70000   2.64808E+02   5.11346E-07   1.94086E-06   5.06079E-10
     71000   2.68591E+02   4.06524E-07   2.44132E-06   5.68932E-10
     72000   2.72374E+02   6.27406E-07   3.07539E-06   7.18255E-10
     73000   2.76157E+02   6.55466E-07   3.85802E-06   8.76629E-10
     74000   2.79940E+02   1.04497E-06   4.85315E-06   1.19843E-09
     75000   2.83723E+02   1.21736E-06   6.12426E-06   1.68635E-09
     76000   2.87506E+02   1.61948E-06   7.72474E-06   2.04946E-09
     77000   2.91289E+02   2.12958E-06   9.73265E-06   2.47129E-09
     78000   2.95072E+02   2.52980E-06   1.22636E-05   3.31649E-09
     79000   2.98855E+02   3.50019E-06   1.54458E-05   3.87393E-09
     80000   3.02638E+02   4.62059E-06   1.94763E-05   4.99521E-09
     81000   3.06421E+02   5.84303E-06   2.45747E-05   6.49115E-09
     82000   3.10204E+02   6.76223E-06   3.10269E-05   8.86226E-09
     83000   3.13987E+02   8.20563E-06   3.91167E-05   1.15629E-08
     84000   3.17770E+02   1.05453E-05   4.93551E-05   1.53599E-08
     85000   3.21553E+02   1.40923E-05   6.20158E-05   2.14748E-08
     86000   3.25336E+02   1.68292E-05   7.81134E-05   2.96020E-08
     87000   3.29119E+02   2.01169E-05   9.82950E-05   3.85623E-08
     88000   3.32902E+02   2.70616E-05   1.23638E-04   5.46070E-08
     89000   3.36685E+02   3.40849E-05   1.55455E-04   7.84092E-08
     90000   3.40468E+02   4.24085E-05   1.94740E-04   1.15282E-07
     91000   3.44251E+02   5.47075E-05   2.44234E-04   1.65878E-07
     92000   3.48034E+02   6.88197E-05   3.06660E-04   2.29569E-07
     93000   3.51817E+02   8.72958E-05   3.85276E-04   3.26827E-07
     94000   3.55600E+02   1.08527E-04   4.82760E-04   4.73822E-07
     95000   3.59383E+02   1.35662E-04   6.04446E-04   7.27071E-07
     96000   3.63166E+02   1.68777E-04   7.55984E-04   1.08722E-06
     97000   3.66949E+02   2.14830E-04   9.45227E-04   1.62873E-06
     98000   3.70732E+02   2.75597E-04   1.18184E-03   2.41534E-06
     99000   3.74515E+02   3.46074E-04   1.47392E-03   3.62328E-06
    100000   3.78298E+02   4.33513E-04   1.82627E-03   5.49982E-06
    101000   3.82081E+02   5.47374E-04   2.25679E-03   8.54501E-06
    102000   3.85864E+02   6.83151E-04   2.79409E-03   1.26917E-05
    103000   3.89647E+02   8.66574E-04   3.43297E-03   1.85969E-05
    104000   3.93430E+02   1.09987E-03   4.19820E-03   2.76747E-05
    105000   3.97213E+02   1.37433E-03   5.11352E-03   4.06452E-05
    106000   4.00996E+02   1.73464E-03   6.20703E-03   5.95311E-05
    107000   4.04779E+02   2.17236E-03   7.47305E-03   8.41651E-05
    108000   4.08562E+02   2.72777E-03   8.88154E-03   1.19454E-04
    109000   4.12345E+02   3.39553E-03   1.05260E-02   1.66107E-04
    110000   4.16128E+02   4.18650E-03   1.23524E-02   2.26840E-04
    111000   4.19911E+02   5.19457E-03   1.43435E-02   2.96407E-04
    112000   4.23693E+02   6.39348E-03   1.65259E-02   3.87335E-04
    113000   4.27476E+02   7.77708E-03   1.88905E-02   4.96878E-04
    114000   4.31259E+02   9.38718E-03   2.13788E-02   6.29457E-04
    115000   4.35042E+02   1.12612E-02   2.39490E-02   7.79899E-04
    116000   4.38825E+02   1.33683E-02   2.65335E-02   9.40226E-04
    117000   4.42608E+02   1.57837E-02   2.90837E-02   1.10084E-03
    118000   4.46391E+02   1.84508E-02   3.15345E-02   1.26704E-03
    119000   4.50174E+02   2.13931E-02   3.39010E-02   1.43885E-03
    120000   4.53957E+02   2.45730E-02   3.60911E-02   1.61852E-03
    121000   4.57740E+02   2.79535E-02   3.81170E-02   1.80830E-03
    122000   4.61523E+02   3.15142E-02   3.97615E-02   1.94770E-03
    123000   4.65306E+02   3.52115E-02   4.13158E-02   2.07261E-03
    124000   4.69089E+02   3.91116E-02   4.26672E-02   2.19066E-03
    125000   4.72872E+02   4.30974E-02   4.37798E-02   2.29566E-03
    126000   4.76655E+02   4.72291E-02   4.46804E-02   2.39824E-03
    127000   4.80438E+02   5.14004E-02   4.53071E-02   2.48120E-03
    128000   4.84221E+02   5.56660E-02   4.56302E-02   2.56484E-03
    129000   4.88004E+02   5.98680E-02   4.59145E-02   2.56880E-03
    130000   4.91787E+02   6.40480E-02   4.61203E-02   2.61699E-03
    131000   4.95570E+02   6.82249E-02   4.61995E-02   2.59844E-03
    132000   4.99353E+02   7.23836E-02   4.64260E-02   2.58077E-03
    133000   5.03136E+02   7.66220E-02   4.64738E-02   2.59551E-03
    134000   5.06919E+02   8.05807E-02   4.65674E-02   2.50455E-03
    135000   5.10702E+02   8.45714E-02   4.68333E-02   2.47923E-03
    136000   5.14485E+02   8.85189E-02   4.68430E-02   2.48685E-03
    137000   5.18268E+02   9.23677E-02   4.68935E-02   2.40688E-03
    138000   5.22051E+02   9.63559E-02   4.69213E-02   2.40683E-03
    139000   5.25834E+02   1.00268E-01   4.68273E-02   2.38865E-03
    140000   5.29617E+02   1.04200E-01   4.66370E-02   2.30014E-03
    141000   5.33400E+02   1.08210E-01   4.62306E-02   2.25473E-03
    142000   5.37183E+02   1.12015E-01   4.56753E-02   2.21349E-03
    143000   5.40966E+02   1.16177E-01   4.43935E-02   2.20388E-03
    144000   5.44749E+02   1.19946E-01   4.32484E-02   2.07106E-03
    145000   5.48532E+02   1.23792E-01   4.14915E-02   1.94975E-03
    146000   5.52315E+02   1.27637E-01   3.90466E-02   1.88489E-03
    147000   5.56098E+02   1.31342E-01   3.62332E-02   1.74453E-03
    148000   5.59881E+02   1.34750E-01   3.30712E-02   1.62647E-03
    149000   5.63664E+02   1.37904E-01   2.97767E-02   1.46756E-03
    150000   5.67447E+02   1.40753E-01   2.65196E-02   1.24090E-03
    151000   5.71230E+02   1.43238E-01   2.32875E-02   1.07368E-03
    152000   5.75013E+02   1.45452E-01   2.03266E-02   9.02043E-04
    153000   5.78796E+02   1.47233E-01   1.78357E-02   7.58108E-04
    154000   5.82579E+02   1.48753E-01   1.57662E-02   5.92259E-04
    155000   5.86362E+02   1.49946E-01   1.42630E-02   4.36419E-04
    156000   5.90145E+02   1.51018E-01   1.31344E-02   3.29976E-04
    157000   5.93927E+02   1.51795E-01   1.25643E-02   2.41069E-04
    158000   5.97710E+02   1.52513E-01   1.24595E-02   2.09885E-04
    159000   6.01493E+02   1.53067E-01   1.27549E-02   1.80457E-04
    160000   6.05276E+02   1.53790E-01   1.34099E-02   1.75631E-04
    161000   6.09059E+02   1.54452E-01   1.41985E-02   1.82011E-04
    162000   6.12842E+02   1.55288E-01   1.49558E-02   2.00414E-04
    163000   6.16625E+02   1.56285E-01   1.56941E-02   2.29741E-04
    164000   6.20408E+02   1.57260E-01   1.63494E-02   2.43013E-04
    165000   6.24191E+02   1.58568E-01   1.66455E-02   2.51883E-04
    166000   6.27974E+02   1.59678E-01   1.68373E-02   2.56213E-04
    167000   6.31757E+02   1.61137E-01   1.67050E-02   2.59459E-04
    168000   6.35540E+02   1.62557E-01   1.64157E-02   2.63597E-04
    169000   6.39323E+02   1.63939E-01   1.60104E-02   2.32487E-04
    170000   6.43106E+02   1.65253E-01   1.56870E-02   1.96650E-04
    171000   6.46889E+02   1.66621E-01   1.54492E-02   1.70565E-04
    172000   6.50672E+02   1.67785E-01   1.52765E-02   1.62915E-04
    173000   6.54455E+02   1.69148E-01   1.52197E-02   1.70536E-04
    174000   6.58238E+02   1.70258E-01   1.52491E-02   1.83590E-04
    175000   6.62021E+02   1.71577E-01   1.49645E-02   1.89660E-04
    176000   6.65804E+02   1.72810E-01   1.45457E-02   1.94855E-04
    177000   6.69587E+02   1.74007E-01   1.39608E-02   1.92600E-04
    178000   6.73370E+02   1.75344E-01   1.31897E-02   1.92821E-04
    179000   6.77153E+02   1.76546E-01   1.24210E-02   1.81908E-04
    180000   6.80936E+02   1.77639E-01   1.17721E-02   1.72008E-04
    181000   6.84719E+02   1.78692E-01   1.12862E-02   1.68724E-04
    182000   6.88502E+02   1.79619E-01   1.09872E-02   1.72184E-04
    183000   6.92285E+02   1.80663E-01   1.07602E-02   1.71747E-04
    184000   6.96068E+02   1.81481E-01   1.05155E-02   1.65892E-04
    185000   6.99851E+02   1.82367E-01   1.00811E-02   1.47295E-04
    186000   7.03634E+02   1.83382E-01   9.37571E-03   1.36795E-04
    187000   7.07417E+02   1.84243E-01   8.42400E-03   1.22718E-04
    188000   7.11200E+02   1.85097E-01   7.43859E-03   1.18439E-04
    189000   7.14983E+02   1.85881E-01   6.50538E-03   1.22041E-04
    190000   7.18766E+02   1.86616E-01   5.70535E-03   1.24361E-04
    191000   7.22549E+02   1.87290E-01   5.12352E-03   1.21066E-04
    192000   7.26332E+02   1.87823E-01   4.79444E-03   1.13374E-04
    193000   7.30115E+02   1.88372E-01   4.64744E-03   1.08512E-04
    194000   7.33898E+02   1.88860E-01   4.66009E-03   1.03706E-04
    195000   7.37681E+02   1.89222E-01   4.61932E-03   9.82972E-05
    196000   7.41464E+02   1.89577E-01   4.49642E-03   1.00764E-04
    197000   7.45247E+02   1.90130E-01   4.29609E-03   1.00214E-04
    198000   7.49030E+02   1.90586E-01   4.03424E-03   9.76080E-05
    199000   7.52813E+02   1.91015E-01   3.82301E-03   9.17983E-05
    200000   7.56596E+02   1.91414E-01   3.62847E-03   8.92632E-05
    201000   7.60379E+02   1.91818E-01   3.51583E-03   8.36027E-05
    202000   7.64161E+02   1.92267E-01   3.44549E-03   8.20732E-05
    203000   7.67944E+02   1.92370E-01   3.45011E-03   7.69986E-05
    204000   7.71727E+02   1.92724E-01   3.47012E-03   7.47034E-05
    205000   7.75510E+02   1.93000E-01   3.48801E-03   6.92661E-05
    206000   7.79293E+02   1.93265E-01   3.49848E-03   6.45421E-05
    207000   7.83076E+02   1.93599E-01   3.51290E-03   6.11334E-05
    208000   7.86859E+02   1.93945E-01   3.49879E-03   6.01630E-05
    209000   7.90642E+02   1.94226E-01   3.54294E-03   6.03985E-05
    210000   7.94425E+02   1.94536E-01   3.59717E-03   6.31506E-05
    211000   7.98208E+02   1.94793E-01   3.54773E-03   6.98986E-05
    212000   8.01991E+02   1.95203E-01   3.46190E-03   7.25775E-05
    213000   8.05774E+02   1.95511E-01   3.28716E-03   6.76352E-05
    214000   8.09557E+02   1.95775E-01   3.04108E-03   6.46488E-05
    215000   8.13340E+02   1.96079E-01   2.84378E-03   6.31372E-05
    216000   8.17123E+02   1.96415E-01   2.66342E-03   6.15380E-05
    217000   8.20906E+02   1.96567E-01   2.49988E-03   6.14736E-05
    218000   8.24689E+02   1.96798E-01   2.33853E-03   6.26662E-05
    219000   8.28472E+02   1.97154E-01   2.16182E-03   6.52204E-05
    220000   8.32255E+02   1.97391E-01   1.99114E-03   6.54635E-05
    221000   8.36038E+02   1.97545E-01   1.80687E-03   6.30413E-05
    222000   8.39821E+02   1.97764E-01   1.66469E-03   6.46492E-05
    223000   8.43604E+02   1.97932E-01   1.50501E-03   6.52167E-05
    224000   8.47387E+02   1.98113E-01   1.40670E-03   6.71848E-05
    225000   8.51170E+02   1.98142E-01   1.35091E-03   6.89482E-05
    226000   8.54953E+02   1.98310E-01   1.28817E-03   6.59225E-05
    227000   8.58736E+02   1.98479E-01   1.25291E-03   6.40117E-05
    228000   8.62519E+02   1.98592E-01   1.23594E-03   6.89077E-05
    229000   8.66302E+02   1.98708E-01   1.19816E-03   6.94449E-05
    230000   8.70085E+02   1.98862E-01   1.17345E-03   6.89354E-05
    231000   8.73868E+02   1.98912E-01   1.17064E-03   6.50495E-05
    232000   8.77651E+02   1.99091E-01   1.18707E-03   6.49213E-05
    233000   8.81434E+02   1.99123E-01   1.18796E-03   6.65036E-05
    234000   8.85217E+02   1.99267E-01   1.15674E-03   6.68446E-05
    235000   8.89000E+02   1.99528E-01   1.10941E-03   6.65312E-05
    236000   8.92783E+02   1.99579E-01   1.02897E-03   6.43150E-05
    237000   8.96566E+02   1.99700E-01   9.46195E-04   5.99392E-05
    238000   9.00349E+02   1.99940E-01   8.66802E-04   5.91565E-05
    239000   9.04132E+02   2.00002E-01   8.29496E-04   6.07705E-05
    240000   9.07915E+02   2.00065E-01   8.16824E-04   6.06420E-05
    241000   9.11698E+02   2.00094E-01   7.98716E-04   5.68597E-05
    242000   9.15481E+02   2.00305E-01   7.70906E-04   5.74957E-05
    243000   9.19264E+02   2.00254E-01   7.29203E-04   6.12965E-05
    244000   9.23047E+02   2.00422E-01   7.03534E-04   6.25661E-05
    245000   9.26830E+02   2.00518E-01   7.01210E-04   6.16729E-05
    246000   9.30612E+02   2.00767E-01   7.53805E-04   5.85288E-05
    247000   9.34395E+02   2.00893E-01   8.48801E-04   5.67802E-05
    248000   9.38178E+02   2.00804E-01   9.87911E-04   5.81516E-05
    249000   9.41961E+02   2.00998E-01   1.07051E-03   6.12021E-05
    250000   9.45744E+02   2.01140E-01   1.11834E-03   5.95924E-05
