 kstep t[R/vA] kin_energy mag_energy thr_energy beam_energy beam_energy_trns ep_energy ep_energy_trns dssp_energy total_energy
         0   0.00000E+00   0.00000E+00   3.04886E-12   0.00000E+00   0.00000E+00   0.00000E+00   1.32510E-14   0.00000E+00   0.00000E+00   3.04886E-12
      1000   3.78298E+00   1.41982E-12  -1.31586E-10   1.36007E-10   0.00000E+00   0.00000E+00  -2.48163E-08   2.47203E-10  -2.68100E-12   2.50363E-10
      2000   7.56596E+00   1.19810E-12  -3.48811E-10   3.46512E-10   0.00000E+00   0.00000E+00   2.49249E-08   7.17625E-10   2.66877E-13   7.16792E-10
      3000   1.13489E+01   8.72479E-13   5.42438E-10  -5.13401E-10   0.00000E+00   0.00000E+00   4.35237E-08  -7.56199E-10   3.67446E-12  -7.22616E-10
      4000   1.51319E+01   1.04251E-12   6.36482E-11  -2.20542E-11   0.00000E+00   0.00000E+00   4.14719E-08   7.71692E-11  -1.15523E-11   1.08253E-10
      5000   1.89149E+01   8.77755E-13  -8.92515E-10   9.40627E-10   0.00000E+00   0.00000E+00   1.54453E-08   1.27496E-09  -4.05989E-11   1.28336E-09
      6000   2.26979E+01   9.81650E-13  -7.17399E-10   6.78849E-10   0.00000E+00   0.00000E+00   1.03379E-08   9.79900E-10   3.88007E-11   9.81133E-10
      7000   2.64808E+01   8.85434E-13  -2.90591E-10   3.62430E-10   0.00000E+00   0.00000E+00  -4.45197E-08   4.19627E-10  -6.16999E-11   4.30652E-10
      8000   3.02638E+01   1.04806E-12  -1.43025E-09   1.68431E-09   0.00000E+00   0.00000E+00  -4.17303E-09   2.09214E-09  -2.71765E-10   2.07548E-09
      9000   3.40468E+01   1.23647E-12   5.36568E-10  -4.97697E-10   0.00000E+00   0.00000E+00   6.60665E-08  -8.21988E-10  -1.36606E-11  -7.95542E-10
     10000   3.78298E+01   1.20287E-12   6.33203E-10  -5.08157E-10   0.00000E+00   0.00000E+00   1.18722E-07  -8.60712E-11  -6.86465E-11  -2.84684E-11
     11000   4.16128E+01   1.54843E-12   1.32532E-10  -1.23804E-10   0.00000E+00   0.00000E+00   1.44159E-07   1.06669E-10   6.14046E-11   1.78351E-10
     12000   4.53957E+01   1.70537E-12  -4.67303E-11   1.75395E-10   0.00000E+00   0.00000E+00   1.22239E-07   6.99888E-10  -7.82304E-11   7.52029E-10
     13000   4.91787E+01   2.04238E-12   2.65866E-10  -2.25981E-10   0.00000E+00   0.00000E+00   2.11468E-07  -8.97638E-12   5.20620E-11   8.50130E-11
     14000   5.29617E+01   2.60254E-12   2.40253E-09  -2.02659E-09   0.00000E+00   0.00000E+00   2.19215E-07  -3.19892E-09  -2.71893E-10  -3.09227E-09
     15000   5.67447E+01   2.93871E-12   8.63435E-10  -4.27271E-10   0.00000E+00   0.00000E+00   1.25078E-07   2.24289E-10  -3.55772E-10   3.07620E-10
     16000   6.05276E+01   3.77929E-12   1.29405E-09  -9.02406E-10   0.00000E+00   0.00000E+00   1.24602E-07  -1.87879E-09  -3.33907E-10  -1.81727E-09
     17000   6.43106E+01   4.64763E-12   1.56965E-09  -1.70682E-09   0.00000E+00   0.00000E+00   2.05032E-07  -2.27447E-09   2.28493E-10  -2.17850E-09
     18000   6.80936E+01   5.86183E-12   4.95189E-09  -5.04701E-09   0.00000E+00   0.00000E+00   2.51284E-07  -7.15196E-09   2.54521E-10  -6.98670E-09
     19000   7.18766E+01   7.53808E-12   2.62976E-09  -2.68412E-09   0.00000E+00   0.00000E+00   2.37551E-07  -3.98379E-09   1.27924E-10  -3.90269E-09
     20000   7.56596E+01   9.33815E-12   1.87794E-09  -2.08777E-09   0.00000E+00   0.00000E+00   1.88392E-07  -1.38551E-09   1.79413E-10  -1.40659E-09
     21000   7.94425E+01   1.19245E-11   5.07948E-09  -5.14617E-09   0.00000E+00   0.00000E+00   7.01624E-08  -8.24970E-09   9.82216E-11  -8.20624E-09
     22000   8.32255E+01   1.49375E-11  -3.68690E-09   3.75240E-09   0.00000E+00   0.00000E+00   5.40492E-08   7.42329E-09  -2.97152E-12   7.50076E-09
     23000   8.70085E+01   1.88646E-11   4.73911E-10  -3.07363E-10   0.00000E+00   0.00000E+00  -1.71563E-07  -5.57722E-09  -2.99757E-10  -5.69156E-09
     24000   9.07915E+01   2.39854E-11  -3.68146E-09   4.35947E-09   0.00000E+00   0.00000E+00   2.30358E-08   8.01676E-09  -8.88847E-10   7.82990E-09
     25000   9.45744E+01   3.00235E-11   9.00390E-09  -8.61902E-09   0.00000E+00   0.00000E+00   2.26764E-07  -1.48210E-08  -1.45358E-10  -1.45515E-08
     26000   9.83574E+01   3.79115E-11  -6.79194E-10  -6.74006E-10   0.00000E+00   0.00000E+00   2.58104E-07   1.50710E-09   1.53444E-09   1.72625E-09
     27000   1.02140E+02   4.76891E-11  -1.18808E-08   1.01008E-08   0.00000E+00   0.00000E+00  -1.47007E-07   1.32860E-08   1.72992E-09   1.32835E-08
     28000   1.05923E+02   5.97779E-11  -6.46467E-09   4.48488E-09   0.00000E+00   0.00000E+00  -5.33337E-07   1.26798E-08   1.93524E-09   1.26950E-08
     29000   1.09706E+02   7.54637E-11  -8.59199E-09   6.61415E-09   0.00000E+00   0.00000E+00  -4.75497E-07   1.88126E-09   1.73625E-09   1.71513E-09
     30000   1.13489E+02   9.43702E-11  -2.05376E-08   1.82631E-08   0.00000E+00   0.00000E+00  -4.01767E-07   2.74100E-08   2.32215E-09   2.75520E-08
     31000   1.17272E+02   1.19256E-10   1.13870E-08  -1.13968E-08   0.00000E+00   0.00000E+00  -9.42901E-07  -1.93083E-08   2.54907E-10  -1.89439E-08
     32000   1.21055E+02   1.49758E-10  -2.14827E-08   2.02266E-08   0.00000E+00   0.00000E+00  -9.93918E-07   2.71647E-08   4.54684E-10   2.65131E-08
     33000   1.24838E+02   1.87638E-10  -1.67599E-08   1.63554E-08   0.00000E+00   0.00000E+00  -8.56241E-07   1.39140E-08  -9.85252E-11   1.35986E-08
     34000   1.28621E+02   2.37218E-10   4.74577E-10  -3.14907E-10   0.00000E+00   0.00000E+00   1.35285E-07   5.60604E-09   5.79773E-10   6.58271E-09
     35000   1.32404E+02   2.97529E-10   1.45129E-08  -1.09252E-08   0.00000E+00   0.00000E+00  -1.22926E-07  -1.16981E-08  -2.28745E-09  -1.01003E-08
     36000   1.36187E+02   3.73853E-10  -1.92061E-08   1.79137E-08   0.00000E+00   0.00000E+00   7.91676E-07   2.12797E-08   1.29920E-09   2.16603E-08
     37000   1.39970E+02   4.71257E-10  -3.68681E-10   4.46452E-09   0.00000E+00   0.00000E+00   1.39043E-06   2.72443E-09  -2.88245E-09   4.40908E-09
     38000   1.43753E+02   5.89880E-10   1.10461E-08  -5.22457E-09   0.00000E+00   0.00000E+00   1.56033E-06   1.38497E-08  -2.72162E-09   1.75394E-08
     39000   1.47536E+02   7.42741E-10  -1.12224E-08   1.33906E-08   0.00000E+00   0.00000E+00   8.07094E-07   2.35012E-08  -1.14705E-09   2.52651E-08
     40000   1.51319E+02   9.34111E-10  -5.71467E-08   5.80603E-08   0.00000E+00   0.00000E+00  -1.68416E-06   4.90403E-08  -9.93401E-10   4.98946E-08
     41000   1.55102E+02   1.16971E-09  -6.32919E-08   6.18736E-08   0.00000E+00   0.00000E+00  -2.44298E-06   7.48881E-08   9.61216E-10   7.56008E-08
     42000   1.58885E+02   1.46837E-09  -2.26258E-08   2.23053E-08   0.00000E+00   0.00000E+00  -1.26978E-06   2.93351E-08   1.15454E-09   3.16375E-08
     43000   1.62668E+02   1.84685E-09  -4.46058E-08   4.80657E-08   0.00000E+00   0.00000E+00  -9.12380E-07   5.51852E-08  -3.27826E-10   6.01641E-08
     44000   1.66451E+02   2.31289E-09  -6.83888E-08   6.62166E-08   0.00000E+00   0.00000E+00  -2.23150E-06   9.05843E-08   5.21055E-09   9.59356E-08
     45000   1.70234E+02   2.90869E-09  -3.75725E-08   4.83480E-08   0.00000E+00   0.00000E+00   4.15682E-08   5.41610E-08  -7.54778E-09   6.02974E-08
     46000   1.74017E+02   3.64247E-09  -3.92444E-08   4.77198E-08   0.00000E+00   0.00000E+00   1.17405E-06   6.72390E-08   9.75330E-10   8.03322E-08
     47000   1.77800E+02   4.59075E-09   3.25131E-09   4.07813E-09   0.00000E+00   0.00000E+00  -3.14861E-07   4.38671E-08   2.35460E-09   5.81419E-08
     48000   1.81583E+02   5.75104E-09  -6.62619E-08   9.20500E-08   0.00000E+00   0.00000E+00  -3.69742E-06   1.89764E-08  -1.97444E-08   3.07711E-08
     49000   1.85366E+02   7.23524E-09  -2.18201E-07   2.32808E-07   0.00000E+00   0.00000E+00  -5.33449E-06   2.97957E-07  -4.09565E-09   3.15703E-07
     50000   1.89149E+02   9.11762E-09   5.18237E-08  -1.87763E-08   0.00000E+00   0.00000E+00  -7.78637E-06  -1.31567E-07  -1.75197E-08  -1.06921E-07
     51000   1.92932E+02   1.14560E-08  -7.94904E-08   1.19092E-07   0.00000E+00   0.00000E+00  -1.04891E-05   1.49065E-07  -2.39784E-08   1.76144E-07
     52000   1.96715E+02   1.44381E-08  -2.31243E-07   2.58712E-07   0.00000E+00   0.00000E+00  -1.23843E-05   2.27303E-07  -9.44498E-09   2.59765E-07
     53000   2.00498E+02   1.81355E-08  -1.35457E-07   1.55618E-07   0.00000E+00   0.00000E+00  -1.59486E-05   1.42377E-07   7.38297E-09   1.88056E-07
     54000   2.04281E+02   2.27866E-08  -2.85906E-08   6.15679E-08   0.00000E+00   0.00000E+00  -2.12160E-05   3.43254E-08   4.05806E-09   9.41473E-08
     55000   2.08064E+02   2.87519E-08  -2.30698E-07   2.27893E-07   0.00000E+00   0.00000E+00  -2.19990E-05   8.41628E-08   4.38121E-08   1.53922E-07
     56000   2.11847E+02   3.60533E-08  -2.96344E-07   3.42213E-07   0.00000E+00   0.00000E+00  -2.16528E-05   4.03448E-07   7.85325E-09   4.93223E-07
     57000   2.15630E+02   4.57180E-08  -7.05936E-08   1.35459E-07   0.00000E+00   0.00000E+00  -2.96145E-05  -1.19182E-07   1.48872E-08   6.28878E-09
     58000   2.19413E+02   5.72905E-08  -2.04632E-07   2.88614E-07   0.00000E+00   0.00000E+00  -2.57439E-05   7.45608E-08   1.15901E-08   2.27424E-07
     59000   2.23196E+02   7.20784E-08  -2.54999E-07   3.64471E-07   0.00000E+00   0.00000E+00  -3.72615E-05   6.02431E-08   8.06328E-10   2.42600E-07
     60000   2.26979E+02   9.08180E-08  -3.53582E-07   5.24349E-07   0.00000E+00   0.00000E+00  -3.41020E-05   4.92071E-07  -1.07445E-08   7.42912E-07
     61000   2.30762E+02   1.14055E-07  -8.62949E-08   2.38651E-07   0.00000E+00   0.00000E+00  -3.92645E-05  -6.25448E-08   5.64410E-08   2.60307E-07
     62000   2.34545E+02   1.43549E-07  -1.88934E-07   3.64367E-07   0.00000E+00   0.00000E+00  -4.90237E-05  -3.87742E-07   5.56941E-08  -1.30654E-08
     63000   2.38328E+02   1.80792E-07  -5.78398E-07   7.58338E-07   0.00000E+00   0.00000E+00  -6.00847E-05   6.18193E-07   1.15630E-07   1.09455E-06
     64000   2.42111E+02   2.26976E-07   2.17710E-07   1.40983E-07   0.00000E+00   0.00000E+00  -6.94707E-05  -1.24151E-06   3.83951E-08  -6.17451E-07
     65000   2.45894E+02   2.86756E-07  -7.03546E-07   1.14368E-06   0.00000E+00   0.00000E+00  -7.13511E-05   1.15048E-06   4.67174E-08   1.92409E-06
     66000   2.49677E+02   3.61005E-07   8.35180E-07  -2.58363E-07   0.00000E+00   0.00000E+00  -8.76046E-05  -2.38201E-06   3.56553E-08  -1.40854E-06
     67000   2.53460E+02   4.53561E-07  -3.93136E-07   1.06342E-06   0.00000E+00   0.00000E+00  -1.01277E-04  -2.19030E-07   8.71842E-08   9.92002E-07
     68000   2.57242E+02   5.73293E-07   4.28625E-07   5.06231E-07   0.00000E+00   0.00000E+00  -5.77503E-05  -1.90080E-06   8.11560E-08  -3.11495E-07
     69000   2.61025E+02   7.21711E-07   1.48295E-06  -2.10052E-07   0.00000E+00   0.00000E+00  -2.67832E-06  -2.54289E-06   5.38121E-08  -4.94477E-07
     70000   2.64808E+02   9.09151E-07   1.32855E-06   2.15013E-07   0.00000E+00   0.00000E+00  -7.46828E-06  -2.11691E-06   1.17000E-07   4.52805E-07
     71000   2.68591E+02   1.14654E-06  -7.67930E-08   1.77867E-06   0.00000E+00   0.00000E+00  -3.13167E-05  -1.15549E-06   3.83802E-07   2.07673E-06
     72000   2.72374E+02   1.44155E-06   1.49898E-06   7.62988E-07   0.00000E+00   0.00000E+00   6.55376E-05  -4.55342E-06   3.76313E-07  -4.73594E-07
     73000   2.76157E+02   1.80624E-06   2.24742E-06   4.60700E-07   0.00000E+00   0.00000E+00   1.15765E-04  -4.47022E-06   6.41042E-07   6.85177E-07
     74000   2.79940E+02   2.27927E-06   2.79524E-06   8.24813E-07   0.00000E+00   0.00000E+00   1.13167E-04  -7.64085E-06   6.31782E-07  -1.10974E-06
     75000   2.83723E+02   2.86981E-06   8.04368E-07   3.66913E-06   0.00000E+00   0.00000E+00   7.82474E-05  -5.36945E-06   7.81439E-07   2.75530E-06
     76000   2.87506E+02   3.62138E-06   5.27570E-06   4.49184E-07   0.00000E+00   0.00000E+00   1.90880E-04  -1.20042E-05   8.54925E-07  -1.80300E-06
     77000   2.91289E+02   4.57369E-06   6.94764E-06   3.43374E-07   0.00000E+00   0.00000E+00   2.29232E-04  -1.46087E-05   1.16606E-06  -1.57793E-06
     78000   2.95072E+02   5.74854E-06   6.25875E-06   2.78938E-06   0.00000E+00   0.00000E+00   2.25602E-04  -1.63634E-05   1.68408E-06   1.17313E-07
     79000   2.98855E+02   7.23893E-06   7.13523E-06   4.57576E-06   0.00000E+00   0.00000E+00   1.61865E-04  -1.82529E-05   1.58696E-06   2.28397E-06
     80000   3.02638E+02   9.14414E-06   1.05847E-05   4.37307E-06   0.00000E+00   0.00000E+00   1.03306E-04  -2.73077E-05   1.66444E-06  -1.54140E-06
     81000   3.06421E+02   1.15272E-05   1.06951E-05   8.20199E-06   0.00000E+00   0.00000E+00   1.18269E-04  -2.85372E-05   2.21586E-06   4.10296E-06
     82000   3.10204E+02   1.45669E-05   1.60232E-05   7.20787E-06   0.00000E+00   0.00000E+00   2.05178E-04  -4.53515E-05   3.48000E-06  -4.07349E-06
     83000   3.13987E+02   1.83439E-05   1.52572E-05   1.37327E-05   0.00000E+00   0.00000E+00   3.69969E-04  -4.24591E-05   4.56216E-06   9.43695E-06
     84000   3.17770E+02   2.31374E-05   2.65554E-05   1.02229E-05   0.00000E+00   0.00000E+00   3.91149E-04  -7.36445E-05   5.81612E-06  -7.91263E-06
     85000   3.21553E+02   2.91102E-05   2.50962E-05   2.19232E-05   0.00000E+00   0.00000E+00   3.80000E-04  -6.72781E-05   6.51176E-06   1.53633E-05
     86000   3.25336E+02   3.66090E-05   4.30941E-05   1.52691E-05   0.00000E+00   0.00000E+00   1.53049E-04  -1.15977E-04   8.67284E-06  -1.23320E-05
     87000   3.29119E+02   4.60808E-05   3.60614E-05   3.63084E-05   0.00000E+00   0.00000E+00   2.48827E-04  -1.11182E-04   1.19510E-05   1.92193E-05
     88000   3.32902E+02   5.81326E-05   5.78559E-05   3.47659E-05   0.00000E+00   0.00000E+00   2.84620E-04  -1.64509E-04   1.37353E-05  -1.93233E-08
     89000   3.36685E+02   7.28826E-05   7.23646E-05   4.43716E-05   0.00000E+00   0.00000E+00   1.76615E-04  -1.92773E-04   1.73433E-05   1.41890E-05
     90000   3.40468E+02   9.13365E-05   8.63455E-05   5.95816E-05   0.00000E+00   0.00000E+00   4.78791E-04  -2.56035E-04   2.24549E-05   3.68348E-06
     91000   3.44251E+02   1.14758E-04   1.10710E-04   7.36391E-05   0.00000E+00   0.00000E+00   1.00801E-03  -3.05241E-04   2.69864E-05   2.08524E-05
     92000   3.48034E+02   1.43757E-04   1.50756E-04   8.11963E-05   0.00000E+00   0.00000E+00   1.37846E-03  -4.06330E-04   3.42938E-05   3.67259E-06
     93000   3.51817E+02   1.81069E-04   1.72425E-04   1.19405E-04   0.00000E+00   0.00000E+00   1.62744E-03  -4.70611E-04   4.23404E-05   4.46282E-05
     94000   3.55600E+02   2.26614E-04   2.27530E-04   1.37616E-04   0.00000E+00   0.00000E+00   2.19547E-03  -6.23713E-04   5.37562E-05   2.18037E-05
     95000   3.59383E+02   2.84185E-04   2.71886E-04   1.84764E-04   0.00000E+00   0.00000E+00   1.74898E-03  -7.55531E-04   6.86893E-05   5.39940E-05
     96000   3.63166E+02   3.56036E-04   3.27887E-04   2.41925E-04   0.00000E+00   0.00000E+00   1.88388E-03  -9.41965E-04   8.81096E-05   7.19927E-05
     97000   3.66949E+02   4.44157E-04   4.22840E-04   2.94689E-04   0.00000E+00   0.00000E+00   3.11242E-03  -1.20900E-03   1.07778E-04   6.04638E-05
     98000   3.70732E+02   5.58368E-04   5.30827E-04   3.70654E-04   0.00000E+00   0.00000E+00   3.71759E-03  -1.47388E-03   1.29847E-04   1.15821E-04
     99000   3.74515E+02   6.94855E-04   6.86072E-04   4.42694E-04   0.00000E+00   0.00000E+00   4.75055E-03  -1.91638E-03   1.63701E-04   7.09399E-05
    100000   3.78298E+02   8.63490E-04   7.79296E-04   6.22497E-04   0.00000E+00   0.00000E+00   7.21832E-03  -2.24525E-03   2.09281E-04   2.29311E-04
    101000   3.82081E+02   1.07119E-03   1.02567E-03   7.15856E-04   0.00000E+00   0.00000E+00   9.09636E-03  -2.87132E-03   2.60674E-04   2.02060E-04
    102000   3.85864E+02   1.32274E-03   1.23058E-03   9.36607E-04   0.00000E+00   0.00000E+00   8.43252E-03  -3.53228E-03   3.28021E-04   2.85677E-04
    103000   3.89647E+02   1.63466E-03   1.45186E-03   1.23162E-03   0.00000E+00   0.00000E+00   7.91572E-03  -4.28444E-03   4.03885E-04   4.37592E-04
    104000   3.93430E+02   2.00556E-03   1.85285E-03   1.46734E-03   0.00000E+00   0.00000E+00   6.41019E-03  -5.39636E-03   4.95400E-04   4.24787E-04
    105000   3.97213E+02   2.45045E-03   2.16660E-03   1.91144E-03   0.00000E+00   0.00000E+00   4.11960E-03  -6.48471E-03   6.19253E-04   6.63037E-04
    106000   4.00996E+02   2.99364E-03   2.66034E-03   2.34723E-03   0.00000E+00   0.00000E+00   7.39405E-03  -8.05156E-03   7.62239E-04   7.11892E-04
    107000   4.04779E+02   3.61346E-03   3.36587E-03   2.75023E-03   0.00000E+00   0.00000E+00   1.50907E-02  -9.90662E-03   9.52863E-04   7.75816E-04
    108000   4.08562E+02   4.33291E-03   4.05541E-03   3.34044E-03   0.00000E+00   0.00000E+00   1.81878E-02  -1.20183E-02   1.16932E-03   8.79752E-04
    109000   4.12345E+02   5.16712E-03   4.60270E-03   4.31779E-03   0.00000E+00   0.00000E+00   2.07650E-02  -1.41400E-02   1.42980E-03   1.37743E-03
    110000   4.16128E+02   6.09212E-03   5.50064E-03   5.17296E-03   0.00000E+00   0.00000E+00   1.94757E-02  -1.70780E-02   1.77086E-03   1.45860E-03
    111000   4.19911E+02   7.14680E-03   6.47535E-03   6.21231E-03   0.00000E+00   0.00000E+00   2.36675E-02  -2.02185E-02   2.13788E-03   1.75386E-03
    112000   4.23693E+02   8.30340E-03   7.49940E-03   7.50390E-03   0.00000E+00   0.00000E+00   2.67058E-02  -2.39855E-02   2.58778E-03   1.90897E-03
    113000   4.27476E+02   9.57245E-03   8.55489E-03   9.03713E-03   0.00000E+00   0.00000E+00   2.89379E-02  -2.79567E-02   3.13726E-03   2.34500E-03
    114000   4.31259E+02   1.09432E-02   9.75744E-03   1.06948E-02   0.00000E+00   0.00000E+00   3.23490E-02  -3.25189E-02   3.79136E-03   2.66788E-03
    115000   4.35042E+02   1.23745E-02   1.08679E-02   1.27477E-02   0.00000E+00   0.00000E+00   2.97820E-02  -3.73311E-02   4.56073E-03   3.21972E-03
    116000   4.38825E+02   1.38475E-02   1.19016E-02   1.50930E-02   0.00000E+00   0.00000E+00   2.74299E-02  -4.25770E-02   5.47162E-03   3.73670E-03
    117000   4.42608E+02   1.53343E-02   1.32725E-02   1.73614E-02   0.00000E+00   0.00000E+00   3.59632E-02  -4.84436E-02   6.47829E-03   4.00302E-03
    118000   4.46391E+02   1.68069E-02   1.46130E-02   1.98324E-02   0.00000E+00   0.00000E+00   4.55653E-02  -5.47370E-02   7.65072E-03   4.16605E-03
    119000   4.50174E+02   1.83030E-02   1.54860E-02   2.29439E-02   0.00000E+00   0.00000E+00   5.68808E-02  -6.10177E-02   8.99418E-03   4.70932E-03
    120000   4.53957E+02   1.96836E-02   1.62929E-02   2.63061E-02   0.00000E+00   0.00000E+00   5.37680E-02  -6.72135E-02   1.05252E-02   5.59432E-03
    121000   4.57740E+02   2.10148E-02   1.73900E-02   2.94740E-02   0.00000E+00   0.00000E+00   5.19832E-02  -7.44995E-02   1.21928E-02   5.57209E-03
    122000   4.61523E+02   2.20909E-02   1.76484E-02   3.34841E-02   0.00000E+00   0.00000E+00   5.72840E-02  -8.05774E-02   1.40044E-02   6.65047E-03
    123000   4.65306E+02   2.32151E-02   1.82968E-02   3.70881E-02   0.00000E+00   0.00000E+00   6.47816E-02  -8.79507E-02   1.60471E-02   6.69641E-03
    124000   4.69089E+02   2.41412E-02   1.88167E-02   4.10116E-02   0.00000E+00   0.00000E+00   7.05198E-02  -9.46966E-02   1.81663E-02   7.43912E-03
    125000   4.72872E+02   2.51039E-02   1.88261E-02   4.52427E-02   0.00000E+00   0.00000E+00   6.18455E-02  -1.01677E-01   2.03772E-02   7.87353E-03
    126000   4.76655E+02   2.57581E-02   1.86748E-02   4.98748E-02   0.00000E+00   0.00000E+00   5.98840E-02  -1.07881E-01   2.27043E-02   9.13087E-03
    127000   4.80438E+02   2.64728E-02   1.89316E-02   5.37844E-02   0.00000E+00   0.00000E+00   5.49225E-02  -1.15601E-01   2.51059E-02   8.69403E-03
    128000   4.84221E+02   2.69007E-02   1.82842E-02   5.86762E-02   0.00000E+00   0.00000E+00   5.44823E-02  -1.20969E-01   2.75516E-02   1.04437E-02
    129000   4.88004E+02   2.72149E-02   1.82852E-02   6.28511E-02   0.00000E+00   0.00000E+00   5.76760E-02  -1.28455E-01   3.00809E-02   9.97734E-03
    130000   4.91787E+02   2.75796E-02   1.76246E-02   6.75811E-02   0.00000E+00   0.00000E+00   6.98353E-02  -1.34031E-01   3.26047E-02   1.13589E-02
    131000   4.95570E+02   2.77268E-02   1.77739E-02   7.15222E-02   0.00000E+00   0.00000E+00   7.26834E-02  -1.41303E-01   3.51946E-02   1.09146E-02
    132000   4.99353E+02   2.81045E-02   1.69450E-02   7.63409E-02   0.00000E+00   0.00000E+00   6.03840E-02  -1.47093E-01   3.77382E-02   1.20351E-02
    133000   5.03136E+02   2.80495E-02   1.66722E-02   8.09696E-02   0.00000E+00   0.00000E+00   5.74857E-02  -1.53045E-01   4.01516E-02   1.27978E-02
    134000   5.06919E+02   2.83582E-02   1.65560E-02   8.47384E-02   0.00000E+00   0.00000E+00   6.46153E-02  -1.59912E-01   4.26418E-02   1.23822E-02
    135000   5.10702E+02   2.84118E-02   1.59221E-02   8.95501E-02   0.00000E+00   0.00000E+00   6.97862E-02  -1.65481E-01   4.51277E-02   1.35306E-02
    136000   5.14485E+02   2.83223E-02   1.58855E-02   9.36409E-02   0.00000E+00   0.00000E+00   6.71533E-02  -1.71363E-01   4.75744E-02   1.40602E-02
    137000   5.18268E+02   2.86922E-02   1.52620E-02   9.77140E-02   0.00000E+00   0.00000E+00   5.35873E-02  -1.78380E-01   4.99809E-02   1.32691E-02
    138000   5.22051E+02   2.85270E-02   1.35727E-02   1.03584E-01   0.00000E+00   0.00000E+00   3.93174E-02  -1.81706E-01   5.23975E-02   1.63759E-02
    139000   5.25834E+02   2.85617E-02   1.46361E-02   1.06286E-01   0.00000E+00   0.00000E+00   2.78300E-02  -1.89893E-01   5.47712E-02   1.43613E-02
    140000   5.29617E+02   2.87345E-02   1.31400E-02   1.11262E-01   0.00000E+00   0.00000E+00   2.21153E-02  -1.94194E-01   5.70703E-02   1.60130E-02
    141000   5.33400E+02   2.82674E-02   1.19775E-02   1.16450E-01   0.00000E+00   0.00000E+00   1.14037E-02  -1.99061E-01   5.92922E-02   1.69262E-02
    142000   5.37183E+02   2.83444E-02   1.15482E-02   1.20011E-01   0.00000E+00   0.00000E+00  -1.36767E-02  -2.04966E-01   6.16104E-02   1.65482E-02
    143000   5.40966E+02   2.78831E-02   1.06818E-02   1.24210E-01   0.00000E+00   0.00000E+00  -3.33512E-02  -2.09674E-01   6.37827E-02   1.68833E-02
    144000   5.44749E+02   2.72523E-02   8.86671E-03   1.29146E-01   0.00000E+00   0.00000E+00  -5.15096E-02  -2.13579E-01   6.59743E-02   1.76603E-02
    145000   5.48532E+02   2.68153E-02   7.24657E-03   1.33171E-01   0.00000E+00   0.00000E+00  -5.89458E-02  -2.17612E-01   6.81313E-02   1.77518E-02
    146000   5.52315E+02   2.54235E-02   6.65917E-03   1.36486E-01   0.00000E+00   0.00000E+00  -6.32715E-02  -2.21576E-01   7.00983E-02   1.70915E-02
    147000   5.56098E+02   2.45029E-02   4.18465E-03   1.40633E-01   0.00000E+00   0.00000E+00  -7.20468E-02  -2.24014E-01   7.18734E-02   1.71793E-02
    148000   5.59881E+02   2.27705E-02   2.03524E-03   1.44642E-01   0.00000E+00   0.00000E+00  -8.56011E-02  -2.25452E-01   7.36626E-02   1.76584E-02
    149000   5.63664E+02   2.11979E-02   5.62922E-04   1.47388E-01   0.00000E+00   0.00000E+00  -1.02343E-01  -2.27737E-01   7.53476E-02   1.67595E-02
    150000   5.67447E+02   1.97527E-02  -2.13364E-03   1.50894E-01   0.00000E+00   0.00000E+00  -1.17377E-01  -2.28174E-01   7.67819E-02   1.71213E-02
    151000   5.71230E+02   1.76662E-02  -4.06428E-03   1.53997E-01   0.00000E+00   0.00000E+00  -1.33634E-01  -2.28213E-01   7.81023E-02   1.74888E-02
    152000   5.75013E+02   1.62716E-02  -5.47396E-03   1.55883E-01   0.00000E+00   0.00000E+00  -1.48189E-01  -2.29846E-01   7.92467E-02   1.60818E-02
    153000   5.78796E+02   1.46266E-02  -7.71932E-03   1.58919E-01   0.00000E+00   0.00000E+00  -1.53117E-01  -2.28713E-01   8.03690E-02   1.74824E-02
    154000   5.82579E+02   1.32446E-02  -8.81219E-03   1.60679E-01   0.00000E+00   0.00000E+00  -1.65543E-01  -2.29609E-01   8.13080E-02   1.68099E-02
    155000   5.86362E+02   1.22041E-02  -9.97802E-03   1.62420E-01   0.00000E+00   0.00000E+00  -1.78739E-01  -2.29987E-01   8.20982E-02   1.67571E-02
    156000   5.90145E+02   1.10951E-02  -1.09946E-02   1.64382E-01   0.00000E+00   0.00000E+00  -1.85163E-01  -2.29782E-01   8.28105E-02   1.75108E-02
    157000   5.93927E+02   1.05040E-02  -1.09342E-02   1.65030E-01   0.00000E+00   0.00000E+00  -1.97571E-01  -2.31826E-01   8.34189E-02   1.61932E-02
    158000   5.97710E+02   9.93393E-03  -1.16678E-02   1.66916E-01   0.00000E+00   0.00000E+00  -2.04842E-01  -2.31328E-01   8.39635E-02   1.78174E-02
    159000   6.01493E+02   9.83116E-03  -1.16121E-02   1.67783E-01   0.00000E+00   0.00000E+00  -2.08663E-01  -2.33812E-01   8.45637E-02   1.67538E-02
    160000   6.05276E+02   9.93752E-03  -1.19924E-02   1.69430E-01   0.00000E+00   0.00000E+00  -2.06345E-01  -2.34037E-01   8.50835E-02   1.84223E-02
    161000   6.09059E+02   9.91472E-03  -1.05299E-02   1.69447E-01   0.00000E+00   0.00000E+00  -2.10060E-01  -2.37732E-01   8.55461E-02   1.66459E-02
    162000   6.12842E+02   1.02134E-02  -1.10971E-02   1.71328E-01   0.00000E+00   0.00000E+00  -2.12985E-01  -2.38755E-01   8.60161E-02   1.77047E-02
    163000   6.16625E+02   1.04010E-02  -1.10257E-02   1.72833E-01   0.00000E+00   0.00000E+00  -2.16438E-01  -2.40556E-01   8.64677E-02   1.81205E-02
    164000   6.20408E+02   1.05882E-02  -1.01521E-02   1.73416E-01   0.00000E+00   0.00000E+00  -2.20767E-01  -2.43627E-01   8.70355E-02   1.72609E-02
    165000   6.24191E+02   1.07992E-02  -1.09341E-02   1.75600E-01   0.00000E+00   0.00000E+00  -2.21315E-01  -2.44248E-01   8.75263E-02   1.87440E-02
    166000   6.27974E+02   1.08683E-02  -1.06240E-02   1.76527E-01   0.00000E+00   0.00000E+00  -2.25169E-01  -2.47486E-01   8.81797E-02   1.74650E-02
    167000   6.31757E+02   1.10203E-02  -1.07974E-02   1.77878E-01   0.00000E+00   0.00000E+00  -2.30230E-01  -2.49066E-01   8.87196E-02   1.77548E-02
    168000   6.35540E+02   1.07892E-02  -1.11444E-02   1.79591E-01   0.00000E+00   0.00000E+00  -2.34664E-01  -2.50862E-01   8.93215E-02   1.76958E-02
    169000   6.39323E+02   1.07194E-02  -1.14865E-02   1.80949E-01   0.00000E+00   0.00000E+00  -2.35995E-01  -2.52207E-01   8.99266E-02   1.79013E-02
    170000   6.43106E+02   1.05543E-02  -1.17972E-02   1.82379E-01   0.00000E+00   0.00000E+00  -2.37574E-01  -2.54444E-01   9.05996E-02   1.72923E-02
    171000   6.46889E+02   1.04765E-02  -1.25951E-02   1.84360E-01   0.00000E+00   0.00000E+00  -2.45616E-01  -2.54988E-01   9.12665E-02   1.85196E-02
    172000   6.50672E+02   1.04210E-02  -1.16308E-02   1.84434E-01   0.00000E+00   0.00000E+00  -2.58915E-01  -2.59122E-01   9.20168E-02   1.61186E-02
    173000   6.54455E+02   1.04401E-02  -1.32539E-02   1.87352E-01   0.00000E+00   0.00000E+00  -2.65846E-01  -2.58609E-01   9.26580E-02   1.85875E-02
    174000   6.58238E+02   1.03491E-02  -1.30273E-02   1.88369E-01   0.00000E+00   0.00000E+00  -2.78179E-01  -2.61445E-01   9.33410E-02   1.75863E-02
    175000   6.62021E+02   1.02186E-02  -1.32439E-02   1.89756E-01   0.00000E+00   0.00000E+00  -2.87291E-01  -2.63162E-01   9.40231E-02   1.75917E-02
    176000   6.65804E+02   9.97579E-03  -1.41534E-02   1.91728E-01   0.00000E+00   0.00000E+00  -2.93214E-01  -2.63445E-01   9.47241E-02   1.88298E-02
    177000   6.69587E+02   9.59620E-03  -1.36982E-02   1.92262E-01   0.00000E+00   0.00000E+00  -3.00554E-01  -2.67036E-01   9.53933E-02   1.65177E-02
    178000   6.73370E+02   9.15195E-03  -1.53375E-02   1.94912E-01   0.00000E+00   0.00000E+00  -2.99167E-01  -2.65290E-01   9.60575E-02   1.94944E-02
    179000   6.77153E+02   8.71459E-03  -1.45535E-02   1.94988E-01   0.00000E+00   0.00000E+00  -3.07443E-01  -2.68767E-01   9.66826E-02   1.70647E-02
    180000   6.80936E+02   8.27199E-03  -1.53895E-02   1.96701E-01   0.00000E+00   0.00000E+00  -3.11340E-01  -2.68758E-01   9.73364E-02   1.81616E-02
    181000   6.84719E+02   7.98321E-03  -1.65130E-02   1.98676E-01   0.00000E+00   0.00000E+00  -3.14320E-01  -2.69248E-01   9.79769E-02   1.88757E-02
    182000   6.88502E+02   7.81549E-03  -1.52161E-02   1.98179E-01   0.00000E+00   0.00000E+00  -3.18606E-01  -2.72422E-01   9.85719E-02   1.69281E-02
    183000   6.92285E+02   7.65459E-03  -1.61347E-02   2.00075E-01   0.00000E+00   0.00000E+00  -3.17961E-01  -2.72303E-01   9.90591E-02   1.83514E-02
    184000   6.96068E+02   7.55171E-03  -1.68467E-02   2.01457E-01   0.00000E+00   0.00000E+00  -3.18987E-01  -2.73446E-01   9.96060E-02   1.83216E-02
    185000   6.99851E+02   7.39217E-03  -1.62562E-02   2.01460E-01   0.00000E+00   0.00000E+00  -3.21749E-01  -2.75600E-01   1.00112E-01   1.71079E-02
    186000   7.03634E+02   7.06703E-03  -1.69764E-02   2.02804E-01   0.00000E+00   0.00000E+00  -3.24355E-01  -2.75502E-01   1.00542E-01   1.79343E-02
    187000   7.07417E+02   6.59444E-03  -1.76258E-02   2.03822E-01   0.00000E+00   0.00000E+00  -3.23290E-01  -2.76192E-01   1.00979E-01   1.75769E-02
    188000   7.11200E+02   6.14607E-03  -1.83003E-02   2.04808E-01   0.00000E+00   0.00000E+00  -3.28056E-01  -2.76168E-01   1.01396E-01   1.78819E-02
    189000   7.14983E+02   5.69281E-03  -1.89622E-02   2.05778E-01   0.00000E+00   0.00000E+00  -3.32553E-01  -2.76480E-01   1.01873E-01   1.79015E-02
    190000   7.18766E+02   5.28553E-03  -1.94041E-02   2.06564E-01   0.00000E+00   0.00000E+00  -3.37571E-01  -2.76932E-01   1.02342E-01   1.78549E-02
    191000   7.22549E+02   4.96900E-03  -1.99196E-02   2.07485E-01   0.00000E+00   0.00000E+00  -3.41993E-01  -2.76997E-01   1.02786E-01   1.83233E-02
    192000   7.26332E+02   4.74715E-03  -1.99050E-02   2.07889E-01   0.00000E+00   0.00000E+00  -3.47850E-01  -2.78312E-01   1.03153E-01   1.75717E-02
    193000   7.30115E+02   4.64126E-03  -2.03031E-02   2.08790E-01   0.00000E+00   0.00000E+00  -3.50031E-01  -2.77840E-01   1.03512E-01   1.88011E-02
    194000   7.33898E+02   4.60229E-03  -1.95479E-02   2.08569E-01   0.00000E+00   0.00000E+00  -3.54386E-01  -2.80260E-01   1.03831E-01   1.71957E-02
    195000   7.37681E+02   4.52652E-03  -2.00763E-02   2.09489E-01   0.00000E+00   0.00000E+00  -3.54932E-01  -2.80044E-01   1.04193E-01   1.80881E-02
    196000   7.41464E+02   4.45693E-03  -2.00597E-02   2.09777E-01   0.00000E+00   0.00000E+00  -3.61371E-01  -2.81481E-01   1.04551E-01   1.72443E-02
    197000   7.45247E+02   4.30779E-03  -2.02148E-02   2.10433E-01   0.00000E+00   0.00000E+00  -3.62060E-01  -2.81225E-01   1.04826E-01   1.81275E-02
    198000   7.49030E+02   4.13450E-03  -1.95167E-02   2.10100E-01   0.00000E+00   0.00000E+00  -3.64424E-01  -2.82900E-01   1.05046E-01   1.68647E-02
    199000   7.52813E+02   4.01163E-03  -2.12400E-02   2.12158E-01   0.00000E+00   0.00000E+00  -3.66043E-01  -2.81842E-01   1.05341E-01   1.84286E-02
    200000   7.56596E+02   3.83497E-03  -2.12866E-02   2.12584E-01   0.00000E+00   0.00000E+00  -3.68672E-01  -2.81824E-01   1.05651E-01   1.89586E-02
    201000   7.60379E+02   3.74203E-03  -1.99486E-02   2.11624E-01   0.00000E+00   0.00000E+00  -3.70752E-01  -2.84799E-01   1.05899E-01   1.65174E-02
    202000   7.64161E+02   3.65754E-03  -2.18580E-02   2.13995E-01   0.00000E+00   0.00000E+00  -3.66910E-01  -2.82496E-01   1.06145E-01   1.94438E-02
    203000   7.67944E+02   3.56557E-03  -2.05069E-02   2.12839E-01   0.00000E+00   0.00000E+00  -3.72175E-01  -2.85722E-01   1.06520E-01   1.66958E-02
    204000   7.71727E+02   3.60477E-03  -2.09357E-02   2.13600E-01   0.00000E+00   0.00000E+00  -3.70539E-01  -2.85229E-01   1.06826E-01   1.78669E-02
    205000   7.75510E+02   3.54299E-03  -2.12976E-02   2.14312E-01   0.00000E+00   0.00000E+00  -3.71417E-01  -2.85651E-01   1.07116E-01   1.80225E-02
    206000   7.79293E+02   3.54225E-03  -2.05872E-02   2.13872E-01   0.00000E+00   0.00000E+00  -3.72810E-01  -2.87530E-01   1.07353E-01   1.66504E-02
    207000   7.83076E+02   3.56816E-03  -2.11837E-02   2.14789E-01   0.00000E+00   0.00000E+00  -3.72019E-01  -2.86682E-01   1.07585E-01   1.80761E-02
    208000   7.86859E+02   3.48637E-03  -2.06391E-02   2.14656E-01   0.00000E+00   0.00000E+00  -3.73840E-01  -2.88577E-01   1.07805E-01   1.67315E-02
    209000   7.90642E+02   3.46709E-03  -2.12015E-02   2.15564E-01   0.00000E+00   0.00000E+00  -3.71757E-01  -2.87803E-01   1.08110E-01   1.81374E-02
    210000   7.94425E+02   3.48905E-03  -2.09338E-02   2.15641E-01   0.00000E+00   0.00000E+00  -3.76252E-01  -2.89285E-01   1.08308E-01   1.72191E-02
    211000   7.98208E+02   3.44884E-03  -2.18441E-02   2.16806E-01   0.00000E+00   0.00000E+00  -3.76920E-01  -2.88376E-01   1.08623E-01   1.86570E-02
    212000   8.01991E+02   3.40142E-03  -2.16189E-02   2.16955E-01   0.00000E+00   0.00000E+00  -3.78385E-01  -2.89631E-01   1.08844E-01   1.79513E-02
    213000   8.05774E+02   3.32625E-03  -2.13565E-02   2.16896E-01   0.00000E+00   0.00000E+00  -3.80771E-01  -2.90080E-01   1.09100E-01   1.78852E-02
    214000   8.09557E+02   3.15440E-03  -2.20054E-02   2.17732E-01   0.00000E+00   0.00000E+00  -3.82209E-01  -2.90316E-01   1.09362E-01   1.79274E-02
    215000   8.13340E+02   3.03943E-03  -2.24020E-02   2.18349E-01   0.00000E+00   0.00000E+00  -3.83407E-01  -2.90305E-01   1.09607E-01   1.82882E-02
    216000   8.17123E+02   2.97243E-03  -2.12084E-02   2.17376E-01   0.00000E+00   0.00000E+00  -3.86332E-01  -2.92190E-01   1.09797E-01   1.67477E-02
    217000   8.20906E+02   2.87932E-03  -2.21614E-02   2.18410E-01   0.00000E+00   0.00000E+00  -3.84158E-01  -2.91528E-01   1.10136E-01   1.77357E-02
    218000   8.24689E+02   2.75889E-03  -2.25965E-02   2.19037E-01   0.00000E+00   0.00000E+00  -3.85882E-01  -2.91569E-01   1.10333E-01   1.79637E-02
    219000   8.28472E+02   2.68604E-03  -2.16643E-02   2.18359E-01   0.00000E+00   0.00000E+00  -3.89103E-01  -2.92896E-01   1.10495E-01   1.69799E-02
    220000   8.32255E+02   2.59040E-03  -2.20292E-02   2.18886E-01   0.00000E+00   0.00000E+00  -3.91796E-01  -2.92786E-01   1.10695E-01   1.73563E-02
    221000   8.36038E+02   2.48010E-03  -2.27916E-02   2.19726E-01   0.00000E+00   0.00000E+00  -3.92661E-01  -2.92520E-01   1.10936E-01   1.78304E-02
    222000   8.39821E+02   2.41677E-03  -2.21794E-02   2.19256E-01   0.00000E+00   0.00000E+00  -3.96235E-01  -2.93609E-01   1.11095E-01   1.69787E-02
    223000   8.43604E+02   2.31002E-03  -2.23428E-02   2.19535E-01   0.00000E+00   0.00000E+00  -3.96986E-01  -2.93486E-01   1.11276E-01   1.72927E-02
    224000   8.47387E+02   2.25328E-03  -2.28360E-02   2.20170E-01   0.00000E+00   0.00000E+00  -3.97012E-01  -2.93263E-01   1.11447E-01   1.77715E-02
    225000   8.51170E+02   2.20059E-03  -2.26257E-02   2.19987E-01   0.00000E+00   0.00000E+00  -3.98673E-01  -2.94025E-01   1.11701E-01   1.72374E-02
    226000   8.54953E+02   2.16576E-03  -2.31596E-02   2.20658E-01   0.00000E+00   0.00000E+00  -4.00220E-01  -2.93890E-01   1.11885E-01   1.76589E-02
    227000   8.58736E+02   2.10644E-03  -2.32031E-02   2.20892E-01   0.00000E+00   0.00000E+00  -3.99363E-01  -2.93589E-01   1.12056E-01   1.82635E-02
    228000   8.62519E+02   2.09520E-03  -2.21348E-02   2.19936E-01   0.00000E+00   0.00000E+00  -4.03850E-01  -2.96296E-01   1.12166E-01   1.57660E-02
    229000   8.66302E+02   2.06372E-03  -2.38913E-02   2.21804E-01   0.00000E+00   0.00000E+00  -4.00279E-01  -2.93474E-01   1.12384E-01   1.88860E-02
    230000   8.70085E+02   2.04211E-03  -2.25517E-02   2.20614E-01   0.00000E+00   0.00000E+00  -4.02739E-01  -2.96069E-01   1.12483E-01   1.65182E-02
    231000   8.73868E+02   2.00429E-03  -2.28241E-02   2.20968E-01   0.00000E+00   0.00000E+00  -4.03744E-01  -2.95518E-01   1.12725E-01   1.73548E-02
    232000   8.77651E+02   2.02325E-03  -2.34615E-02   2.21781E-01   0.00000E+00   0.00000E+00  -4.04707E-01  -2.95554E-01   1.12872E-01   1.76613E-02
    233000   8.81434E+02   2.02661E-03  -2.27969E-02   2.21147E-01   0.00000E+00   0.00000E+00  -4.07689E-01  -2.96457E-01   1.13061E-01   1.69815E-02
    234000   8.85217E+02   1.99399E-03  -2.29276E-02   2.21424E-01   0.00000E+00   0.00000E+00  -4.10527E-01  -2.96827E-01   1.13239E-01   1.69030E-02
    235000   8.89000E+02   1.98207E-03  -2.33159E-02   2.22038E-01   0.00000E+00   0.00000E+00  -4.10194E-01  -2.96232E-01   1.13365E-01   1.78366E-02
    236000   8.92783E+02   1.93528E-03  -2.23920E-02   2.21129E-01   0.00000E+00   0.00000E+00  -4.13083E-01  -2.98237E-01   1.13525E-01   1.59604E-02
    237000   8.96566E+02   1.86772E-03  -2.35055E-02   2.22344E-01   0.00000E+00   0.00000E+00  -4.10343E-01  -2.96801E-01   1.13748E-01   1.76533E-02
    238000   9.00349E+02   1.83131E-03  -2.29991E-02   2.22033E-01   0.00000E+00   0.00000E+00  -4.11089E-01  -2.97702E-01   1.13786E-01   1.69494E-02
    239000   9.04132E+02   1.79981E-03  -2.26937E-02   2.21786E-01   0.00000E+00   0.00000E+00  -4.12265E-01  -2.98742E-01   1.13999E-01   1.61493E-02
    240000   9.07915E+02   1.74228E-03  -2.39204E-02   2.23120E-01   0.00000E+00   0.00000E+00  -4.10631E-01  -2.97014E-01   1.14237E-01   1.81650E-02
    241000   9.11698E+02   1.74822E-03  -2.32593E-02   2.22461E-01   0.00000E+00   0.00000E+00  -4.14026E-01  -2.98904E-01   1.14409E-01   1.64543E-02
    242000   9.15481E+02   1.72503E-03  -2.39784E-02   2.23386E-01   0.00000E+00   0.00000E+00  -4.13924E-01  -2.97356E-01   1.14592E-01   1.83698E-02
    243000   9.19264E+02   1.68532E-03  -2.30764E-02   2.22435E-01   0.00000E+00   0.00000E+00  -4.16200E-01  -2.99881E-01   1.14773E-01   1.59361E-02
    244000   9.23047E+02   1.67370E-03  -2.43758E-02   2.23890E-01   0.00000E+00   0.00000E+00  -4.13817E-01  -2.97788E-01   1.14928E-01   1.83276E-02
    245000   9.26830E+02   1.67761E-03  -2.35996E-02   2.23203E-01   0.00000E+00   0.00000E+00  -4.17216E-01  -2.99644E-01   1.15105E-01   1.67430E-02
    246000   9.30612E+02   1.69479E-03  -2.32101E-02   2.23095E-01   0.00000E+00   0.00000E+00  -4.16840E-01  -2.99681E-01   1.15082E-01   1.69797E-02
    247000   9.34395E+02   1.74336E-03  -2.38434E-02   2.23898E-01   0.00000E+00   0.00000E+00  -4.17234E-01  -2.99750E-01   1.15229E-01   1.72772E-02
    248000   9.38178E+02   1.74348E-03  -2.32710E-02   2.23378E-01   0.00000E+00   0.00000E+00  -4.18380E-01  -3.00222E-01   1.15501E-01   1.71289E-02
    249000   9.41961E+02   1.79472E-03  -2.28909E-02   2.23226E-01   0.00000E+00   0.00000E+00  -4.21785E-01  -3.01416E-01   1.15586E-01   1.63006E-02
    250000   9.45744E+02   1.85039E-03  -2.40561E-02   2.24524E-01   0.00000E+00   0.00000E+00  -4.20996E-01  -3.00139E-01   1.15752E-01   1.79309E-02
