 kstep t[R/vA] kin_energy mag_energy thr_energy beam_energy beam_energy_trns ep_energy ep_energy_trns dssp_energy total_energy
         0   0.00000E+00   0.00000E+00   3.04886E-12   0.00000E+00   0.00000E+00   0.00000E+00   1.32646E-14   0.00000E+00   0.00000E+00   3.04886E-12
      1000   3.78298E+00   1.41983E-12  -1.31810E-10   1.36006E-10   0.00000E+00   0.00000E+00  -2.48163E-08   2.47202E-10  -1.45689E-12   2.51362E-10
      2000   7.56596E+00   1.19811E-12  -3.48861E-10   3.46500E-10   0.00000E+00   0.00000E+00   2.49265E-08   7.17608E-10   1.43412E-12   7.17880E-10
      3000   1.13489E+01   8.72477E-13   5.42717E-10  -5.13442E-10   0.00000E+00   0.00000E+00   4.35253E-08  -7.56243E-10   5.11469E-12  -7.20981E-10
      4000   1.51319E+01   1.04249E-12   6.40554E-11  -2.20813E-11   0.00000E+00   0.00000E+00   4.14761E-08   7.71350E-11  -1.11825E-11   1.08969E-10
      5000   1.89149E+01   8.77736E-13  -8.91634E-10   9.40488E-10   0.00000E+00   0.00000E+00   1.54562E-08   1.27474E-09  -3.91544E-11   1.28532E-09
      6000   2.26979E+01   9.81639E-13  -7.16561E-10   6.78674E-10   0.00000E+00   0.00000E+00   1.03484E-08   9.79705E-10   4.06491E-11   9.83448E-10
      7000   2.64808E+01   8.85438E-13  -2.89376E-10   3.62305E-10   0.00000E+00   0.00000E+00  -4.45067E-08   4.19440E-10  -6.02321E-11   4.33023E-10
      8000   3.02638E+01   1.04805E-12  -1.42905E-09   1.68420E-09   0.00000E+00   0.00000E+00  -4.16403E-09   2.09202E-09  -2.69599E-10   2.07862E-09
      9000   3.40468E+01   1.23646E-12   5.38002E-10  -4.97820E-10   0.00000E+00   0.00000E+00   6.60786E-08  -8.22118E-10  -1.05953E-11  -7.91295E-10
     10000   3.78298E+01   1.20286E-12   6.35418E-10  -5.08368E-10   0.00000E+00   0.00000E+00   1.18733E-07  -8.63840E-11  -6.57513E-11  -2.38826E-11
     11000   4.16128E+01   1.54839E-12   1.34152E-10  -1.23878E-10   0.00000E+00   0.00000E+00   1.44166E-07   1.06631E-10   6.46443E-11   1.83098E-10
     12000   4.53957E+01   1.70532E-12  -4.48070E-11   1.75312E-10   0.00000E+00   0.00000E+00   1.22245E-07   6.99722E-10  -7.56481E-11   7.56285E-10
     13000   4.91787E+01   2.04227E-12   2.68194E-10  -2.26057E-10   0.00000E+00   0.00000E+00   2.11468E-07  -9.01221E-12   5.65296E-11   9.16970E-11
     14000   5.29617E+01   2.60238E-12   2.40578E-09  -2.02662E-09   0.00000E+00   0.00000E+00   2.19224E-07  -3.19898E-09  -2.68535E-10  -3.08576E-09
     15000   5.67447E+01   2.93848E-12   8.67289E-10  -4.27372E-10   0.00000E+00   0.00000E+00   1.25079E-07   2.24214E-10  -3.52098E-10   3.14972E-10
     16000   6.05276E+01   3.77889E-12   1.29708E-09  -9.02291E-10   0.00000E+00   0.00000E+00   1.24590E-07  -1.87869E-09  -3.31028E-10  -1.81115E-09
     17000   6.43106E+01   4.64707E-12   1.57158E-09  -1.70658E-09   0.00000E+00   0.00000E+00   2.05013E-07  -2.27418E-09   2.31612E-10  -2.17292E-09
     18000   6.80936E+01   5.86104E-12   4.95327E-09  -5.04695E-09   0.00000E+00   0.00000E+00   2.51263E-07  -7.15192E-09   2.58985E-10  -6.98075E-09
     19000   7.18766E+01   7.53698E-12   2.63036E-09  -2.68390E-09   0.00000E+00   0.00000E+00   2.37537E-07  -3.98342E-09   1.32074E-10  -3.89734E-09
     20000   7.56596E+01   9.33662E-12   1.87802E-09  -2.08782E-09   0.00000E+00   0.00000E+00   1.88382E-07  -1.38593E-09   1.84384E-10  -1.40201E-09
     21000   7.94425E+01   1.19224E-11   5.07868E-09  -5.14602E-09   0.00000E+00   0.00000E+00   7.01437E-08  -8.24938E-09   1.02523E-10  -8.20227E-09
     22000   8.32255E+01   1.49346E-11  -3.68703E-09   3.75235E-09   0.00000E+00   0.00000E+00   5.40166E-08   7.42288E-09   2.05929E-12   7.50518E-09
     23000   8.70085E+01   1.88608E-11   4.73143E-10  -3.06744E-10   0.00000E+00   0.00000E+00  -1.71621E-07  -5.57615E-09  -2.96016E-10  -5.68690E-09
     24000   9.07915E+01   2.39803E-11  -3.68152E-09   4.36010E-09   0.00000E+00   0.00000E+00   2.29172E-08   8.01719E-09  -8.84652E-10   7.83509E-09
     25000   9.45744E+01   3.00167E-11   9.00172E-09  -8.61654E-09   0.00000E+00   0.00000E+00   2.26614E-07  -1.48177E-08  -1.39882E-10  -1.45424E-08
     26000   9.83574E+01   3.79024E-11  -6.79961E-10  -6.72870E-10   0.00000E+00   0.00000E+00   2.57980E-07   1.50797E-09   1.53945E-09   1.73250E-09
     27000   1.02140E+02   4.76771E-11  -1.18801E-08   1.01001E-08   0.00000E+00   0.00000E+00  -1.47085E-07   1.32849E-08   1.73485E-09   1.32874E-08
     28000   1.05923E+02   5.97622E-11  -6.46476E-09   4.48469E-09   0.00000E+00   0.00000E+00  -5.33365E-07   1.26789E-08   1.93977E-09   1.26983E-08
     29000   1.09706E+02   7.54434E-11  -8.59397E-09   6.61534E-09   0.00000E+00   0.00000E+00  -4.75545E-07   1.88301E-09   1.73940E-09   1.71922E-09
     30000   1.13489E+02   9.43438E-11  -2.05374E-08   1.82628E-08   0.00000E+00   0.00000E+00  -4.01782E-07   2.74096E-08   2.32512E-09   2.75545E-08
     31000   1.17272E+02   1.19221E-10   1.13861E-08  -1.13967E-08   0.00000E+00   0.00000E+00  -9.42814E-07  -1.93079E-08   2.59624E-10  -1.89396E-08
     32000   1.21055E+02   1.49713E-10  -2.14825E-08   2.02261E-08   0.00000E+00   0.00000E+00  -9.93912E-07   2.71640E-08   4.59071E-10   2.65163E-08
     33000   1.24838E+02   1.87580E-10  -1.67610E-08   1.63555E-08   0.00000E+00   0.00000E+00  -8.56308E-07   1.39134E-08  -9.44611E-11   1.36010E-08
     34000   1.28621E+02   2.37142E-10   4.71138E-10  -3.13626E-10   0.00000E+00   0.00000E+00   1.35056E-07   5.60767E-09   5.83832E-10   6.58616E-09
     35000   1.32404E+02   2.97430E-10   1.45081E-08  -1.09233E-08   0.00000E+00   0.00000E+00  -1.23074E-07  -1.16970E-08  -2.28382E-09  -1.00986E-08
     36000   1.36187E+02   3.73725E-10  -1.92079E-08   1.79134E-08   0.00000E+00   0.00000E+00   7.91363E-07   2.12798E-08   1.30158E-09   2.16606E-08
     37000   1.39970E+02   4.71090E-10  -3.70564E-10   4.46338E-09   0.00000E+00   0.00000E+00   1.39006E-06   2.72234E-09  -2.87948E-09   4.40676E-09
     38000   1.43753E+02   5.89665E-10   1.10413E-08  -5.22274E-09   0.00000E+00   0.00000E+00   1.55990E-06   1.38498E-08  -2.71737E-09   1.75407E-08
     39000   1.47536E+02   7.42464E-10  -1.12225E-08   1.33888E-08   0.00000E+00   0.00000E+00   8.06904E-07   2.34971E-08  -1.14122E-09   2.52647E-08
     40000   1.51319E+02   9.33754E-10  -5.71387E-08   5.80513E-08   0.00000E+00   0.00000E+00  -1.68378E-06   4.90344E-08  -9.87314E-10   4.98934E-08
     41000   1.55102E+02   1.16925E-09  -6.32798E-08   6.18598E-08   0.00000E+00   0.00000E+00  -2.44262E-06   7.48711E-08   9.67587E-10   7.55880E-08
     42000   1.58885E+02   1.46777E-09  -2.26299E-08   2.23072E-08   0.00000E+00   0.00000E+00  -1.26974E-06   2.93423E-08   1.16163E-09   3.16490E-08
     43000   1.62668E+02   1.84609E-09  -4.46058E-08   4.80613E-08   0.00000E+00   0.00000E+00  -9.12513E-07   5.51755E-08  -3.20675E-10   6.01563E-08
     44000   1.66451E+02   2.31191E-09  -6.83916E-08   6.62150E-08   0.00000E+00   0.00000E+00  -2.23188E-06   9.05900E-08   5.21745E-09   9.59427E-08
     45000   1.70234E+02   2.90743E-09  -3.75783E-08   4.83465E-08   0.00000E+00   0.00000E+00   4.04608E-08   5.41521E-08  -7.53851E-09   6.02892E-08
     46000   1.74017E+02   3.64085E-09  -3.92594E-08   4.77280E-08   0.00000E+00   0.00000E+00   1.17306E-06   6.72531E-08   9.83055E-10   8.03456E-08
     47000   1.77800E+02   4.58867E-09   3.25419E-09   4.06778E-09   0.00000E+00   0.00000E+00  -3.14482E-07   4.38435E-08   2.36507E-09   5.81192E-08
     48000   1.81583E+02   5.74838E-09  -6.62422E-08   9.20246E-08   0.00000E+00   0.00000E+00  -3.69604E-06   1.89741E-08  -1.97309E-08   3.07740E-08
     49000   1.85366E+02   7.23182E-09  -2.18160E-07   2.32761E-07   0.00000E+00   0.00000E+00  -5.33298E-06   2.97908E-07  -4.08470E-09   3.15656E-07
     50000   1.89149E+02   9.11322E-09   5.18223E-08  -1.87838E-08   0.00000E+00   0.00000E+00  -7.78478E-06  -1.31560E-07  -1.75053E-08  -1.06913E-07
     51000   1.92932E+02   1.14503E-08  -7.94804E-08   1.19073E-07   0.00000E+00   0.00000E+00  -1.04866E-05   1.49063E-07  -2.39644E-08   1.76142E-07
     52000   1.96715E+02   1.44308E-08  -2.31168E-07   2.58632E-07   0.00000E+00   0.00000E+00  -1.23820E-05   2.27207E-07  -9.43538E-09   2.59667E-07
     53000   2.00498E+02   1.81262E-08  -1.35441E-07   1.55596E-07   0.00000E+00   0.00000E+00  -1.59450E-05   1.42394E-07   7.39129E-09   1.88065E-07
     54000   2.04281E+02   2.27747E-08  -2.85632E-08   6.15287E-08   0.00000E+00   0.00000E+00  -2.12115E-05   3.42881E-08   4.06616E-09   9.40945E-08
     55000   2.08064E+02   2.87366E-08  -2.30661E-07   2.27847E-07   0.00000E+00   0.00000E+00  -2.19947E-05   8.41874E-08   4.38098E-08   1.53920E-07
     56000   2.11847E+02   3.60338E-08  -2.96287E-07   3.42134E-07   0.00000E+00   0.00000E+00  -2.16490E-05   4.03380E-07   7.85679E-09   4.93117E-07
     57000   2.15630E+02   4.56927E-08  -7.05722E-08   1.35407E-07   0.00000E+00   0.00000E+00  -2.96093E-05  -1.19130E-07   1.48936E-08   6.29096E-09
     58000   2.19413E+02   5.72583E-08  -2.04615E-07   2.88556E-07   0.00000E+00   0.00000E+00  -2.57385E-05   7.46339E-08   1.15956E-08   2.27428E-07
     59000   2.23196E+02   7.20371E-08  -2.54984E-07   3.64399E-07   0.00000E+00   0.00000E+00  -3.72547E-05   6.03394E-08   8.19165E-10   2.42611E-07
     60000   2.26979E+02   9.07652E-08  -3.53576E-07   5.24251E-07   0.00000E+00   0.00000E+00  -3.40996E-05   4.92080E-07  -1.07274E-08   7.42794E-07
     61000   2.30762E+02   1.13987E-07  -8.64526E-08   2.38729E-07   0.00000E+00   0.00000E+00  -3.92622E-05  -6.22072E-08   5.64293E-08   2.60485E-07
     62000   2.34545E+02   1.43462E-07  -1.88975E-07   3.64296E-07   0.00000E+00   0.00000E+00  -4.90217E-05  -3.87490E-07   5.56864E-08  -1.30203E-08
     63000   2.38328E+02   1.80682E-07  -5.78378E-07   7.58211E-07   0.00000E+00   0.00000E+00  -6.00815E-05   6.18331E-07   1.15583E-07   1.09443E-06
     64000   2.42111E+02   2.26835E-07   2.17439E-07   1.41054E-07   0.00000E+00   0.00000E+00  -6.94673E-05  -1.24080E-06   3.83939E-08  -6.17081E-07
     65000   2.45894E+02   2.86576E-07  -7.03527E-07   1.14341E-06   0.00000E+00   0.00000E+00  -7.13462E-05   1.15046E-06   4.67177E-08   1.92363E-06
     66000   2.49677E+02   3.60775E-07   8.34843E-07  -2.58343E-07   0.00000E+00   0.00000E+00  -8.75860E-05  -2.38105E-06   3.56625E-08  -1.40811E-06
     67000   2.53460E+02   4.53267E-07  -3.92990E-07   1.06295E-06   0.00000E+00   0.00000E+00  -1.01253E-04  -2.18692E-07   8.71311E-08   9.91662E-07
     68000   2.57242E+02   5.72916E-07   4.28362E-07   5.05990E-07   0.00000E+00   0.00000E+00  -5.77445E-05  -1.89990E-06   8.11201E-08  -3.11517E-07
     69000   2.61025E+02   7.21230E-07   1.48208E-06  -2.09844E-07   0.00000E+00   0.00000E+00  -2.68763E-06  -2.54107E-06   5.37253E-08  -4.93886E-07
     70000   2.64808E+02   9.08535E-07   1.32820E-06   2.14527E-07   0.00000E+00   0.00000E+00  -7.47331E-06  -2.11596E-06   1.16872E-07   4.52178E-07
     71000   2.68591E+02   1.14575E-06  -7.70167E-08   1.77792E-06   0.00000E+00   0.00000E+00  -3.13183E-05  -1.15400E-06   3.83548E-07   2.07621E-06
     72000   2.72374E+02   1.44054E-06   1.49804E-06   7.62595E-07   0.00000E+00   0.00000E+00   6.55021E-05  -4.55071E-06   3.76061E-07  -4.73474E-07
     73000   2.76157E+02   1.80496E-06   2.24627E-06   4.60098E-07   0.00000E+00   0.00000E+00   1.15724E-04  -4.46708E-06   6.40776E-07   6.85021E-07
     74000   2.79940E+02   2.27764E-06   2.79437E-06   8.23503E-07   0.00000E+00   0.00000E+00   1.13134E-04  -7.63705E-06   6.31415E-07  -1.11012E-06
     75000   2.83723E+02   2.86772E-06   8.03372E-07   3.66735E-06   0.00000E+00   0.00000E+00   7.82069E-05  -5.36467E-06   7.80998E-07   2.75477E-06
     76000   2.87506E+02   3.61871E-06   5.27378E-06   4.47668E-07   0.00000E+00   0.00000E+00   1.90810E-04  -1.19980E-05   8.54171E-07  -1.80370E-06
     77000   2.91289E+02   4.57027E-06   6.94444E-06   3.41880E-07   0.00000E+00   0.00000E+00   2.29167E-04  -1.45998E-05   1.16534E-06  -1.57788E-06
     78000   2.95072E+02   5.74420E-06   6.25561E-06   2.78660E-06   0.00000E+00   0.00000E+00   2.25547E-04  -1.63529E-05   1.68305E-06   1.16609E-07
     79000   2.98855E+02   7.23340E-06   7.13196E-06   4.57125E-06   0.00000E+00   0.00000E+00   1.61846E-04  -1.82410E-05   1.58586E-06   2.28144E-06
     80000   3.02638E+02   9.13708E-06   1.05788E-05   4.36906E-06   0.00000E+00   0.00000E+00   1.03277E-04  -2.72892E-05   1.66300E-06  -1.54121E-06
     81000   3.06421E+02   1.15181E-05   1.06878E-05   8.19626E-06   0.00000E+00   0.00000E+00   1.18147E-04  -2.85160E-05   2.21446E-06   4.10065E-06
     82000   3.10204E+02   1.45554E-05   1.60121E-05   7.20239E-06   0.00000E+00   0.00000E+00   2.04936E-04  -4.53202E-05   3.47797E-06  -4.07235E-06
     83000   3.13987E+02   1.83293E-05   1.52452E-05   1.37243E-05   0.00000E+00   0.00000E+00   3.69593E-04  -4.24241E-05   4.55879E-06   9.43354E-06
     84000   3.17770E+02   2.31187E-05   2.65378E-05   1.02144E-05   0.00000E+00   0.00000E+00   3.90756E-04  -7.35924E-05   5.81182E-06  -7.90972E-06
     85000   3.21553E+02   2.90864E-05   2.50778E-05   2.19079E-05   0.00000E+00   0.00000E+00   3.79645E-04  -6.72234E-05   6.50677E-06   1.53554E-05
     86000   3.25336E+02   3.65788E-05   4.30644E-05   1.52544E-05   0.00000E+00   0.00000E+00   1.52824E-04  -1.15894E-04   8.66786E-06  -1.23280E-05
     87000   3.29119E+02   4.60423E-05   3.60316E-05   3.62815E-05   0.00000E+00   0.00000E+00   2.48579E-04  -1.11093E-04   1.19448E-05   1.92074E-05
     88000   3.32902E+02   5.80836E-05   5.78162E-05   3.47365E-05   0.00000E+00   0.00000E+00   2.84493E-04  -1.64383E-04   1.37244E-05  -2.21500E-08
     89000   3.36685E+02   7.28204E-05   7.23175E-05   4.43304E-05   0.00000E+00   0.00000E+00   1.76473E-04  -1.92624E-04   1.73299E-05   1.41741E-05
     90000   3.40468E+02   9.12579E-05   8.62785E-05   5.95331E-05   0.00000E+00   0.00000E+00   4.78473E-04  -2.55833E-04   2.24410E-05   3.67762E-06
     91000   3.44251E+02   1.14659E-04   1.10630E-04   7.35759E-05   0.00000E+00   0.00000E+00   1.00757E-03  -3.04995E-04   2.69656E-05   2.08348E-05
     92000   3.48034E+02   1.43631E-04   1.50655E-04   8.11144E-05   0.00000E+00   0.00000E+00   1.37790E-03  -4.06018E-04   3.42678E-05   3.65035E-06
     93000   3.51817E+02   1.80909E-04   1.72287E-04   1.19302E-04   0.00000E+00   0.00000E+00   1.62650E-03  -4.70215E-04   4.23161E-05   4.45994E-05
     94000   3.55600E+02   2.26412E-04   2.27372E-04   1.37497E-04   0.00000E+00   0.00000E+00   2.19419E-03  -6.23201E-04   5.36989E-05   2.17782E-05
     95000   3.59383E+02   2.83931E-04   2.71683E-04   1.84603E-04   0.00000E+00   0.00000E+00   1.74832E-03  -7.54891E-04   6.86285E-05   5.39542E-05
     96000   3.63166E+02   3.55714E-04   3.27641E-04   2.41703E-04   0.00000E+00   0.00000E+00   1.88274E-03  -9.41182E-04   8.80431E-05   7.19196E-05
     97000   3.66949E+02   4.43755E-04   4.22513E-04   2.94415E-04   0.00000E+00   0.00000E+00   3.11145E-03  -1.20800E-03   1.07702E-04   6.03887E-05
     98000   3.70732E+02   5.57861E-04   5.30457E-04   3.70297E-04   0.00000E+00   0.00000E+00   3.71707E-03  -1.47264E-03   1.29723E-04   1.15702E-04
     99000   3.74515E+02   6.94222E-04   6.85635E-04   4.42233E-04   0.00000E+00   0.00000E+00   4.74980E-03  -1.91482E-03   1.63530E-04   7.07972E-05
    100000   3.78298E+02   8.62702E-04   7.78724E-04   6.21908E-04   0.00000E+00   0.00000E+00   7.21816E-03  -2.24333E-03   2.09104E-04   2.29114E-04
    101000   3.82081E+02   1.07021E-03   1.02497E-03   7.15126E-04   0.00000E+00   0.00000E+00   9.09662E-03  -2.86894E-03   2.60437E-04   2.01806E-04
    102000   3.85864E+02   1.32155E-03   1.22984E-03   9.35684E-04   0.00000E+00   0.00000E+00   8.43381E-03  -3.52932E-03   3.27618E-04   2.85366E-04
    103000   3.89647E+02   1.63319E-03   1.45084E-03   1.23044E-03   0.00000E+00   0.00000E+00   7.91582E-03  -4.28084E-03   4.03520E-04   4.37157E-04
    104000   3.93430E+02   2.00376E-03   1.85152E-03   1.46592E-03   0.00000E+00   0.00000E+00   6.41034E-03  -5.39182E-03   4.95004E-04   4.24383E-04
    105000   3.97213E+02   2.44828E-03   2.16504E-03   1.90966E-03   0.00000E+00   0.00000E+00   4.11979E-03  -6.47928E-03   6.18736E-04   6.62428E-04
    106000   4.00996E+02   2.99103E-03   2.65843E-03   2.34509E-03   0.00000E+00   0.00000E+00   7.39322E-03  -8.04480E-03   7.61578E-04   7.11331E-04
    107000   4.04779E+02   3.61033E-03   3.36372E-03   2.74765E-03   0.00000E+00   0.00000E+00   1.50811E-02  -9.89853E-03   9.51912E-04   7.75087E-04
    108000   4.08562E+02   4.32926E-03   4.05257E-03   3.33754E-03   0.00000E+00   0.00000E+00   1.81782E-02  -1.20083E-02   1.16824E-03   8.79261E-04
    109000   4.12345E+02   5.16284E-03   4.59990E-03   4.31390E-03   0.00000E+00   0.00000E+00   2.07570E-02  -1.41287E-02   1.42838E-03   1.37632E-03
    110000   4.16128E+02   6.08717E-03   5.49709E-03   5.16835E-03   0.00000E+00   0.00000E+00   1.94553E-02  -1.70644E-02   1.76938E-03   1.45761E-03
    111000   4.19911E+02   7.14109E-03   6.47113E-03   6.20702E-03   0.00000E+00   0.00000E+00   2.36459E-02  -2.02025E-02   2.13614E-03   1.75288E-03
    112000   4.23693E+02   8.29711E-03   7.49502E-03   7.49754E-03   0.00000E+00   0.00000E+00   2.66598E-02  -2.39675E-02   2.58546E-03   1.90767E-03
    113000   4.27476E+02   9.56549E-03   8.54965E-03   9.03022E-03   0.00000E+00   0.00000E+00   2.88549E-02  -2.79355E-02   3.13454E-03   2.34441E-03
    114000   4.31259E+02   1.09354E-02   9.75183E-03   1.06868E-02   0.00000E+00   0.00000E+00   3.22155E-02  -3.24949E-02   3.78801E-03   2.66717E-03
    115000   4.35042E+02   1.23660E-02   1.08620E-02   1.27385E-02   0.00000E+00   0.00000E+00   2.95967E-02  -3.73044E-02   4.55676E-03   3.21884E-03
    116000   4.38825E+02   1.38383E-02   1.18970E-02   1.50826E-02   0.00000E+00   0.00000E+00   2.71892E-02  -4.25472E-02   5.46534E-03   3.73618E-03
    117000   4.42608E+02   1.53251E-02   1.32692E-02   1.73488E-02   0.00000E+00   0.00000E+00   3.57276E-02  -4.84130E-02   6.47084E-03   4.00084E-03
    118000   4.46391E+02   1.67971E-02   1.46078E-02   1.98189E-02   0.00000E+00   0.00000E+00   4.53265E-02  -5.47025E-02   7.64336E-03   4.16478E-03
    119000   4.50174E+02   1.82926E-02   1.54779E-02   2.29302E-02   0.00000E+00   0.00000E+00   5.66668E-02  -6.09772E-02   8.98749E-03   4.71101E-03
    120000   4.53957E+02   1.96723E-02   1.62927E-02   2.62868E-02   0.00000E+00   0.00000E+00   5.35403E-02  -6.71761E-02   1.05139E-02   5.58957E-03
    121000   4.57740E+02   2.10041E-02   1.73899E-02   2.94542E-02   0.00000E+00   0.00000E+00   5.18623E-02  -7.44524E-02   1.21777E-02   5.57354E-03
    122000   4.61523E+02   2.20792E-02   1.76561E-02   3.34572E-02   0.00000E+00   0.00000E+00   5.71375E-02  -8.05405E-02   1.39879E-02   6.63987E-03
    123000   4.65306E+02   2.32034E-02   1.83002E-02   3.70662E-02   0.00000E+00   0.00000E+00   6.47434E-02  -8.78957E-02   1.60277E-02   6.70177E-03
    124000   4.69089E+02   2.41323E-02   1.88226E-02   4.09821E-02   0.00000E+00   0.00000E+00   7.04400E-02  -9.46583E-02   1.81509E-02   7.42962E-03
    125000   4.72872E+02   2.50963E-02   1.88274E-02   4.52210E-02   0.00000E+00   0.00000E+00   6.17175E-02  -1.01626E-01   2.03611E-02   7.87957E-03
    126000   4.76655E+02   2.57502E-02   1.86687E-02   4.98569E-02   0.00000E+00   0.00000E+00   5.92495E-02  -1.07825E-01   2.26895E-02   9.14046E-03
    127000   4.80438E+02   2.64718E-02   1.89469E-02   5.37594E-02   0.00000E+00   0.00000E+00   5.44583E-02  -1.15564E-01   2.50778E-02   8.69194E-03
    128000   4.84221E+02   2.68989E-02   1.83035E-02   5.86535E-02   0.00000E+00   0.00000E+00   5.43359E-02  -1.20930E-01   2.75262E-02   1.04517E-02
    129000   4.88004E+02   2.72254E-02   1.82952E-02   6.28295E-02   0.00000E+00   0.00000E+00   5.75073E-02  -1.28427E-01   3.00639E-02   9.98741E-03
    130000   4.91787E+02   2.75888E-02   1.76580E-02   6.75562E-02   0.00000E+00   0.00000E+00   6.98458E-02  -1.34028E-01   3.25876E-02   1.13630E-02
    131000   4.95570E+02   2.77485E-02   1.78111E-02   7.15011E-02   0.00000E+00   0.00000E+00   7.24851E-02  -1.41314E-01   3.51687E-02   1.09152E-02
    132000   4.99353E+02   2.81211E-02   1.69766E-02   7.63289E-02   0.00000E+00   0.00000E+00   6.01920E-02  -1.47099E-01   3.77256E-02   1.20533E-02
    133000   5.03136E+02   2.80748E-02   1.66890E-02   8.09425E-02   0.00000E+00   0.00000E+00   5.81662E-02  -1.53093E-01   4.01595E-02   1.27723E-02
    134000   5.06919E+02   2.83929E-02   1.65739E-02   8.47273E-02   0.00000E+00   0.00000E+00   6.61699E-02  -1.59938E-01   4.26504E-02   1.24060E-02
    135000   5.10702E+02   2.84122E-02   1.59655E-02   8.95233E-02   0.00000E+00   0.00000E+00   7.03514E-02  -1.65542E-01   4.51466E-02   1.35058E-02
    136000   5.14485E+02   2.83776E-02   1.58740E-02   9.36470E-02   0.00000E+00   0.00000E+00   6.80194E-02  -1.71386E-01   4.75786E-02   1.40909E-02
    137000   5.18268E+02   2.86917E-02   1.52834E-02   9.77371E-02   0.00000E+00   0.00000E+00   5.55676E-02  -1.78403E-01   5.00010E-02   1.33101E-02
    138000   5.22051E+02   2.85271E-02   1.35887E-02   1.03571E-01   0.00000E+00   0.00000E+00   4.08105E-02  -1.81744E-01   5.24076E-02   1.63501E-02
    139000   5.25834E+02   2.85546E-02   1.46067E-02   1.06288E-01   0.00000E+00   0.00000E+00   2.77981E-02  -1.89841E-01   5.47735E-02   1.43817E-02
    140000   5.29617E+02   2.86446E-02   1.31665E-02   1.11239E-01   0.00000E+00   0.00000E+00   2.19243E-02  -1.94196E-01   5.70632E-02   1.59168E-02
    141000   5.33400E+02   2.81971E-02   1.18638E-02   1.16474E-01   0.00000E+00   0.00000E+00   1.30060E-02  -1.98799E-01   5.92626E-02   1.69982E-02
    142000   5.37183E+02   2.82554E-02   1.16044E-02   1.19868E-01   0.00000E+00   0.00000E+00  -1.31003E-02  -2.04978E-01   6.15688E-02   1.63191E-02
    143000   5.40966E+02   2.77864E-02   1.05360E-02   1.24256E-01   0.00000E+00   0.00000E+00  -3.36176E-02  -2.09291E-01   6.37566E-02   1.70442E-02
    144000   5.44749E+02   2.71728E-02   8.80273E-03   1.29100E-01   0.00000E+00   0.00000E+00  -5.29042E-02  -2.13445E-01   6.59041E-02   1.75352E-02
    145000   5.48532E+02   2.67178E-02   7.17364E-03   1.33114E-01   0.00000E+00   0.00000E+00  -6.19553E-02  -2.17281E-01   6.80600E-02   1.77844E-02
    146000   5.52315E+02   2.53598E-02   6.63385E-03   1.36431E-01   0.00000E+00   0.00000E+00  -7.15802E-02  -2.21308E-01   6.99803E-02   1.70969E-02
    147000   5.56098E+02   2.43658E-02   4.12166E-03   1.40579E-01   0.00000E+00   0.00000E+00  -8.23382E-02  -2.23601E-01   7.17711E-02   1.72369E-02
    148000   5.59881E+02   2.26683E-02   2.01383E-03   1.44481E-01   0.00000E+00   0.00000E+00  -9.49476E-02  -2.25287E-01   7.35675E-02   1.74445E-02
    149000   5.63664E+02   2.10664E-02   2.62907E-04   1.47504E-01   0.00000E+00   0.00000E+00  -1.12000E-01  -2.26953E-01   7.52652E-02   1.71461E-02
    150000   5.67447E+02   1.96330E-02  -2.03352E-03   1.50558E-01   0.00000E+00   0.00000E+00  -1.23546E-01  -2.28089E-01   7.66529E-02   1.67219E-02
    151000   5.71230E+02   1.75134E-02  -4.22278E-03   1.53990E-01   0.00000E+00   0.00000E+00  -1.39383E-01  -2.27449E-01   7.79459E-02   1.77783E-02
    152000   5.75013E+02   1.61448E-02  -5.43971E-03   1.55577E-01   0.00000E+00   0.00000E+00  -1.49965E-01  -2.29530E-01   7.90889E-02   1.58410E-02
    153000   5.78796E+02   1.44865E-02  -7.75471E-03   1.58639E-01   0.00000E+00   0.00000E+00  -1.54489E-01  -2.28199E-01   8.02122E-02   1.73841E-02
    154000   5.82579E+02   1.30335E-02  -8.80668E-03   1.60352E-01   0.00000E+00   0.00000E+00  -1.65701E-01  -2.29078E-01   8.11633E-02   1.66635E-02
    155000   5.86362E+02   1.20178E-02  -9.90929E-03   1.61999E-01   0.00000E+00   0.00000E+00  -1.78626E-01  -2.29517E-01   8.19144E-02   1.65049E-02
    156000   5.90145E+02   1.09582E-02  -1.11118E-02   1.64117E-01   0.00000E+00   0.00000E+00  -1.85556E-01  -2.29135E-01   8.26316E-02   1.74606E-02
    157000   5.93927E+02   1.03456E-02  -1.09010E-02   1.64670E-01   0.00000E+00   0.00000E+00  -1.98568E-01  -2.31236E-01   8.32476E-02   1.61259E-02
    158000   5.97710E+02   9.88131E-03  -1.15086E-02   1.66439E-01   0.00000E+00   0.00000E+00  -2.06992E-01  -2.30970E-01   8.37696E-02   1.76108E-02
    159000   6.01493E+02   9.86987E-03  -1.16998E-02   1.67537E-01   0.00000E+00   0.00000E+00  -2.10615E-01  -2.33154E-01   8.43765E-02   1.69302E-02
    160000   6.05276E+02   9.90673E-03  -1.17000E-02   1.68961E-01   0.00000E+00   0.00000E+00  -2.09141E-01  -2.33949E-01   8.48662E-02   1.80851E-02
    161000   6.09059E+02   1.00007E-02  -1.05731E-02   1.69256E-01   0.00000E+00   0.00000E+00  -2.12811E-01  -2.37035E-01   8.53372E-02   1.69852E-02
    162000   6.12842E+02   1.02606E-02  -1.07368E-02   1.70763E-01   0.00000E+00   0.00000E+00  -2.15773E-01  -2.38862E-01   8.58202E-02   1.72451E-02
    163000   6.16625E+02   1.04292E-02  -1.08864E-02   1.72521E-01   0.00000E+00   0.00000E+00  -2.17576E-01  -2.40163E-01   8.62858E-02   1.81864E-02
    164000   6.20408E+02   1.07008E-02  -1.00791E-02   1.73063E-01   0.00000E+00   0.00000E+00  -2.22835E-01  -2.43521E-01   8.68754E-02   1.70392E-02
    165000   6.24191E+02   1.07987E-02  -1.07556E-02   1.75199E-01   0.00000E+00   0.00000E+00  -2.23501E-01  -2.44090E-01   8.73753E-02   1.85279E-02
    166000   6.27974E+02   1.08888E-02  -1.06652E-02   1.76271E-01   0.00000E+00   0.00000E+00  -2.24716E-01  -2.47129E-01   8.80023E-02   1.73683E-02
    167000   6.31757E+02   1.09596E-02  -1.08454E-02   1.77676E-01   0.00000E+00   0.00000E+00  -2.25499E-01  -2.48582E-01   8.85677E-02   1.77759E-02
    168000   6.35540E+02   1.07729E-02  -1.08954E-02   1.79080E-01   0.00000E+00   0.00000E+00  -2.27708E-01  -2.50802E-01   8.91638E-02   1.73194E-02
    169000   6.39323E+02   1.07866E-02  -1.14567E-02   1.80662E-01   0.00000E+00   0.00000E+00  -2.30210E-01  -2.51921E-01   8.98121E-02   1.78828E-02
    170000   6.43106E+02   1.06218E-02  -1.15421E-02   1.81994E-01   0.00000E+00   0.00000E+00  -2.35973E-01  -2.54620E-01   9.04928E-02   1.69473E-02
    171000   6.46889E+02   1.05561E-02  -1.24306E-02   1.84060E-01   0.00000E+00   0.00000E+00  -2.46638E-01  -2.54886E-01   9.11632E-02   1.84632E-02
    172000   6.50672E+02   1.05754E-02  -1.14444E-02   1.84211E-01   0.00000E+00   0.00000E+00  -2.60965E-01  -2.59237E-01   9.18946E-02   1.59998E-02
    173000   6.54455E+02   1.06554E-02  -1.28526E-02   1.87010E-01   0.00000E+00   0.00000E+00  -2.65768E-01  -2.59043E-01   9.25353E-02   1.83051E-02
    174000   6.58238E+02   1.05950E-02  -1.28307E-02   1.88326E-01   0.00000E+00   0.00000E+00  -2.76486E-01  -2.61644E-01   9.32618E-02   1.77074E-02
    175000   6.62021E+02   1.05379E-02  -1.28033E-02   1.89491E-01   0.00000E+00   0.00000E+00  -2.84719E-01  -2.63781E-01   9.39076E-02   1.73526E-02
    176000   6.65804E+02   1.02461E-02  -1.40043E-02   1.91833E-01   0.00000E+00   0.00000E+00  -2.90248E-01  -2.63849E-01   9.46559E-02   1.88813E-02
    177000   6.69587E+02   9.80981E-03  -1.35835E-02   1.92460E-01   0.00000E+00   0.00000E+00  -2.95436E-01  -2.66990E-01   9.53613E-02   1.70575E-02
    178000   6.73370E+02   9.39695E-03  -1.45857E-02   1.94409E-01   0.00000E+00   0.00000E+00  -2.97675E-01  -2.66929E-01   9.60725E-02   1.83639E-02
    179000   6.77153E+02   8.89729E-03  -1.48051E-02   1.95571E-01   0.00000E+00   0.00000E+00  -3.03383E-01  -2.68541E-01   9.67238E-02   1.78456E-02
    180000   6.80936E+02   8.45491E-03  -1.51071E-02   1.96760E-01   0.00000E+00   0.00000E+00  -3.09058E-01  -2.69752E-01   9.74077E-02   1.77636E-02
    181000   6.84719E+02   8.15807E-03  -1.59693E-02   1.98486E-01   0.00000E+00   0.00000E+00  -3.14480E-01  -2.70083E-01   9.80169E-02   1.86090E-02
    182000   6.88502E+02   7.91930E-03  -1.55161E-02   1.98821E-01   0.00000E+00   0.00000E+00  -3.18355E-01  -2.72614E-01   9.86469E-02   1.72567E-02
    183000   6.92285E+02   7.71839E-03  -1.59574E-02   2.00166E-01   0.00000E+00   0.00000E+00  -3.19732E-01  -2.72923E-01   9.91493E-02   1.81530E-02
    184000   6.96068E+02   7.55269E-03  -1.66706E-02   2.01522E-01   0.00000E+00   0.00000E+00  -3.21755E-01  -2.74319E-01   9.97295E-02   1.78152E-02
    185000   6.99851E+02   7.31408E-03  -1.68765E-02   2.02322E-01   0.00000E+00   0.00000E+00  -3.24903E-01  -2.74913E-01   1.00258E-01   1.81050E-02
    186000   7.03634E+02   6.94801E-03  -1.66156E-02   2.02549E-01   0.00000E+00   0.00000E+00  -3.29679E-01  -2.76925E-01   1.00684E-01   1.66406E-02
    187000   7.07417E+02   6.53790E-03  -1.85133E-02   2.04916E-01   0.00000E+00   0.00000E+00  -3.26522E-01  -2.75014E-01   1.01115E-01   1.90414E-02
    188000   7.11200E+02   6.06637E-03  -1.80461E-02   2.04777E-01   0.00000E+00   0.00000E+00  -3.34587E-01  -2.77138E-01   1.01485E-01   1.71450E-02
    189000   7.14983E+02   5.64133E-03  -1.91042E-02   2.06105E-01   0.00000E+00   0.00000E+00  -3.40261E-01  -2.76407E-01   1.02009E-01   1.82449E-02
    190000   7.18766E+02   5.20966E-03  -1.98077E-02   2.07160E-01   0.00000E+00   0.00000E+00  -3.46868E-01  -2.76912E-01   1.02474E-01   1.81240E-02
    191000   7.22549E+02   4.95337E-03  -1.98246E-02   2.07544E-01   0.00000E+00   0.00000E+00  -3.52470E-01  -2.77639E-01   1.02897E-01   1.79307E-02
    192000   7.26332E+02   4.76511E-03  -1.99080E-02   2.08127E-01   0.00000E+00   0.00000E+00  -3.58851E-01  -2.78573E-01   1.03251E-01   1.76626E-02
    193000   7.30115E+02   4.64383E-03  -2.01074E-02   2.08800E-01   0.00000E+00   0.00000E+00  -3.61107E-01  -2.78758E-01   1.03581E-01   1.81588E-02
    194000   7.33898E+02   4.59691E-03  -1.97359E-02   2.08984E-01   0.00000E+00   0.00000E+00  -3.64529E-01  -2.80195E-01   1.03878E-01   1.75283E-02
    195000   7.37681E+02   4.50422E-03  -2.01119E-02   2.09689E-01   0.00000E+00   0.00000E+00  -3.64860E-01  -2.80578E-01   1.04296E-01   1.77990E-02
    196000   7.41464E+02   4.39970E-03  -2.01713E-02   2.10120E-01   0.00000E+00   0.00000E+00  -3.68876E-01  -2.81410E-01   1.04617E-01   1.75548E-02
    197000   7.45247E+02   4.27062E-03  -2.01489E-02   2.10538E-01   0.00000E+00   0.00000E+00  -3.72615E-01  -2.81465E-01   1.04915E-01   1.81095E-02
    198000   7.49030E+02   4.11090E-03  -1.99022E-02   2.10617E-01   0.00000E+00   0.00000E+00  -3.77378E-01  -2.83047E-01   1.05189E-01   1.69680E-02
    199000   7.52813E+02   4.01962E-03  -2.16065E-02   2.12770E-01   0.00000E+00   0.00000E+00  -3.77775E-01  -2.81558E-01   1.05431E-01   1.90565E-02
    200000   7.56596E+02   3.86821E-03  -2.05186E-02   2.12061E-01   0.00000E+00   0.00000E+00  -3.81426E-01  -2.83159E-01   1.05692E-01   1.79436E-02
    201000   7.60379E+02   3.79635E-03  -2.02468E-02   2.12217E-01   0.00000E+00   0.00000E+00  -3.82496E-01  -2.84750E-01   1.05964E-01   1.69811E-02
    202000   7.64161E+02   3.72334E-03  -2.19740E-02   2.14429E-01   0.00000E+00   0.00000E+00  -3.78985E-01  -2.82684E-01   1.06199E-01   1.96931E-02
    203000   7.67944E+02   3.67001E-03  -1.97822E-02   2.12431E-01   0.00000E+00   0.00000E+00  -3.83860E-01  -2.87077E-01   1.06576E-01   1.58177E-02
    204000   7.71727E+02   3.68655E-03  -2.12218E-02   2.14262E-01   0.00000E+00   0.00000E+00  -3.80508E-01  -2.85248E-01   1.06927E-01   1.84045E-02
    205000   7.75510E+02   3.66425E-03  -2.12271E-02   2.14530E-01   0.00000E+00   0.00000E+00  -3.81379E-01  -2.86180E-01   1.07227E-01   1.80140E-02
    206000   7.79293E+02   3.61169E-03  -2.02231E-02   2.13850E-01   0.00000E+00   0.00000E+00  -3.85266E-01  -2.88686E-01   1.07447E-01   1.59989E-02
    207000   7.83076E+02   3.65896E-03  -2.17821E-02   2.15748E-01   0.00000E+00   0.00000E+00  -3.81757E-01  -2.86183E-01   1.07713E-01   1.91546E-02
    208000   7.86859E+02   3.59122E-03  -2.00867E-02   2.14469E-01   0.00000E+00   0.00000E+00  -3.85742E-01  -2.89946E-01   1.07929E-01   1.59556E-02
    209000   7.90642E+02   3.52436E-03  -2.12544E-02   2.16022E-01   0.00000E+00   0.00000E+00  -3.82425E-01  -2.88157E-01   1.08219E-01   1.83535E-02
    210000   7.94425E+02   3.51501E-03  -2.13818E-02   2.16480E-01   0.00000E+00   0.00000E+00  -3.85699E-01  -2.89265E-01   1.08418E-01   1.77663E-02
    211000   7.98208E+02   3.44461E-03  -2.12425E-02   2.16542E-01   0.00000E+00   0.00000E+00  -3.87300E-01  -2.89766E-01   1.08771E-01   1.77495E-02
    212000   8.01991E+02   3.41017E-03  -2.17914E-02   2.17476E-01   0.00000E+00   0.00000E+00  -3.88092E-01  -2.89767E-01   1.08989E-01   1.83166E-02
    213000   8.05774E+02   3.31819E-03  -2.15611E-02   2.17382E-01   0.00000E+00   0.00000E+00  -3.91645E-01  -2.90448E-01   1.09271E-01   1.79615E-02
    214000   8.09557E+02   3.12671E-03  -2.17456E-02   2.17768E-01   0.00000E+00   0.00000E+00  -3.93940E-01  -2.91377E-01   1.09548E-01   1.73204E-02
    215000   8.13340E+02   3.08382E-03  -2.27757E-02   2.19025E-01   0.00000E+00   0.00000E+00  -3.93854E-01  -2.90140E-01   1.09792E-01   1.89849E-02
    216000   8.17123E+02   2.98436E-03  -2.09447E-02   2.17378E-01   0.00000E+00   0.00000E+00  -3.99087E-01  -2.93565E-01   1.09991E-01   1.58446E-02
    217000   8.20906E+02   2.88107E-03  -2.26088E-02   2.19311E-01   0.00000E+00   0.00000E+00  -3.94619E-01  -2.90978E-01   1.10257E-01   1.88624E-02
    218000   8.24689E+02   2.78996E-03  -2.20140E-02   2.18769E-01   0.00000E+00   0.00000E+00  -4.01009E-01  -2.93357E-01   1.10492E-01   1.66803E-02
    219000   8.28472E+02   2.71103E-03  -2.23239E-02   2.19383E-01   0.00000E+00   0.00000E+00  -4.01659E-01  -2.92212E-01   1.10662E-01   1.82202E-02
    220000   8.32255E+02   2.57988E-03  -2.19654E-02   2.19160E-01   0.00000E+00   0.00000E+00  -4.06810E-01  -2.93722E-01   1.10889E-01   1.69417E-02
    221000   8.36038E+02   2.49705E-03  -2.25450E-02   2.19779E-01   0.00000E+00   0.00000E+00  -4.07400E-01  -2.93479E-01   1.11103E-01   1.73556E-02
    222000   8.39821E+02   2.41434E-03  -2.27304E-02   2.20077E-01   0.00000E+00   0.00000E+00  -4.09806E-01  -2.93460E-01   1.11354E-01   1.76555E-02
    223000   8.43604E+02   2.30666E-03  -2.19915E-02   2.19469E-01   0.00000E+00   0.00000E+00  -4.11749E-01  -2.94582E-01   1.11503E-01   1.67050E-02
    224000   8.47387E+02   2.24262E-03  -2.31478E-02   2.20854E-01   0.00000E+00   0.00000E+00  -4.10228E-01  -2.93303E-01   1.11662E-01   1.83084E-02
    225000   8.51170E+02   2.26040E-03  -2.27754E-02   2.20464E-01   0.00000E+00   0.00000E+00  -4.12718E-01  -2.94609E-01   1.11905E-01   1.72446E-02
    226000   8.54953E+02   2.21066E-03  -2.28229E-02   2.20684E-01   0.00000E+00   0.00000E+00  -4.13412E-01  -2.94783E-01   1.12118E-01   1.74069E-02
    227000   8.58736E+02   2.16555E-03  -2.32975E-02   2.21324E-01   0.00000E+00   0.00000E+00  -4.14665E-01  -2.94362E-01   1.12256E-01   1.80864E-02
    228000   8.62519E+02   2.12773E-03  -2.26759E-02   2.20824E-01   0.00000E+00   0.00000E+00  -4.16722E-01  -2.96243E-01   1.12395E-01   1.64275E-02
    229000   8.66302E+02   2.05800E-03  -2.33557E-02   2.21577E-01   0.00000E+00   0.00000E+00  -4.15217E-01  -2.94802E-01   1.12637E-01   1.81151E-02
    230000   8.70085E+02   2.02184E-03  -2.29344E-02   2.21365E-01   0.00000E+00   0.00000E+00  -4.17161E-01  -2.96149E-01   1.12717E-01   1.70201E-02
    231000   8.73868E+02   2.02290E-03  -2.30879E-02   2.21601E-01   0.00000E+00   0.00000E+00  -4.18058E-01  -2.96019E-01   1.12915E-01   1.74328E-02
    232000   8.77651E+02   2.01409E-03  -2.32891E-02   2.21995E-01   0.00000E+00   0.00000E+00  -4.18789E-01  -2.96208E-01   1.13088E-01   1.76001E-02
    233000   8.81434E+02   2.02052E-03  -2.28182E-02   2.21564E-01   0.00000E+00   0.00000E+00  -4.20959E-01  -2.97021E-01   1.13284E-01   1.70302E-02
    234000   8.85217E+02   1.99954E-03  -2.30971E-02   2.21963E-01   0.00000E+00   0.00000E+00  -4.24317E-01  -2.97358E-01   1.13429E-01   1.69360E-02
    235000   8.89000E+02   1.95694E-03  -2.36596E-02   2.22737E-01   0.00000E+00   0.00000E+00  -4.24273E-01  -2.96549E-01   1.13605E-01   1.80897E-02
    236000   8.92783E+02   1.91417E-03  -2.22572E-02   2.21367E-01   0.00000E+00   0.00000E+00  -4.27041E-01  -2.98805E-01   1.13743E-01   1.59622E-02
    237000   8.96566E+02   1.87627E-03  -2.35008E-02   2.22709E-01   0.00000E+00   0.00000E+00  -4.26309E-01  -2.97608E-01   1.13980E-01   1.74570E-02
    238000   9.00349E+02   1.84089E-03  -2.37988E-02   2.23232E-01   0.00000E+00   0.00000E+00  -4.24884E-01  -2.97411E-01   1.14052E-01   1.79141E-02
    239000   9.04132E+02   1.84337E-03  -2.23826E-02   2.21870E-01   0.00000E+00   0.00000E+00  -4.27935E-01  -2.99846E-01   1.14272E-01   1.57574E-02
    240000   9.07915E+02   1.80669E-03  -2.36961E-02   2.23372E-01   0.00000E+00   0.00000E+00  -4.25390E-01  -2.97993E-01   1.14449E-01   1.79390E-02
    241000   9.11698E+02   1.80804E-03  -2.39196E-02   2.23606E-01   0.00000E+00   0.00000E+00  -4.25690E-01  -2.98666E-01   1.14647E-01   1.74753E-02
    242000   9.15481E+02   1.76518E-03  -2.33298E-02   2.23195E-01   0.00000E+00   0.00000E+00  -4.27077E-01  -2.99351E-01   1.14793E-01   1.70720E-02
    243000   9.19264E+02   1.74208E-03  -2.35609E-02   2.23458E-01   0.00000E+00   0.00000E+00  -4.26954E-01  -2.99444E-01   1.14991E-01   1.71867E-02
    244000   9.23047E+02   1.71152E-03  -2.38764E-02   2.23874E-01   0.00000E+00   0.00000E+00  -4.27969E-01  -2.99620E-01   1.15126E-01   1.72156E-02
    245000   9.26830E+02   1.69379E-03  -2.39828E-02   2.24063E-01   0.00000E+00   0.00000E+00  -4.28569E-01  -2.99813E-01   1.15356E-01   1.73172E-02
    246000   9.30612E+02   1.71538E-03  -2.34110E-02   2.23697E-01   0.00000E+00   0.00000E+00  -4.28468E-01  -3.00161E-01   1.15416E-01   1.72552E-02
    247000   9.34395E+02   1.74091E-03  -2.33938E-02   2.23724E-01   0.00000E+00   0.00000E+00  -4.29647E-01  -3.01605E-01   1.15598E-01   1.60646E-02
    248000   9.38178E+02   1.72407E-03  -2.43288E-02   2.24879E-01   0.00000E+00   0.00000E+00  -4.27088E-01  -2.99612E-01   1.15759E-01   1.84216E-02
    249000   9.41961E+02   1.70828E-03  -2.24082E-02   2.23044E-01   0.00000E+00   0.00000E+00  -4.31367E-01  -3.02960E-01   1.15880E-01   1.52650E-02
    250000   9.45744E+02   1.71692E-03  -2.42112E-02   2.25038E-01   0.00000E+00   0.00000E+00  -4.29984E-01  -3.00453E-01   1.16037E-01   1.81277E-02
