 kstep t[R/vA] e_n=0 e_n=1 e_n=2 e_n=3 e_n=4 e_n=5 e_n=6 e_n=7 e_n=8 e_n=9 e_n=10 e_n=11 e_n=12 e_n=13 e_n=14 e_n=15 e_n=16 e_n=17 e_n=18 e_n=19 e_n=20 e_n=21 e_n=22 e_n=23 e_n=24 e_n=25 e_n=26 e_n=27 e_n=28 e_n=29 e_n=30 e_n=31 e_n=32 e_n=33 e_n=34 e_n=35 e_n=36 e_n=37 e_n=38 e_n=39 e_n=40
         0   0.00000E+00   0.00000E+00   3.04886E-12   5.28719E-44
      1000   3.78298E+00   3.02349E-12   2.59263E-12   3.07122E-17
      2000   7.56596E+00  -3.38631E-12   2.22330E-12   9.94111E-17
      3000   1.13489E+01   2.82354E-11   1.91197E-12   1.60972E-16
      4000   1.51319E+01   4.11860E-11   1.83033E-12   2.39732E-16
      5000   1.89149E+01   4.78946E-11   1.83659E-12   3.30657E-16
      6000   2.26979E+01  -3.86515E-11   1.74528E-12   4.08227E-16
      7000   2.64808E+01   7.20788E-11   1.73575E-12   4.61276E-16
      8000   3.02638E+01   2.54304E-10   1.89083E-12   5.92228E-16
      9000   3.40468E+01   3.91382E-11   2.27931E-12   7.03740E-16
     10000   3.78298E+01   1.25542E-10   2.70986E-12   8.24601E-16
     11000   4.16128E+01   8.78456E-12   3.03724E-12   9.88781E-16
     12000   4.53957E+01   1.28712E-10   3.49713E-12   1.09145E-15
     13000   4.91787E+01   4.00327E-11   4.14563E-12   1.23521E-15
     14000   5.29617E+01   3.76626E-10   5.13079E-12   1.52685E-15
     15000   5.67447E+01   4.36345E-10   6.50884E-12   1.88763E-15
     16000   6.05276E+01   3.90514E-10   8.05535E-12   2.23392E-15
     17000   6.43106E+01  -1.40311E-10   9.95909E-12   2.83397E-15
     18000   6.80936E+01  -1.00174E-10   1.23531E-11   3.37761E-15
     19000   7.18766E+01  -6.16706E-11   1.56659E-11   4.38213E-15
     20000   7.56596E+01  -2.20688E-10   2.02187E-11   5.22634E-15
     21000   7.94425E+01  -8.10679E-11   2.56423E-11   6.54043E-15
     22000   8.32255E+01   4.82621E-11   3.19775E-11   7.93421E-15
     23000   8.70085E+01   1.45333E-10   3.99177E-11   9.85710E-15
     24000   9.07915E+01   6.52081E-10   5.04679E-11   1.20114E-14
     25000   9.45744E+01   3.50745E-10   6.44351E-11   1.51793E-14
     26000   9.83574E+01  -1.39645E-09   8.15038E-11   1.88505E-14
     27000   1.02140E+02  -1.83436E-09   1.02033E-10   2.36482E-14
     28000   1.05923E+02  -2.04718E-09   1.26840E-10   3.06560E-14
     29000   1.09706E+02  -2.06273E-09   1.59508E-10   3.83321E-14
     30000   1.13489E+02  -2.38233E-09   2.02087E-10   4.74483E-14
     31000   1.17272E+02  -1.46645E-10   2.55234E-10   6.02639E-14
     32000   1.21055E+02  -1.42678E-09   3.19913E-10   8.45305E-14
     33000   1.24838E+02  -6.17856E-10   3.99820E-10   9.96169E-14
     34000   1.28621E+02  -1.07503E-10   5.02022E-10   1.34456E-13
     35000   1.32404E+02   3.24843E-09   6.33656E-10   1.69454E-13
     36000   1.36187E+02  -1.71937E-09   7.98437E-10   2.12027E-13
     37000   1.39970E+02   3.56148E-09   1.00216E-09   2.57991E-13
     38000   1.43753E+02   5.15391E-09   1.25402E-09   3.27478E-13
     39000   1.47536E+02   1.33390E-09   1.57449E-09   3.73969E-13
     40000   1.51319E+02  -1.40653E-10   1.98656E-09   4.50749E-13
     41000   1.55102E+02  -2.74425E-09   2.49297E-09   5.87300E-13
     42000   1.58885E+02  -1.98300E-09   3.12733E-09   7.25902E-13
     43000   1.62668E+02   1.37584E-09   3.92481E-09   8.73668E-13
     44000   1.66451E+02  -4.78650E-09   4.92059E-09   1.16230E-12
     45000   1.70234E+02   7.49856E-09   6.17562E-09   1.41827E-12
     46000   1.74017E+02   4.35142E-09   7.75637E-09   1.67670E-12
     47000   1.77800E+02   2.14871E-09   9.75975E-09   2.17361E-12
     48000   1.81583E+02   1.92810E-08   1.22469E-08   2.88480E-12
     49000   1.85366E+02   6.43656E-09   1.53924E-08   3.87915E-12
     50000   1.89149E+02   2.27581E-08   1.93881E-08   5.40085E-12
     51000   1.92932E+02   2.66197E-08   2.44163E-08   6.89139E-12
     52000   1.96715E+02   1.11415E-08   3.07457E-08   7.85445E-12
     53000   2.00498E+02  -3.22613E-10   3.85934E-08   9.67905E-12
     54000   2.04281E+02   7.21015E-09   4.85176E-08   1.24193E-11
     55000   2.08064E+02  -3.51926E-08   6.10991E-08   1.60057E-11
     56000   2.11847E+02   4.85318E-09   7.70084E-08   1.88351E-11
     57000   2.15630E+02   1.35256E-08   9.69779E-08   2.35133E-11
     58000   2.19413E+02   1.90020E-08   1.22168E-07   2.87766E-11
     59000   2.23196E+02   2.78206E-08   1.53596E-07   3.49946E-11
     60000   2.26979E+02   6.83085E-08   1.93086E-07   4.64366E-11
     61000   2.30762E+02   2.29821E-08   2.43220E-07   6.10781E-11
     62000   2.34545E+02   1.31520E-08   3.05554E-07   7.68208E-11
     63000   2.38328E+02  -2.41518E-08   3.84570E-07   9.60228E-11
     64000   2.42111E+02   1.01532E-07   4.83676E-07   1.20576E-10
     65000   2.45894E+02   1.15928E-07   6.10372E-07   1.56076E-10
     66000   2.49677E+02   1.67951E-07   7.69138E-07   1.86444E-10
     67000   2.53460E+02   1.55016E-07   9.67958E-07   2.49692E-10
     68000   2.57242E+02   2.87332E-07   1.21961E-06   3.25555E-10
     69000   2.61025E+02   4.53915E-07   1.53915E-06   3.92091E-10
     70000   2.64808E+02   5.11191E-07   1.93957E-06   5.05764E-10
     71000   2.68591E+02   4.06413E-07   2.43968E-06   5.68583E-10
     72000   2.72374E+02   6.27177E-07   3.07328E-06   7.17790E-10
     73000   2.76157E+02   6.55122E-07   3.85533E-06   8.76053E-10
     74000   2.79940E+02   1.04459E-06   4.84973E-06   1.19765E-09
     75000   2.83723E+02   1.21688E-06   6.11988E-06   1.68519E-09
     76000   2.87506E+02   1.61897E-06   7.71914E-06   2.04807E-09
     77000   2.91289E+02   2.12863E-06   9.72550E-06   2.46958E-09
     78000   2.95072E+02   2.52867E-06   1.22544E-05   3.31412E-09
     79000   2.98855E+02   3.49854E-06   1.54342E-05   3.87103E-09
     80000   3.02638E+02   4.61850E-06   1.94615E-05   4.99150E-09
     81000   3.06421E+02   5.83992E-06   2.45558E-05   6.48561E-09
     82000   3.10204E+02   6.75833E-06   3.10027E-05   8.85436E-09
     83000   3.13987E+02   8.20147E-06   3.90858E-05   1.15520E-08
     84000   3.17770E+02   1.05398E-05   4.93156E-05   1.53443E-08
     85000   3.21553E+02   1.40848E-05   6.19658E-05   2.14525E-08
     86000   3.25336E+02   1.68182E-05   7.80499E-05   2.95702E-08
     87000   3.29119E+02   2.01028E-05   9.82141E-05   3.85195E-08
     88000   3.32902E+02   2.70465E-05   1.23535E-04   5.45439E-08
     89000   3.36685E+02   3.40653E-05   1.55325E-04   7.83120E-08
     90000   3.40468E+02   4.23799E-05   1.94575E-04   1.15135E-07
     91000   3.44251E+02   5.46739E-05   2.44025E-04   1.65655E-07
     92000   3.48034E+02   6.87765E-05   3.06395E-04   2.29248E-07
     93000   3.51817E+02   8.72324E-05   3.84940E-04   3.26366E-07
     94000   3.55600E+02   1.08472E-04   4.82336E-04   4.73096E-07
     95000   3.59383E+02   1.35579E-04   6.03912E-04   7.25926E-07
     96000   3.63166E+02   1.68661E-04   7.55312E-04   1.08552E-06
     97000   3.66949E+02   2.14672E-04   9.44385E-04   1.62605E-06
     98000   3.70732E+02   2.75424E-04   1.18078E-03   2.41138E-06
     99000   3.74515E+02   3.45867E-04   1.47261E-03   3.61721E-06
    100000   3.78298E+02   4.33207E-04   1.82464E-03   5.49048E-06
    101000   3.82081E+02   5.46998E-04   2.25478E-03   8.53041E-06
    102000   3.85864E+02   6.82776E-04   2.79162E-03   1.26702E-05
    103000   3.89647E+02   8.65949E-04   3.42996E-03   1.85658E-05
    104000   3.93430E+02   1.09902E-03   4.19455E-03   2.76287E-05
    105000   3.97213E+02   1.37326E-03   5.10913E-03   4.05781E-05
    106000   4.00996E+02   1.73331E-03   6.20180E-03   5.94366E-05
    107000   4.04779E+02   2.17081E-03   7.46686E-03   8.40319E-05
    108000   4.08562E+02   2.72572E-03   8.87438E-03   1.19274E-04
    109000   4.12345E+02   3.39308E-03   1.05177E-02   1.65868E-04
    110000   4.16128E+02   4.18321E-03   1.23429E-02   2.26525E-04
    111000   4.19911E+02   5.19044E-03   1.43328E-02   2.96004E-04
    112000   4.23693E+02   6.38869E-03   1.65141E-02   3.86855E-04
    113000   4.27476E+02   7.77129E-03   1.88778E-02   4.96309E-04
    114000   4.31259E+02   9.38047E-03   2.13648E-02   6.28743E-04
    115000   4.35042E+02   1.12532E-02   2.39343E-02   7.79054E-04
    116000   4.38825E+02   1.33607E-02   2.65180E-02   9.39333E-04
    117000   4.42608E+02   1.57752E-02   2.90679E-02   1.09983E-03
    118000   4.46391E+02   1.84400E-02   3.15180E-02   1.26592E-03
    119000   4.50174E+02   2.13791E-02   3.38839E-02   1.43762E-03
    120000   4.53957E+02   2.45612E-02   3.60733E-02   1.61728E-03
    121000   4.57740E+02   2.79421E-02   3.80992E-02   1.80691E-03
    122000   4.61523E+02   3.15008E-02   3.97452E-02   1.94641E-03
    123000   4.65306E+02   3.51996E-02   4.12989E-02   2.07127E-03
    124000   4.69089E+02   3.90928E-02   4.26547E-02   2.18957E-03
    125000   4.72872E+02   4.30794E-02   4.37700E-02   2.29529E-03
    126000   4.76655E+02   4.72073E-02   4.46712E-02   2.39720E-03
    127000   4.80438E+02   5.13923E-02   4.53044E-02   2.48132E-03
    128000   4.84221E+02   5.56542E-02   4.56365E-02   2.56519E-03
    129000   4.88004E+02   5.98518E-02   4.59285E-02   2.56978E-03
    130000   4.91787E+02   6.40380E-02   4.61445E-02   2.62060E-03
    131000   4.95570E+02   6.82318E-02   4.62277E-02   2.60111E-03
    132000   4.99353E+02   7.23799E-02   4.64633E-02   2.58338E-03
    133000   5.03136E+02   7.66094E-02   4.64996E-02   2.59717E-03
    134000   5.06919E+02   8.05697E-02   4.66150E-02   2.50939E-03
    135000   5.10702E+02   8.45586E-02   4.68572E-02   2.48516E-03
    136000   5.14485E+02   8.85400E-02   4.68650E-02   2.49367E-03
    137000   5.18268E+02   9.23614E-02   4.69330E-02   2.41775E-03
    138000   5.22051E+02   9.63808E-02   4.68983E-02   2.40729E-03
    139000   5.25834E+02   1.00287E-01   4.67896E-02   2.37214E-03
    140000   5.29617E+02   1.04211E-01   4.65498E-02   2.28875E-03
    141000   5.33400E+02   1.08214E-01   4.60758E-02   2.24486E-03
    142000   5.37183E+02   1.12017E-01   4.54999E-02   2.21064E-03
    143000   5.40966E+02   1.16160E-01   4.42248E-02   2.19392E-03
    144000   5.44749E+02   1.19916E-01   4.31091E-02   2.05103E-03
    145000   5.48532E+02   1.23785E-01   4.12879E-02   1.93278E-03
    146000   5.52315E+02   1.27615E-01   3.89349E-02   1.87406E-03
    147000   5.56098E+02   1.31307E-01   3.60214E-02   1.73853E-03
    148000   5.59881E+02   1.34634E-01   3.29173E-02   1.61233E-03
    149000   5.63664E+02   1.37784E-01   2.95986E-02   1.45140E-03
    150000   5.67447E+02   1.40603E-01   2.63252E-02   1.22997E-03
    151000   5.71230E+02   1.43133E-01   2.30785E-02   1.07012E-03
    152000   5.75013E+02   1.45271E-01   2.01116E-02   8.99380E-04
    153000   5.78796E+02   1.47045E-01   1.75841E-02   7.41857E-04
    154000   5.82579E+02   1.48513E-01   1.54850E-02   5.80656E-04
    155000   5.86362E+02   1.49681E-01   1.39962E-02   4.30045E-04
    156000   5.90145E+02   1.50712E-01   1.29317E-02   3.20129E-04
    157000   5.93927E+02   1.51436E-01   1.24453E-02   2.33267E-04
    158000   5.97710E+02   1.52169E-01   1.24385E-02   2.03962E-04
    159000   6.01493E+02   1.52688E-01   1.28436E-02   1.75403E-04
    160000   6.05276E+02   1.53413E-01   1.35750E-02   1.79628E-04
    161000   6.09059E+02   1.54143E-01   1.43551E-02   1.85041E-04
    162000   6.12842E+02   1.54961E-01   1.51240E-02   2.01150E-04
    163000   6.16625E+02   1.55970E-01   1.58568E-02   2.37341E-04
    164000   6.20408E+02   1.56981E-01   1.64507E-02   2.52390E-04
    165000   6.24191E+02   1.58270E-01   1.67130E-02   2.60048E-04
    166000   6.27974E+02   1.59454E-01   1.67810E-02   2.59478E-04
    167000   6.31757E+02   1.60871E-01   1.66600E-02   2.59211E-04
    168000   6.35540E+02   1.62324E-01   1.63730E-02   2.59720E-04
    169000   6.39323E+02   1.63691E-01   1.60692E-02   2.31665E-04
    170000   6.43106E+02   1.64968E-01   1.59025E-02   2.03682E-04
    171000   6.46889E+02   1.66364E-01   1.56492E-02   1.72257E-04
    172000   6.50672E+02   1.67569E-01   1.56107E-02   1.62205E-04
    173000   6.54455E+02   1.68937E-01   1.56939E-02   1.81405E-04
    174000   6.58238E+02   1.70145E-01   1.57321E-02   2.13075E-04
    175000   6.62021E+02   1.71499E-01   1.55025E-02   2.24186E-04
    176000   6.65804E+02   1.72793E-01   1.50541E-02   2.27943E-04
    177000   6.69587E+02   1.74026E-01   1.44453E-02   2.14856E-04
    178000   6.73370E+02   1.75391E-01   1.36234E-02   2.05831E-04
    179000   6.77153E+02   1.76616E-01   1.28439E-02   2.03479E-04
    180000   6.80936E+02   1.77761E-01   1.21580E-02   1.88693E-04
    181000   6.84719E+02   1.78869E-01   1.16212E-02   1.84814E-04
    182000   6.88502E+02   1.79868E-01   1.11705E-02   1.86029E-04
    183000   6.92285E+02   1.80883E-01   1.08529E-02   1.90867E-04
    184000   6.96068E+02   1.81728E-01   1.04944E-02   1.82451E-04
    185000   6.99851E+02   1.82663E-01   9.94276E-03   1.53969E-04
    186000   7.03634E+02   1.83606E-01   9.14107E-03   1.34779E-04
    187000   7.07417E+02   1.84559E-01   8.26359E-03   1.17630E-04
    188000   7.11200E+02   1.85396E-01   7.29002E-03   1.11836E-04
    189000   7.14983E+02   1.86147E-01   6.37519E-03   1.20692E-04
    190000   7.18766E+02   1.86823E-01   5.61320E-03   1.25571E-04
    191000   7.22549E+02   1.87435E-01   5.11428E-03   1.23878E-04
    192000   7.26332E+02   1.88054E-01   4.81550E-03   1.15224E-04
    193000   7.30115E+02   1.88564E-01   4.66416E-03   1.08375E-04
    194000   7.33898E+02   1.89115E-01   4.62493E-03   1.05634E-04
    195000   7.37681E+02   1.89396E-01   4.58014E-03   1.04249E-04
    196000   7.41464E+02   1.89834E-01   4.40549E-03   1.08321E-04
    197000   7.45247E+02   1.90329E-01   4.21757E-03   1.12763E-04
    198000   7.49030E+02   1.90694E-01   4.01926E-03   1.12863E-04
    199000   7.52813E+02   1.91216E-01   3.86180E-03   1.05004E-04
    200000   7.56596E+02   1.91622E-01   3.69182E-03   9.68548E-05
    201000   7.60379E+02   1.92034E-01   3.64350E-03   8.88039E-05
    202000   7.64161E+02   1.92474E-01   3.61707E-03   8.80371E-05
    203000   7.67944E+02   1.92541E-01   3.68502E-03   9.29222E-05
    204000   7.71727E+02   1.92958E-01   3.67753E-03   9.09598E-05
    205000   7.75510E+02   1.93232E-01   3.64934E-03   8.58928E-05
    206000   7.79293E+02   1.93501E-01   3.65897E-03   7.81644E-05
    207000   7.83076E+02   1.93904E-01   3.64384E-03   7.67966E-05
    208000   7.86859E+02   1.94254E-01   3.63265E-03   8.67290E-05
    209000   7.90642E+02   1.94568E-01   3.62657E-03   9.74280E-05
    210000   7.94425E+02   1.94900E-01   3.61312E-03   9.97451E-05
    211000   7.98208E+02   1.95104E-01   3.54208E-03   9.78684E-05
    212000   8.01991E+02   1.95585E-01   3.41662E-03   9.28962E-05
    213000   8.05774E+02   1.95830E-01   3.22388E-03   8.53065E-05
    214000   8.09557E+02   1.96067E-01   2.99898E-03   8.34765E-05
    215000   8.13340E+02   1.96431E-01   2.81610E-03   8.56559E-05
    216000   8.17123E+02   1.96669E-01   2.65608E-03   9.27430E-05
    217000   8.20906E+02   1.96975E-01   2.50416E-03   1.03253E-04
    218000   8.24689E+02   1.97092E-01   2.34656E-03   1.06537E-04
    219000   8.28472E+02   1.97507E-01   2.16027E-03   1.03550E-04
    220000   8.32255E+02   1.97681E-01   1.99372E-03   1.00652E-04
    221000   8.36038E+02   1.97842E-01   1.79312E-03   9.62116E-05
    222000   8.39821E+02   1.98044E-01   1.62402E-03   9.31543E-05
    223000   8.43604E+02   1.98179E-01   1.50784E-03   9.71907E-05
    224000   8.47387E+02   1.98416E-01   1.42823E-03   1.04691E-04
    225000   8.51170E+02   1.98470E-01   1.37481E-03   1.04032E-04
    226000   8.54953E+02   1.98637E-01   1.32693E-03   1.07816E-04
    227000   8.58736E+02   1.98817E-01   1.27662E-03   9.80753E-05
    228000   8.62519E+02   1.98948E-01   1.24351E-03   8.41703E-05
    229000   8.66302E+02   1.98993E-01   1.21108E-03   7.54906E-05
    230000   8.70085E+02   1.99186E-01   1.19140E-03   7.46786E-05
    231000   8.73868E+02   1.99276E-01   1.19182E-03   6.88211E-05
    232000   8.77651E+02   1.99448E-01   1.20310E-03   6.85912E-05
    233000   8.81434E+02   1.99505E-01   1.18974E-03   7.17383E-05
    234000   8.85217E+02   1.99650E-01   1.14610E-03   6.97463E-05
    235000   8.89000E+02   1.99890E-01   1.07974E-03   6.42131E-05
    236000   8.92783E+02   1.99949E-01   1.01745E-03   5.80430E-05
    237000   8.96566E+02   2.00050E-01   9.78948E-04   5.62071E-05
    238000   9.00349E+02   2.00264E-01   9.55331E-04   5.42967E-05
    239000   9.04132E+02   2.00307E-01   9.67847E-04   5.59144E-05
    240000   9.07915E+02   2.00462E-01   9.62863E-04   5.74508E-05
    241000   9.11698E+02   2.00497E-01   9.39190E-04   5.78376E-05
    242000   9.15481E+02   2.00698E-01   8.72197E-04   6.02079E-05
    243000   9.19264E+02   2.00768E-01   8.03673E-04   6.82791E-05
    244000   9.23047E+02   2.00877E-01   7.65691E-04   6.57066E-05
    245000   9.26830E+02   2.00968E-01   7.41942E-04   6.44259E-05
    246000   9.30612E+02   2.01200E-01   7.40850E-04   5.99133E-05
    247000   9.34395E+02   2.01222E-01   7.89373E-04   6.02369E-05
    248000   9.38178E+02   2.01387E-01   8.23244E-04   6.38279E-05
    249000   9.41961E+02   2.01422E-01   8.56379E-04   6.54267E-05
    250000   9.45744E+02   2.01602E-01   8.71123E-04   7.02921E-05
