 kstep t[R/vA] e_n=0 e_n=1 e_n=2 e_n=3 e_n=4 e_n=5 e_n=6 e_n=7 e_n=8 e_n=9 e_n=10 e_n=11 e_n=12 e_n=13 e_n=14 e_n=15 e_n=16 e_n=17 e_n=18 e_n=19 e_n=20 e_n=21 e_n=22 e_n=23 e_n=24 e_n=25 e_n=26 e_n=27 e_n=28 e_n=29 e_n=30 e_n=31 e_n=32 e_n=33 e_n=34 e_n=35 e_n=36 e_n=37 e_n=38 e_n=39 e_n=40
         0   0.00000E+00   0.00000E+00   3.04886E-12   6.38002E-44
      1000   3.78298E+00   1.28278E-11   2.59195E-12   3.00436E-17
      2000   7.56596E+00   5.52289E-11   2.22453E-12   1.09379E-16
      3000   1.13489E+01   9.57024E-11   1.91376E-12   1.67486E-16
      4000   1.51319E+01   1.36784E-10   1.83313E-12   2.28044E-16
      5000   1.89149E+01   4.79671E-11   1.84718E-12   2.86912E-16
      6000   2.26979E+01  -2.94349E-11   1.75748E-12   3.61138E-16
      7000   2.64808E+01   8.26830E-11   1.75376E-12   4.60514E-16
      8000   3.02638E+01   2.74117E-10   1.90983E-12   5.61282E-16
      9000   3.40468E+01   9.82232E-11   2.30772E-12   6.34491E-16
     10000   3.78298E+01  -1.22160E-10   2.74683E-12   7.39630E-16
     11000   4.16128E+01   2.89396E-10   3.07749E-12   1.00927E-15
     12000   4.53957E+01   1.44501E-10   3.56167E-12   1.19573E-15
     13000   4.91787E+01  -2.81041E-10   4.21911E-12   1.32977E-15
     14000   5.29617E+01  -7.38516E-11   5.23734E-12   1.64322E-15
     15000   5.67447E+01   2.36972E-10   6.66918E-12   1.73994E-15
     16000   6.05276E+01  -1.32565E-10   8.24115E-12   2.17383E-15
     17000   6.43106E+01  -3.17873E-11   1.01847E-11   2.83451E-15
     18000   6.80936E+01  -2.37396E-10   1.26550E-11   3.52049E-15
     19000   7.18766E+01  -5.50855E-10   1.60640E-11   4.13608E-15
     20000   7.56596E+01  -1.68424E-10   2.06806E-11   4.96934E-15
     21000   7.94425E+01  -3.50725E-10   2.61551E-11   6.56955E-15
     22000   8.32255E+01  -5.75223E-10   3.25282E-11   9.25314E-15
     23000   8.70085E+01   3.84546E-10   4.03903E-11   1.09768E-14
     24000   9.07915E+01  -3.30308E-10   5.09092E-11   1.37771E-14
     25000   9.45744E+01  -1.83542E-10   6.47809E-11   1.57558E-14
     26000   9.83574E+01   2.48340E-10   8.19471E-11   1.98456E-14
     27000   1.02140E+02  -1.26948E-09   1.02300E-10   2.36079E-14
     28000   1.05923E+02  -8.86202E-10   1.27681E-10   3.11498E-14
     29000   1.09706E+02   4.32493E-11   1.60814E-10   4.11710E-14
     30000   1.13489E+02  -2.38369E-10   2.03264E-10   5.14039E-14
     31000   1.17272E+02  -1.01296E-09   2.57244E-10   6.20183E-14
     32000   1.21055E+02  -1.20356E-09   3.22560E-10   7.38547E-14
     33000   1.24838E+02   1.67973E-09   4.03777E-10   8.95584E-14
     34000   1.28621E+02   4.01859E-09   5.07008E-10   1.18893E-13
     35000   1.32404E+02   3.32591E-09   6.41382E-10   1.54173E-13
     36000   1.36187E+02   3.15576E-09   8.10360E-10   2.07340E-13
     37000   1.39970E+02   3.78256E-09   1.02154E-09   2.54662E-13
     38000   1.43753E+02   2.08404E-10   1.28362E-09   3.06342E-13
     39000   1.47536E+02   5.14528E-09   1.61149E-09   3.88522E-13
     40000   1.51319E+02   4.44719E-09   2.03893E-09   4.81601E-13
     41000   1.55102E+02   5.55732E-09   2.57952E-09   6.33927E-13
     42000   1.58885E+02   5.01554E-09   3.25006E-09   8.48290E-13
     43000   1.62668E+02   1.00645E-09   4.09014E-09   1.05917E-12
     44000   1.66451E+02   3.78088E-09   5.15054E-09   1.28042E-12
     45000   1.70234E+02  -7.79028E-09   6.50742E-09   1.70624E-12
     46000   1.74017E+02   9.95827E-09   8.18722E-09   2.04553E-12
     47000   1.77800E+02   7.88549E-09   1.03163E-08   2.68839E-12
     48000   1.81583E+02   1.26032E-08   1.29714E-08   3.42459E-12
     49000   1.85366E+02   7.42678E-09   1.63358E-08   3.91938E-12
     50000   1.89149E+02   3.84006E-09   2.05837E-08   5.04807E-12
     51000   1.92932E+02   2.78998E-09   2.60041E-08   5.84538E-12
     52000   1.96715E+02  -2.78505E-08   3.27725E-08   7.73762E-12
     53000   2.00498E+02  -4.08121E-08   4.12020E-08   9.49683E-12
     54000   2.04281E+02  -2.30484E-08   5.20269E-08   1.21904E-11
     55000   2.08064E+02  -1.27167E-08   6.57224E-08   1.62449E-11
     56000   2.11847E+02  -1.40114E-08   8.29533E-08   2.18699E-11
     57000   2.15630E+02   3.36943E-08   1.04490E-07   2.60620E-11
     58000   2.19413E+02   4.02386E-08   1.32051E-07   3.31443E-11
     59000   2.23196E+02   7.30389E-08   1.66788E-07   3.97298E-11
     60000   2.26979E+02   1.29303E-08   2.10132E-07   4.97930E-11
     61000   2.30762E+02   3.10624E-08   2.64648E-07   6.15701E-11
     62000   2.34545E+02   1.37792E-07   3.33858E-07   7.93239E-11
     63000   2.38328E+02   1.40378E-07   4.22170E-07   9.82643E-11
     64000   2.42111E+02   1.97547E-07   5.32544E-07   1.24444E-10
     65000   2.45894E+02   2.19752E-07   6.70539E-07   1.60745E-10
     66000   2.49677E+02   2.83782E-07   8.45084E-07   2.20311E-10
     67000   2.53460E+02   3.72512E-07   1.06548E-06   2.86590E-10
     68000   2.57242E+02   3.09027E-07   1.34063E-06   3.63064E-10
     69000   2.61025E+02   3.81303E-07   1.68985E-06   4.86590E-10
     70000   2.64808E+02   5.34007E-07   2.13272E-06   5.69875E-10
     71000   2.68591E+02   7.06915E-07   2.69589E-06   6.67679E-10
     72000   2.72374E+02   7.52074E-07   3.40386E-06   8.05626E-10
     73000   2.76157E+02   9.37369E-07   4.31027E-06   1.11490E-09
     74000   2.79940E+02   7.86253E-07   5.44205E-06   1.40398E-09
     75000   2.83723E+02   1.15312E-06   6.86995E-06   1.78375E-09
     76000   2.87506E+02   1.53870E-06   8.67042E-06   2.39037E-09
     77000   2.91289E+02   1.93314E-06   1.09268E-05   3.01384E-09
     78000   2.95072E+02   2.58064E-06   1.37966E-05   3.61071E-09
     79000   2.98855E+02   4.16802E-06   1.74142E-05   4.80112E-09
     80000   3.02638E+02   4.75309E-06   2.19659E-05   5.95315E-09
     81000   3.06421E+02   6.02855E-06   2.76989E-05   7.75834E-09
     82000   3.10204E+02   7.77282E-06   3.49267E-05   1.09930E-08
     83000   3.13987E+02   1.00501E-05   4.40383E-05   1.40797E-08
     84000   3.17770E+02   1.20644E-05   5.56040E-05   1.72143E-08
     85000   3.21553E+02   1.49905E-05   7.00793E-05   2.39599E-08
     86000   3.25336E+02   1.87729E-05   8.83685E-05   3.15339E-08
     87000   3.29119E+02   2.63319E-05   1.11122E-04   4.32001E-08
     88000   3.32902E+02   3.12082E-05   1.40449E-04   6.11223E-08
     89000   3.36685E+02   3.97388E-05   1.76927E-04   8.86022E-08
     90000   3.40468E+02   4.89826E-05   2.22701E-04   1.24201E-07
     91000   3.44251E+02   6.16486E-05   2.79841E-04   1.86387E-07
     92000   3.48034E+02   7.74743E-05   3.51504E-04   2.91566E-07
     93000   3.51817E+02   9.89352E-05   4.43125E-04   4.24115E-07
     94000   3.55600E+02   1.24677E-04   5.55997E-04   5.95130E-07
     95000   3.59383E+02   1.56734E-04   6.97796E-04   8.80417E-07
     96000   3.63166E+02   1.97263E-04   8.75464E-04   1.30782E-06
     97000   3.66949E+02   2.47622E-04   1.09625E-03   2.01212E-06
     98000   3.70732E+02   3.10702E-04   1.36855E-03   3.07621E-06
     99000   3.74515E+02   3.95276E-04   1.70921E-03   4.80003E-06
    100000   3.78298E+02   4.98437E-04   2.12938E-03   7.24069E-06
    101000   3.82081E+02   6.33423E-04   2.64301E-03   1.07204E-05
    102000   3.85864E+02   7.94838E-04   3.26931E-03   1.62429E-05
    103000   3.89647E+02   1.00101E-03   4.02909E-03   2.47433E-05
    104000   3.93430E+02   1.26929E-03   4.95123E-03   3.70505E-05
    105000   3.97213E+02   1.60048E-03   6.03256E-03   5.43443E-05
    106000   4.00996E+02   2.02375E-03   7.27723E-03   7.84438E-05
    107000   4.04779E+02   2.53959E-03   8.73835E-03   1.11634E-04
    108000   4.08562E+02   3.20172E-03   1.03949E-02   1.57547E-04
    109000   4.12345E+02   3.98498E-03   1.22426E-02   2.14529E-04
    110000   4.16128E+02   4.92512E-03   1.42782E-02   2.94238E-04
    111000   4.19911E+02   6.08895E-03   1.64956E-02   3.81079E-04
    112000   4.23693E+02   7.49469E-03   1.89171E-02   4.88469E-04
    113000   4.27476E+02   9.10308E-03   2.14193E-02   6.21598E-04
    114000   4.31259E+02   1.09800E-02   2.39547E-02   7.58909E-04
    115000   4.35042E+02   1.31064E-02   2.65605E-02   9.09286E-04
    116000   4.38825E+02   1.55097E-02   2.91684E-02   1.09536E-03
    117000   4.42608E+02   1.82200E-02   3.16632E-02   1.28104E-03
    118000   4.46391E+02   2.11433E-02   3.40783E-02   1.45318E-03
    119000   4.50174E+02   2.43798E-02   3.62266E-02   1.63724E-03
    120000   4.53957E+02   2.77688E-02   3.82533E-02   1.79505E-03
    121000   4.57740E+02   3.13496E-02   3.99442E-02   1.94490E-03
    122000   4.61523E+02   3.51410E-02   4.13135E-02   2.06101E-03
    123000   4.65306E+02   3.89862E-02   4.25355E-02   2.19691E-03
    124000   4.69089E+02   4.29730E-02   4.35619E-02   2.31077E-03
    125000   4.72872E+02   4.70965E-02   4.43551E-02   2.36797E-03
    126000   4.76655E+02   5.12132E-02   4.49743E-02   2.44759E-03
    127000   4.80438E+02   5.55245E-02   4.52851E-02   2.55178E-03
    128000   4.84221E+02   5.96464E-02   4.53548E-02   2.56088E-03
    129000   4.88004E+02   6.38721E-02   4.52330E-02   2.55403E-03
    130000   4.91787E+02   6.79975E-02   4.48959E-02   2.55284E-03
    131000   4.95570E+02   7.18860E-02   4.46869E-02   2.55787E-03
    132000   4.99353E+02   7.58094E-02   4.44523E-02   2.54434E-03
    133000   5.03136E+02   7.96002E-02   4.42830E-02   2.45631E-03
    134000   5.06919E+02   8.35289E-02   4.42837E-02   2.35330E-03
    135000   5.10702E+02   8.71397E-02   4.44763E-02   2.32693E-03
    136000   5.14485E+02   9.09531E-02   4.46058E-02   2.26271E-03
    137000   5.18268E+02   9.46168E-02   4.46651E-02   2.23884E-03
    138000   5.22051E+02   9.85022E-02   4.45283E-02   2.14012E-03
    139000   5.25834E+02   1.02095E-01   4.45999E-02   2.09622E-03
    140000   5.29617E+02   1.05849E-01   4.43577E-02   2.11389E-03
    141000   5.33400E+02   1.09578E-01   4.37880E-02   2.04247E-03
    142000   5.37183E+02   1.13425E-01   4.28553E-02   1.99210E-03
    143000   5.40966E+02   1.17231E-01   4.13622E-02   1.90136E-03
    144000   5.44749E+02   1.20812E-01   3.94294E-02   1.84323E-03
    145000   5.48532E+02   1.24480E-01   3.72458E-02   1.78901E-03
    146000   5.52315E+02   1.27889E-01   3.48238E-02   1.65424E-03
    147000   5.56098E+02   1.31198E-01   3.20826E-02   1.48661E-03
    148000   5.59881E+02   1.33974E-01   2.91556E-02   1.34608E-03
    149000   5.63664E+02   1.36949E-01   2.59334E-02   1.16437E-03
    150000   5.67447E+02   1.39432E-01   2.28586E-02   1.04084E-03
    151000   5.71230E+02   1.41413E-01   1.99029E-02   8.75128E-04
    152000   5.75013E+02   1.43235E-01   1.73384E-02   6.99924E-04
    153000   5.78796E+02   1.44688E-01   1.50202E-02   5.58371E-04
    154000   5.82579E+02   1.45898E-01   1.34867E-02   4.26444E-04
    155000   5.86362E+02   1.46810E-01   1.23441E-02   3.24382E-04
    156000   5.90145E+02   1.47759E-01   1.16196E-02   2.34552E-04
    157000   5.93927E+02   1.48293E-01   1.15181E-02   1.92306E-04
    158000   5.97710E+02   1.48737E-01   1.18217E-02   1.79160E-04
    159000   6.01493E+02   1.49201E-01   1.25300E-02   1.66890E-04
    160000   6.05276E+02   1.49881E-01   1.34344E-02   1.72147E-04
    161000   6.09059E+02   1.50505E-01   1.44237E-02   1.82949E-04
    162000   6.12842E+02   1.51512E-01   1.55272E-02   2.02167E-04
    163000   6.16625E+02   1.52513E-01   1.64794E-02   2.24447E-04
    164000   6.20408E+02   1.53742E-01   1.72128E-02   2.34817E-04
    165000   6.24191E+02   1.55197E-01   1.76547E-02   2.54929E-04
    166000   6.27974E+02   1.56408E-01   1.77429E-02   2.65705E-04
    167000   6.31757E+02   1.58033E-01   1.75138E-02   2.73712E-04
    168000   6.35540E+02   1.59519E-01   1.71348E-02   2.72771E-04
    169000   6.39323E+02   1.60990E-01   1.65958E-02   2.46867E-04
    170000   6.43106E+02   1.62653E-01   1.61162E-02   2.10352E-04
    171000   6.46889E+02   1.64033E-01   1.55738E-02   1.84564E-04
    172000   6.50672E+02   1.65512E-01   1.50904E-02   1.77365E-04
    173000   6.54455E+02   1.66744E-01   1.45496E-02   1.81764E-04
    174000   6.58238E+02   1.67914E-01   1.40100E-02   1.81375E-04
    175000   6.62021E+02   1.69179E-01   1.33896E-02   1.83045E-04
    176000   6.65804E+02   1.70195E-01   1.27306E-02   1.78839E-04
    177000   6.69587E+02   1.71407E-01   1.21412E-02   1.75102E-04
    178000   6.73370E+02   1.72316E-01   1.16021E-02   1.68309E-04
    179000   6.77153E+02   1.73242E-01   1.12128E-02   1.58474E-04
    180000   6.80936E+02   1.74192E-01   1.10665E-02   1.58167E-04
    181000   6.84719E+02   1.75040E-01   1.09519E-02   1.60679E-04
    182000   6.88502E+02   1.75956E-01   1.08665E-02   1.66240E-04
    183000   6.92285E+02   1.76616E-01   1.05552E-02   1.62697E-04
    184000   6.96068E+02   1.77599E-01   1.00991E-02   1.56066E-04
    185000   6.99851E+02   1.78483E-01   9.45671E-03   1.42468E-04
    186000   7.03634E+02   1.79346E-01   8.69525E-03   1.26499E-04
    187000   7.07417E+02   1.80145E-01   7.96119E-03   1.18516E-04
    188000   7.11200E+02   1.80751E-01   7.24123E-03   1.11273E-04
    189000   7.14983E+02   1.81551E-01   6.67601E-03   1.03062E-04
    190000   7.18766E+02   1.82190E-01   6.23138E-03   1.00938E-04
    191000   7.22549E+02   1.82844E-01   5.90016E-03   1.07155E-04
    192000   7.26332E+02   1.83331E-01   5.55915E-03   1.09358E-04
    193000   7.30115E+02   1.83963E-01   5.15046E-03   1.08712E-04
    194000   7.33898E+02   1.84430E-01   4.65784E-03   1.04112E-04
    195000   7.37681E+02   1.84905E-01   4.09258E-03   9.65319E-05
    196000   7.41464E+02   1.85351E-01   3.58274E-03   8.26309E-05
    197000   7.45247E+02   1.85705E-01   3.11333E-03   8.07582E-05
    198000   7.49030E+02   1.86126E-01   2.77975E-03   8.02708E-05
    199000   7.52813E+02   1.86399E-01   2.56557E-03   8.36286E-05
    200000   7.56596E+02   1.86684E-01   2.45482E-03   8.20462E-05
    201000   7.60379E+02   1.86959E-01   2.38321E-03   7.66643E-05
    202000   7.64161E+02   1.87097E-01   2.30398E-03   6.85944E-05
    203000   7.67944E+02   1.87305E-01   2.26650E-03   6.34883E-05
    204000   7.71727E+02   1.87453E-01   2.26996E-03   6.10236E-05
    205000   7.75510E+02   1.87997E-01   2.33835E-03   6.00666E-05
    206000   7.79293E+02   1.87941E-01   2.49541E-03   5.70837E-05
    207000   7.83076E+02   1.88208E-01   2.70568E-03   5.72254E-05
    208000   7.86859E+02   1.88484E-01   2.96041E-03   5.78541E-05
    209000   7.90642E+02   1.88570E-01   3.30835E-03   5.97915E-05
    210000   7.94425E+02   1.88947E-01   3.63592E-03   5.73250E-05
    211000   7.98208E+02   1.89085E-01   3.89176E-03   6.04651E-05
    212000   8.01991E+02   1.89540E-01   4.13894E-03   6.43340E-05
    213000   8.05774E+02   1.89824E-01   4.29152E-03   6.61354E-05
    214000   8.09557E+02   1.90222E-01   4.31699E-03   6.66972E-05
    215000   8.13340E+02   1.90524E-01   4.31951E-03   6.55323E-05
    216000   8.17123E+02   1.90896E-01   4.20508E-03   6.83703E-05
    217000   8.20906E+02   1.91403E-01   4.09365E-03   6.71342E-05
    218000   8.24689E+02   1.91704E-01   3.91705E-03   6.65202E-05
    219000   8.28472E+02   1.92152E-01   3.65801E-03   6.33074E-05
    220000   8.32255E+02   1.92381E-01   3.34351E-03   6.47264E-05
    221000   8.36038E+02   1.92675E-01   3.05676E-03   6.41581E-05
    222000   8.39821E+02   1.93184E-01   2.72479E-03   6.47994E-05
    223000   8.43604E+02   1.93395E-01   2.42660E-03   6.01316E-05
    224000   8.47387E+02   1.93739E-01   2.17023E-03   6.78263E-05
    225000   8.51170E+02   1.93807E-01   1.94536E-03   7.33210E-05
    226000   8.54953E+02   1.94106E-01   1.74734E-03   7.20311E-05
    227000   8.58736E+02   1.94298E-01   1.58905E-03   6.81631E-05
    228000   8.62519E+02   1.94449E-01   1.48601E-03   6.81389E-05
    229000   8.66302E+02   1.94541E-01   1.41697E-03   7.64326E-05
    230000   8.70085E+02   1.94676E-01   1.38970E-03   7.49746E-05
    231000   8.73868E+02   1.94809E-01   1.32719E-03   7.55273E-05
    232000   8.77651E+02   1.95082E-01   1.24041E-03   7.76509E-05
    233000   8.81434E+02   1.95076E-01   1.19628E-03   7.37300E-05
    234000   8.85217E+02   1.95265E-01   1.14452E-03   7.09346E-05
    235000   8.89000E+02   1.95367E-01   1.11516E-03   6.46474E-05
    236000   8.92783E+02   1.95399E-01   1.11461E-03   6.46733E-05
    237000   8.96566E+02   1.95621E-01   1.17387E-03   6.61022E-05
    238000   9.00349E+02   1.95749E-01   1.25126E-03   6.31720E-05
    239000   9.04132E+02   1.95873E-01   1.35306E-03   6.20722E-05
    240000   9.07915E+02   1.95894E-01   1.43569E-03   6.18091E-05
    241000   9.11698E+02   1.96143E-01   1.45651E-03   6.07171E-05
    242000   9.15481E+02   1.96406E-01   1.41357E-03   5.73863E-05
    243000   9.19264E+02   1.96363E-01   1.33841E-03   5.56812E-05
    244000   9.23047E+02   1.96754E-01   1.20638E-03   5.58503E-05
    245000   9.26830E+02   1.96823E-01   1.08417E-03   5.59334E-05
    246000   9.30612E+02   1.96985E-01   9.87129E-04   5.37063E-05
    247000   9.34395E+02   1.97190E-01   9.39687E-04   5.17593E-05
    248000   9.38178E+02   1.97180E-01   8.99872E-04   5.14722E-05
    249000   9.41961E+02   1.97338E-01   8.81233E-04   5.59070E-05
    250000   9.45744E+02   1.97393E-01   8.87595E-04   5.66398E-05
