 kstep t[R/vA] kin_energy mag_energy thr_energy beam_energy beam_energy_trns ep_energy ep_energy_trns dssp_energy total_energy
         0   0.00000E+00   0.00000E+00   3.04886E-12   0.00000E+00   0.00000E+00   0.00000E+00   1.33400E-14   0.00000E+00   0.00000E+00   3.04886E-12
      1000   3.78298E+00   1.41952E-12   1.32250E-10  -1.18250E-10   0.00000E+00   0.00000E+00   3.99921E-08  -2.15645E-10  -2.90244E-12  -2.03128E-10
      2000   7.56596E+00   1.19903E-12   1.23690E-09  -1.18065E-09   0.00000E+00   0.00000E+00   5.62603E-08  -2.02464E-09  -2.90244E-11  -1.99621E-09
      3000   1.13489E+01   8.73715E-13   9.22011E-10  -8.25268E-10   0.00000E+00   0.00000E+00   5.98860E-08  -8.96631E-10  -5.94999E-11  -8.58515E-10
      4000   1.51319E+01   1.04377E-12   7.68623E-10  -6.31049E-10   0.00000E+00   0.00000E+00   4.32007E-08  -1.64309E-09  -1.05939E-10  -1.61041E-09
      5000   1.89149E+01   8.82541E-13   1.00788E-10  -5.18559E-11   0.00000E+00   0.00000E+00   8.95124E-08   3.57681E-10  -1.88658E-11   3.88630E-10
      6000   2.26979E+01   9.85511E-13   1.79781E-09  -1.82647E-09   0.00000E+00   0.00000E+00   9.23587E-08  -2.97604E-09   1.04488E-10  -2.89923E-09
      7000   2.64808E+01   8.94869E-13   9.93858E-10  -9.10315E-10   0.00000E+00   0.00000E+00   9.30130E-08  -8.68313E-10   4.35365E-12  -7.79522E-10
      8000   3.02638E+01   1.05770E-12   6.04147E-11   2.14555E-10   0.00000E+00   0.00000E+00   4.57985E-08  -2.27835E-10  -2.08975E-10  -1.60783E-10
      9000   3.40468E+01   1.25203E-12   3.99504E-10  -3.00224E-10   0.00000E+00   0.00000E+00   4.81167E-08  -3.91846E-10  -5.80487E-11  -3.49363E-10
     10000   3.78298E+01   1.21684E-12   8.36972E-10  -9.57601E-10   0.00000E+00   0.00000E+00   6.94284E-08  -1.58608E-09   1.93012E-10  -1.51248E-09
     11000   4.16128E+01   1.56668E-12   1.00833E-09  -7.17419E-10   0.00000E+00   0.00000E+00   9.03065E-08  -9.75329E-10  -1.90110E-10  -8.72964E-10
     12000   4.53957E+01   1.73735E-12   8.77516E-10  -7.31189E-10   0.00000E+00   0.00000E+00   1.11943E-07  -1.19468E-09  -1.01585E-11  -1.05678E-09
     13000   4.91787E+01   2.06989E-12   1.44435E-09  -1.72324E-09   0.00000E+00   0.00000E+00   1.35625E-07  -2.58771E-09   3.57000E-10  -2.50753E-09
     14000   5.29617E+01   2.65930E-12   5.61341E-10  -6.32613E-10   0.00000E+00   0.00000E+00   2.50289E-08  -1.45169E-10   1.79951E-10  -3.38307E-11
     15000   5.67447E+01   3.01052E-12  -1.12863E-09   1.36926E-09   0.00000E+00   0.00000E+00  -1.21172E-07   1.52685E-10  -2.17683E-10   1.78646E-10
     16000   6.05276E+01   3.85648E-12  -1.94171E-09   1.81354E-09   0.00000E+00   0.00000E+00  -2.26890E-07   5.31949E-10   4.20853E-11   4.49713E-10
     17000   6.43106E+01   4.75539E-12  -1.03660E-09   1.01025E-09   0.00000E+00   0.00000E+00  -3.51516E-07   1.19947E-10  -6.53048E-11   3.30428E-11
     18000   6.80936E+01   5.99439E-12  -3.34468E-09   3.11395E-09   0.00000E+00   0.00000E+00  -3.64593E-07   4.22060E-09   1.29158E-10   4.12502E-09
     19000   7.18766E+01   7.73645E-12  -6.36595E-10   9.40718E-11   0.00000E+00   0.00000E+00  -4.18759E-07  -1.21483E-09   3.91829E-10  -1.35779E-09
     20000   7.56596E+01   9.52878E-12  -5.65843E-09   5.50116E-09   0.00000E+00   0.00000E+00  -6.33712E-07   6.09820E-09  -7.40121E-11   5.87645E-09
     21000   7.94425E+01   1.21364E-11  -6.71867E-09   6.38197E-09   0.00000E+00   0.00000E+00  -6.17571E-07   5.15675E-09   1.56732E-10   4.98892E-09
     22000   8.32255E+01   1.51796E-11  -2.92266E-09   2.36479E-09   0.00000E+00   0.00000E+00  -5.27644E-07   2.11801E-09   4.58585E-10   2.03391E-09
     23000   8.70085E+01   1.90502E-11  -4.27517E-09   4.68106E-09   0.00000E+00   0.00000E+00  -4.80215E-07   6.08440E-09  -4.78902E-10   6.03044E-09
     24000   9.07915E+01   2.42039E-11  -4.30658E-09   4.00299E-09   0.00000E+00   0.00000E+00  -3.81689E-07   3.51688E-09   1.94463E-10   3.43196E-09
     25000   9.45744E+01   3.01371E-11  -7.49136E-09   7.34248E-09   0.00000E+00   0.00000E+00  -3.56681E-07   7.50701E-09   1.94463E-10   7.58273E-09
     26000   9.83574E+01   3.80131E-11  -3.12622E-09   3.41851E-09   0.00000E+00   0.00000E+00  -2.69198E-07   1.06120E-09  -3.62804E-11   1.35523E-09
     27000   1.02140E+02   4.77824E-11  -5.28846E-10  -6.86097E-10   0.00000E+00   0.00000E+00   5.52349E-08  -4.27928E-09   1.54990E-09  -3.89654E-09
     28000   1.05923E+02   6.00407E-11   1.02248E-09  -1.84101E-09   0.00000E+00   0.00000E+00   3.57212E-07  -6.91367E-09   1.23934E-09  -6.43282E-09
     29000   1.09706E+02   7.60062E-11   4.62719E-09  -4.49909E-09   0.00000E+00   0.00000E+00   1.59361E-07  -7.07346E-09   4.86158E-10  -6.38319E-09
     30000   1.13489E+02   9.51555E-11  -2.04329E-10   7.41201E-11   0.00000E+00   0.00000E+00  -4.47215E-07  -8.52484E-10   6.87877E-10  -1.99660E-10
     31000   1.17272E+02   1.19845E-10  -1.38821E-08   1.30066E-08   0.00000E+00   0.00000E+00  -7.28052E-07   2.08055E-09   7.99621E-10   2.12452E-09
     32000   1.21055E+02   1.50918E-10  -6.69736E-09   5.66551E-09   0.00000E+00   0.00000E+00  -7.13123E-07   2.73751E-09   9.18621E-10   2.77520E-09
     33000   1.24838E+02   1.89180E-10   1.92059E-08  -1.73115E-08   0.00000E+00   0.00000E+00  -8.81835E-07  -2.62605E-08  -1.05504E-09  -2.52320E-08
     34000   1.28621E+02   2.39090E-10  -2.34091E-08   2.76957E-08   0.00000E+00   0.00000E+00  -9.66754E-07   3.57000E-08  -3.61063E-09   3.66151E-08
     35000   1.32404E+02   3.00781E-10  -1.08789E-08   1.45455E-08   0.00000E+00   0.00000E+00  -7.23095E-07  -2.98261E-09  -3.24783E-09  -2.26299E-09
     36000   1.36187E+02   3.78596E-10   6.86323E-10   2.90141E-09   0.00000E+00   0.00000E+00  -1.33833E-06   1.43915E-08  -2.53092E-09   1.58269E-08
     37000   1.39970E+02   4.79034E-10   1.54320E-09   2.78212E-09   0.00000E+00   0.00000E+00  -1.19824E-06   1.42888E-08  -3.15930E-09   1.59338E-08
     38000   1.43753E+02   6.02189E-10  -3.31183E-08   3.40084E-08   0.00000E+00   0.00000E+00  -1.45417E-06   2.02578E-08  -1.63988E-10   2.15862E-08
     39000   1.47536E+02   7.57404E-10  -6.90074E-08   7.50071E-08   0.00000E+00   0.00000E+00  -2.73199E-06   1.07604E-07  -4.88480E-09   1.09476E-07
     40000   1.51319E+02   9.59664E-10  -1.44859E-08   2.00128E-08   0.00000E+00   0.00000E+00  -3.51244E-06  -6.58239E-09  -3.81960E-09  -3.91539E-09
     41000   1.55102E+02   1.20683E-09  -9.90484E-08   1.05979E-07   0.00000E+00   0.00000E+00  -2.12417E-06   1.65561E-07  -5.37821E-09   1.68321E-07
     42000   1.58885E+02   1.52794E-09  -7.22349E-09   1.39620E-08   0.00000E+00   0.00000E+00  -9.33550E-07  -9.50434E-09  -2.35388E-09  -3.59177E-09
     43000   1.62668E+02   1.92006E-09  -5.38725E-08   5.70501E-08   0.00000E+00   0.00000E+00  -4.52822E-10   8.99416E-08   2.29873E-09   9.73379E-08
     44000   1.66451E+02   2.41717E-09  -9.56730E-08   1.02189E-07   0.00000E+00   0.00000E+00  -3.41481E-06   7.96951E-08  -2.47723E-09   8.61505E-08
     45000   1.70234E+02   3.05926E-09  -1.49819E-07   1.45478E-07   0.00000E+00   0.00000E+00  -6.95344E-06   1.60247E-07   5.42465E-09   1.64391E-07
     46000   1.74017E+02   3.83210E-09  -1.15025E-07   1.29341E-07   0.00000E+00   0.00000E+00  -7.26847E-06   1.19717E-07  -1.10322E-08   1.26833E-07
     47000   1.77800E+02   4.83979E-09  -1.02003E-07   1.15368E-07   0.00000E+00   0.00000E+00  -8.82303E-06   1.08162E-07  -6.40713E-09   1.19959E-07
     48000   1.81583E+02   6.09803E-09  -1.28454E-07   1.47934E-07   0.00000E+00   0.00000E+00  -1.03853E-05   2.14192E-07  -1.15299E-08   2.28240E-07
     49000   1.85366E+02   7.65640E-09  -2.22000E-08   3.83102E-08   0.00000E+00   0.00000E+00  -1.02641E-05  -1.16180E-07  -8.36627E-09  -1.00780E-07
     50000   1.89149E+02   9.65722E-09  -1.58309E-07   1.73081E-07   0.00000E+00   0.00000E+00  -7.56346E-06   2.98110E-07   4.04890E-10   3.22944E-07
     51000   1.92932E+02   1.22096E-08   9.94917E-08  -8.29014E-08   0.00000E+00   0.00000E+00  -2.19798E-06  -1.45246E-07   1.04459E-08  -1.06001E-07
     52000   1.96715E+02   1.53408E-08  -8.76804E-08   7.72694E-08   0.00000E+00   0.00000E+00  -2.04977E-06   8.92138E-08   4.19953E-08   1.36139E-07
     53000   2.00498E+02   1.93499E-08  -2.14586E-07   1.95636E-07   0.00000E+00   0.00000E+00  -6.19080E-06   1.41181E-07   5.39301E-08   1.95510E-07
     54000   2.04281E+02   2.43941E-08  -1.07247E-07   1.11844E-07   0.00000E+00   0.00000E+00  -6.16442E-06   8.37101E-08   4.07763E-08   1.53477E-07
     55000   2.08064E+02   3.08380E-08  -7.63875E-08   9.85714E-08   0.00000E+00   0.00000E+00  -1.12525E-05  -3.55409E-08   4.01770E-08   5.76580E-08
     56000   2.11847E+02   3.89606E-08  -2.31221E-07   2.61224E-07   0.00000E+00   0.00000E+00   4.05824E-07   2.52075E-07   4.30678E-08   3.64106E-07
     57000   2.15630E+02   4.89105E-08   2.78365E-07  -1.89066E-07   0.00000E+00   0.00000E+00   5.61155E-06  -6.94306E-07   7.53037E-09  -5.48565E-07
     58000   2.19413E+02   6.19680E-08  -6.64681E-08   1.76823E-07   0.00000E+00   0.00000E+00   9.81203E-06   4.56563E-07   7.27641E-09   6.36163E-07
     59000   2.23196E+02   7.79580E-08   2.26940E-07  -6.50315E-08   0.00000E+00   0.00000E+00   1.28549E-05  -5.81778E-07  -3.14334E-09  -3.45055E-07
     60000   2.26979E+02   9.86304E-08  -5.42540E-07   6.67021E-07   0.00000E+00   0.00000E+00   2.36954E-05   9.19358E-07   6.68373E-08   1.20931E-06
     61000   2.30762E+02   1.24142E-07   5.55216E-07  -3.83586E-07   0.00000E+00   0.00000E+00   1.11196E-05  -1.18843E-06   6.59709E-08  -8.26688E-07
     62000   2.34545E+02   1.56279E-07   2.24637E-07   9.08133E-08   0.00000E+00   0.00000E+00   1.15819E-05  -1.41633E-07  -1.79907E-08   3.12105E-07
     63000   2.38328E+02   1.98229E-07   4.60607E-08   3.18357E-07   0.00000E+00   0.00000E+00   1.94208E-05  -4.09853E-07   7.80465E-09   1.60598E-07
     64000   2.42111E+02   2.48957E-07   5.46217E-07  -6.49596E-08   0.00000E+00   0.00000E+00   1.63659E-05  -4.12839E-07  -1.00874E-08   3.07288E-07
     65000   2.45894E+02   3.14317E-07   7.46825E-07  -1.70690E-07   0.00000E+00   0.00000E+00   1.57917E-05  -1.13661E-06   1.15778E-08  -2.34576E-07
     66000   2.49677E+02   3.96626E-07   1.10500E-06  -3.72540E-07   0.00000E+00   0.00000E+00   2.54355E-05  -1.77913E-06  -1.45238E-08  -6.64568E-07
     67000   2.53460E+02   4.99234E-07   1.41649E-06  -4.77446E-07   0.00000E+00   0.00000E+00   6.11750E-05  -2.83422E-06  -2.62641E-08  -1.42220E-06
     68000   2.57242E+02   6.29598E-07   1.73157E-06  -7.11140E-07   0.00000E+00   0.00000E+00   7.42555E-05  -2.26380E-06   1.59849E-07  -4.53923E-07
     69000   2.61025E+02   7.92305E-07   2.50161E-06  -1.22228E-06   0.00000E+00   0.00000E+00   1.20668E-04  -4.29728E-06   2.15458E-07  -2.01019E-06
     70000   2.64808E+02   1.00058E-06  -5.31166E-08   1.71983E-06   0.00000E+00   0.00000E+00   1.16756E-04  -8.56559E-08   2.04127E-07   2.78577E-06
     71000   2.68591E+02   1.26086E-06   2.29684E-06  -1.54230E-07   0.00000E+00   0.00000E+00   6.02861E-05  -5.06086E-06   1.89584E-07  -1.46780E-06
     72000   2.72374E+02   1.59502E-06   2.31718E-06   2.44538E-07   0.00000E+00   0.00000E+00   2.69722E-05  -5.55800E-06   3.31510E-07  -1.06975E-06
     73000   2.76157E+02   2.01843E-06   1.20875E-06   2.02158E-06   0.00000E+00   0.00000E+00   6.96072E-06  -4.39898E-06   4.05968E-07   1.25574E-06
     74000   2.79940E+02   2.54650E-06   3.13809E-06   5.45112E-07   0.00000E+00   0.00000E+00  -4.96912E-05  -1.04697E-05   8.97115E-07  -3.34287E-06
     75000   2.83723E+02   3.22429E-06  -1.02283E-07   4.90285E-06   0.00000E+00   0.00000E+00  -9.96757E-05  -3.21777E-06   9.71956E-07   5.77904E-06
     76000   2.87506E+02   4.06369E-06   3.13597E-06   3.01186E-06   0.00000E+00   0.00000E+00  -1.12440E-04  -1.21373E-05   1.18789E-06  -7.37908E-07
     77000   2.91289E+02   5.11987E-06   7.76643E-07   6.96640E-06   0.00000E+00   0.00000E+00  -1.41008E-04  -7.65471E-06   1.45414E-06   6.66234E-06
     78000   2.95072E+02   6.47271E-06   2.06995E-06   7.83815E-06   0.00000E+00   0.00000E+00  -2.52413E-04  -1.38334E-05   1.70693E-06   4.25430E-06
     79000   2.98855E+02   8.15341E-06   1.20129E-06   1.22323E-05   0.00000E+00   0.00000E+00  -2.06461E-04  -9.71951E-06   1.28949E-06   1.31570E-05
     80000   3.02638E+02   1.02888E-05   8.16604E-06   8.27009E-06   0.00000E+00   0.00000E+00  -2.30316E-06  -2.78154E-05   2.19636E-06   1.10594E-06
     81000   3.06421E+02   1.30042E-05   1.12224E-05   9.50865E-06   0.00000E+00   0.00000E+00   1.07597E-04  -3.13877E-05   2.96981E-06   5.31740E-06
     82000   3.10204E+02   1.63261E-05   1.67215E-05   9.66286E-06   0.00000E+00   0.00000E+00   1.09142E-04  -4.63760E-05   3.53236E-06  -1.33114E-07
     83000   3.13987E+02   2.06904E-05   2.20139E-05   1.13982E-05   0.00000E+00   0.00000E+00   1.61219E-04  -5.25061E-05   4.16569E-06   5.76212E-06
     84000   3.17770E+02   2.60044E-05   2.37974E-05   1.78837E-05   0.00000E+00   0.00000E+00   2.48920E-04  -6.88408E-05   6.06499E-06   4.90979E-06
     85000   3.21553E+02   3.28662E-05   2.46664E-05   2.75612E-05   0.00000E+00   0.00000E+00   4.18800E-04  -7.26873E-05   7.95314E-06   2.03597E-05
     86000   3.25336E+02   4.14873E-05   4.74941E-05   1.81915E-05   0.00000E+00   0.00000E+00   4.00669E-04  -1.24496E-04   1.01856E-05  -7.13730E-06
     87000   3.29119E+02   5.20985E-05   4.16349E-05   4.37635E-05   0.00000E+00   0.00000E+00   7.14957E-04  -1.17688E-04   1.01354E-05   2.99447E-05
     88000   3.32902E+02   6.59363E-05   6.59387E-05   3.98436E-05   0.00000E+00   0.00000E+00   6.12621E-04  -1.75437E-04   1.47813E-05   1.10634E-05
     89000   3.36685E+02   8.25759E-05   7.35920E-05   6.05865E-05   0.00000E+00   0.00000E+00   3.08562E-04  -2.08054E-04   1.76963E-05   2.63968E-05
     90000   3.40468E+02   1.04733E-04   7.61890E-05   9.08861E-05   0.00000E+00   0.00000E+00   9.07200E-04  -2.40466E-04   2.33041E-05   5.46459E-05
     91000   3.44251E+02   1.31128E-04   1.34280E-04   7.62675E-05   0.00000E+00   0.00000E+00   1.31985E-03  -3.64578E-04   3.03967E-05   7.49531E-06
     92000   3.48034E+02   1.65309E-04   1.55725E-04   1.08235E-04   0.00000E+00   0.00000E+00   1.94954E-03  -4.32840E-04   3.82818E-05   3.47115E-05
     93000   3.51817E+02   2.08625E-04   1.92231E-04   1.41628E-04   0.00000E+00   0.00000E+00   9.05895E-04  -5.52099E-04   4.65615E-05   3.69460E-05
     94000   3.55600E+02   2.60512E-04   2.20281E-04   2.00476E-04   0.00000E+00   0.00000E+00   8.01819E-04  -6.48667E-04   5.83383E-05   9.09404E-05
     95000   3.59383E+02   3.28984E-04   2.85509E-04   2.40917E-04   0.00000E+00   0.00000E+00   3.80200E-04  -8.35041E-04   7.39824E-05   9.43513E-05
     96000   3.63166E+02   4.11354E-04   3.59352E-04   3.03329E-04   0.00000E+00   0.00000E+00  -3.46452E-04  -1.04410E-03   9.42485E-05   1.24184E-04
     97000   3.66949E+02   5.15807E-04   4.22122E-04   4.07955E-04   0.00000E+00   0.00000E+00  -1.26009E-03  -1.27375E-03   1.18754E-04   1.90892E-04
     98000   3.70732E+02   6.46413E-04   5.22448E-04   5.13470E-04   0.00000E+00   0.00000E+00  -3.42553E-03  -1.61973E-03   1.49900E-04   2.12505E-04
     99000   3.74515E+02   8.06171E-04   6.37236E-04   6.65877E-04   0.00000E+00   0.00000E+00  -5.20788E-03  -2.00068E-03   1.85730E-04   2.94337E-04
    100000   3.78298E+02   1.00799E-03   8.24254E-04   8.02806E-04   0.00000E+00   0.00000E+00  -5.51524E-03  -2.53225E-03   2.34813E-04   3.37612E-04
    101000   3.82081E+02   1.25151E-03   1.05636E-03   9.79281E-04   0.00000E+00   0.00000E+00  -6.98193E-03  -3.21120E-03   2.89173E-04   3.65124E-04
    102000   3.85864E+02   1.55080E-03   1.26256E-03   1.26703E-03   0.00000E+00   0.00000E+00  -9.68802E-03  -3.89356E-03   3.65539E-04   5.52367E-04
    103000   3.89647E+02   1.92304E-03   1.58522E-03   1.54659E-03   0.00000E+00   0.00000E+00  -1.15595E-02  -4.93589E-03   4.62778E-04   5.81736E-04
    104000   3.93430E+02   2.36370E-03   1.96755E-03   1.92632E-03   0.00000E+00   0.00000E+00  -1.16134E-02  -6.04865E-03   5.70195E-04   7.79116E-04
    105000   3.97213E+02   2.89945E-03   2.48341E-03   2.30453E-03   0.00000E+00   0.00000E+00  -1.27304E-02  -7.61761E-03   7.19417E-04   7.89188E-04
    106000   4.00996E+02   3.51327E-03   2.95621E-03   2.90995E-03   0.00000E+00   0.00000E+00  -1.16978E-02  -9.15410E-03   8.89029E-04   1.11436E-03
    107000   4.04779E+02   4.24304E-03   3.61468E-03   3.53185E-03   0.00000E+00   0.00000E+00  -1.49742E-02  -1.12492E-02   1.10558E-03   1.24595E-03
    108000   4.08562E+02   5.08860E-03   4.26866E-03   4.39687E-03   0.00000E+00   0.00000E+00  -1.17503E-02  -1.34954E-02   1.35577E-03   1.61450E-03
    109000   4.12345E+02   6.04445E-03   5.12974E-03   5.26796E-03   0.00000E+00   0.00000E+00  -1.37339E-02  -1.63443E-02   1.69013E-03   1.78802E-03
    110000   4.16128E+02   7.07174E-03   5.99569E-03   6.43014E-03   0.00000E+00   0.00000E+00  -1.61489E-02  -1.93885E-02   2.08833E-03   2.19737E-03
    111000   4.19911E+02   8.28489E-03   6.96333E-03   7.71741E-03   0.00000E+00   0.00000E+00  -1.48958E-02  -2.30546E-02   2.54124E-03   2.45227E-03
    112000   4.23693E+02   9.57156E-03   8.19422E-03   9.13445E-03   0.00000E+00   0.00000E+00  -9.34740E-03  -2.72669E-02   3.07618E-03   2.70950E-03
    113000   4.27476E+02   1.09644E-02   9.36631E-03   1.08133E-02   0.00000E+00   0.00000E+00  -3.93713E-03  -3.18186E-02   3.73747E-03   3.06289E-03
    114000   4.31259E+02   1.23610E-02   1.05783E-02   1.27543E-02   0.00000E+00   0.00000E+00  -9.89261E-03  -3.68407E-02   4.48417E-03   3.33711E-03
    115000   4.35042E+02   1.38669E-02   1.14940E-02   1.52152E-02   0.00000E+00   0.00000E+00  -1.25640E-02  -4.17886E-02   5.38914E-03   4.17665E-03
    116000   4.38825E+02   1.54058E-02   1.28411E-02   1.75267E-02   0.00000E+00   0.00000E+00  -8.78305E-03  -4.78130E-02   6.42257E-03   4.38309E-03
    117000   4.42608E+02   1.68900E-02   1.40809E-02   2.01932E-02   0.00000E+00   0.00000E+00  -2.59357E-03  -5.38244E-02   7.59149E-03   4.93127E-03
    118000   4.46391E+02   1.83416E-02   1.51577E-02   2.31755E-02   0.00000E+00   0.00000E+00  -4.16930E-03  -6.02588E-02   8.92203E-03   5.33803E-03
    119000   4.50174E+02   1.97670E-02   1.59626E-02   2.65141E-02   0.00000E+00   0.00000E+00  -6.16452E-03  -6.67270E-02   1.04090E-02   5.92564E-03
    120000   4.53957E+02   2.10112E-02   1.67482E-02   3.00578E-02   0.00000E+00   0.00000E+00  -2.61877E-03  -7.32886E-02   1.21118E-02   6.64040E-03
    121000   4.57740E+02   2.21472E-02   1.75746E-02   3.35168E-02   0.00000E+00   0.00000E+00  -2.58519E-03  -8.03149E-02   1.39431E-02   6.86692E-03
    122000   4.61523E+02   2.32111E-02   1.78736E-02   3.74308E-02   0.00000E+00   0.00000E+00   2.35635E-03  -8.70979E-02   1.59084E-02   7.32603E-03
    123000   4.65306E+02   2.41169E-02   1.81222E-02   4.14796E-02   0.00000E+00   0.00000E+00   5.94239E-03  -9.37224E-02   1.80664E-02   8.06261E-03
    124000   4.69089E+02   2.49203E-02   1.85829E-02   4.53425E-02   0.00000E+00   0.00000E+00   9.59205E-03  -1.01119E-01   2.03287E-02   8.05497E-03
    125000   4.72872E+02   2.55848E-02   1.83718E-02   4.98631E-02   0.00000E+00   0.00000E+00   1.77991E-02  -1.06992E-01   2.26306E-02   9.45823E-03
    126000   4.76655E+02   2.62154E-02   1.86412E-02   5.37785E-02   0.00000E+00   0.00000E+00   9.48482E-03  -1.14851E-01   2.50604E-02   8.84474E-03
    127000   4.80438E+02   2.66630E-02   1.76959E-02   5.90025E-02   0.00000E+00   0.00000E+00   3.78177E-03  -1.19776E-01   2.75084E-02   1.10942E-02
    128000   4.84221E+02   2.68933E-02   1.78942E-02   6.27746E-02   0.00000E+00   0.00000E+00   2.14770E-03  -1.27493E-01   3.00406E-02   1.01096E-02
    129000   4.88004E+02   2.71153E-02   1.72641E-02   6.72798E-02   0.00000E+00   0.00000E+00  -1.52290E-03  -1.32758E-01   3.25369E-02   1.14383E-02
    130000   4.91787E+02   2.70256E-02   1.66294E-02   7.17913E-02   0.00000E+00   0.00000E+00  -8.23364E-03  -1.38956E-01   3.49862E-02   1.14768E-02
    131000   4.95570E+02   2.71543E-02   1.54918E-02   7.64847E-02   0.00000E+00   0.00000E+00  -2.79979E-03  -1.44058E-01   3.74931E-02   1.25658E-02
    132000   4.99353E+02   2.69250E-02   1.58550E-02   8.00260E-02   0.00000E+00   0.00000E+00  -4.52889E-03  -1.50541E-01   3.99375E-02   1.22024E-02
    133000   5.03136E+02   2.69216E-02   1.52259E-02   8.41920E-02   0.00000E+00   0.00000E+00  -9.54227E-03  -1.56318E-01   4.23546E-02   1.23757E-02
    134000   5.06919E+02   2.70473E-02   1.37188E-02   8.93997E-02   0.00000E+00   0.00000E+00  -8.52156E-03  -1.60400E-01   4.45898E-02   1.43558E-02
    135000   5.10702E+02   2.68620E-02   1.43542E-02   9.27268E-02   0.00000E+00   0.00000E+00  -1.78382E-02  -1.67233E-01   4.69303E-02   1.36399E-02
    136000   5.14485E+02   2.72953E-02   1.31854E-02   9.73409E-02   0.00000E+00   0.00000E+00  -2.47487E-02  -1.72100E-01   4.91843E-02   1.49056E-02
    137000   5.18268E+02   2.72104E-02   1.22467E-02   1.02064E-01   0.00000E+00   0.00000E+00  -2.60061E-02  -1.77219E-01   5.13822E-02   1.56843E-02
    138000   5.22051E+02   2.71624E-02   1.26794E-02   1.05329E-01   0.00000E+00   0.00000E+00  -3.92998E-02  -1.83113E-01   5.34910E-02   1.55483E-02
    139000   5.25834E+02   2.74614E-02   1.19755E-02   1.09354E-01   0.00000E+00   0.00000E+00  -3.95233E-02  -1.89310E-01   5.55906E-02   1.50717E-02
    140000   5.29617E+02   2.71077E-02   1.04617E-02   1.14751E-01   0.00000E+00   0.00000E+00  -4.34776E-02  -1.92327E-01   5.77939E-02   1.77876E-02
    141000   5.33400E+02   2.72339E-02   1.10925E-02   1.17082E-01   0.00000E+00   0.00000E+00  -5.77581E-02  -2.00170E-01   5.99316E-02   1.51707E-02
    142000   5.37183E+02   2.69166E-02   9.38040E-03   1.21975E-01   0.00000E+00   0.00000E+00  -5.62406E-02  -2.02853E-01   6.19424E-02   1.73621E-02
    143000   5.40966E+02   2.60603E-02   8.30905E-03   1.26125E-01   0.00000E+00   0.00000E+00  -6.00384E-02  -2.07789E-01   6.39016E-02   1.66073E-02
    144000   5.44749E+02   2.56255E-02   6.58669E-03   1.29872E-01   0.00000E+00   0.00000E+00  -6.37718E-02  -2.11015E-01   6.59838E-02   1.70529E-02
    145000   5.48532E+02   2.44110E-02   5.74413E-03   1.33360E-01   0.00000E+00   0.00000E+00  -7.67021E-02  -2.14539E-01   6.78397E-02   1.68162E-02
    146000   5.52315E+02   2.32749E-02   3.72673E-03   1.37365E-01   0.00000E+00   0.00000E+00  -8.42400E-02  -2.17286E-01   6.95799E-02   1.66611E-02
    147000   5.56098E+02   2.21718E-02   1.12219E-03   1.41473E-01   0.00000E+00   0.00000E+00  -1.04353E-01  -2.18119E-01   7.12830E-02   1.79312E-02
    148000   5.59881E+02   2.02898E-02   7.01601E-04   1.43484E-01   0.00000E+00   0.00000E+00  -1.15000E-01  -2.21470E-01   7.29195E-02   1.59247E-02
    149000   5.63664E+02   1.89900E-02  -2.35639E-03   1.47413E-01   0.00000E+00   0.00000E+00  -1.18617E-01  -2.21098E-01   7.42215E-02   1.71708E-02
    150000   5.67447E+02   1.72647E-02  -3.95131E-03   1.50018E-01   0.00000E+00   0.00000E+00  -1.24684E-01  -2.21568E-01   7.54209E-02   1.71846E-02
    151000   5.71230E+02   1.54545E-02  -4.78615E-03   1.51523E-01   0.00000E+00   0.00000E+00  -1.36920E-01  -2.23639E-01   7.66796E-02   1.52316E-02
    152000   5.75013E+02   1.41421E-02  -7.60616E-03   1.54737E-01   0.00000E+00   0.00000E+00  -1.35060E-01  -2.21509E-01   7.76671E-02   1.74318E-02
    153000   5.78796E+02   1.24183E-02  -7.44394E-03   1.55292E-01   0.00000E+00   0.00000E+00  -1.47103E-01  -2.24174E-01   7.85505E-02   1.46430E-02
    154000   5.82579E+02   1.15212E-02  -9.83630E-03   1.58127E-01   0.00000E+00   0.00000E+00  -1.52212E-01  -2.21896E-01   7.92842E-02   1.72001E-02
    155000   5.86362E+02   1.03945E-02  -1.02318E-02   1.59315E-01   0.00000E+00   0.00000E+00  -1.60117E-01  -2.23326E-01   7.99347E-02   1.60864E-02
    156000   5.90145E+02   9.79088E-03  -1.08894E-02   1.60711E-01   0.00000E+00   0.00000E+00  -1.65680E-01  -2.23254E-01   8.04401E-02   1.67992E-02
    157000   5.93927E+02   9.39486E-03  -1.10844E-02   1.61692E-01   0.00000E+00   0.00000E+00  -1.71791E-01  -2.24488E-01   8.10447E-02   1.65597E-02
    158000   5.97710E+02   9.19295E-03  -1.09206E-02   1.62465E-01   0.00000E+00   0.00000E+00  -1.76905E-01  -2.26547E-01   8.16135E-02   1.58042E-02
    159000   6.01493E+02   9.33590E-03  -1.17884E-02   1.64350E-01   0.00000E+00   0.00000E+00  -1.81056E-01  -2.26643E-01   8.21485E-02   1.74032E-02
    160000   6.05276E+02   9.38697E-03  -1.04093E-02   1.64510E-01   0.00000E+00   0.00000E+00  -1.91386E-01  -2.29445E-01   8.25341E-02   1.65763E-02
    161000   6.09059E+02   9.79308E-03  -1.02278E-02   1.65546E-01   0.00000E+00   0.00000E+00  -1.89222E-01  -2.31618E-01   8.30332E-02   1.65264E-02
    162000   6.12842E+02   1.01951E-02  -1.08377E-02   1.67884E-01   0.00000E+00   0.00000E+00  -1.81627E-01  -2.32511E-01   8.33839E-02   1.81148E-02
    163000   6.16625E+02   1.05750E-02  -9.16167E-03   1.67804E-01   0.00000E+00   0.00000E+00  -1.82984E-01  -2.36226E-01   8.39457E-02   1.69366E-02
    164000   6.20408E+02   1.10492E-02  -8.84540E-03   1.68986E-01   0.00000E+00   0.00000E+00  -1.88754E-01  -2.39666E-01   8.44454E-02   1.59698E-02
    165000   6.24191E+02   1.12426E-02  -1.05582E-02   1.72422E-01   0.00000E+00   0.00000E+00  -1.89838E-01  -2.38794E-01   8.49315E-02   1.92441E-02
    166000   6.27974E+02   1.14680E-02  -8.99229E-03   1.71941E-01   0.00000E+00   0.00000E+00  -1.97735E-01  -2.44418E-01   8.57264E-02   1.57253E-02
    167000   6.31757E+02   1.14067E-02  -1.02734E-02   1.74688E-01   0.00000E+00   0.00000E+00  -2.01371E-01  -2.44007E-01   8.64169E-02   1.82306E-02
    168000   6.35540E+02   1.13138E-02  -1.05528E-02   1.76166E-01   0.00000E+00   0.00000E+00  -2.14678E-01  -2.47145E-01   8.71117E-02   1.68939E-02
    169000   6.39323E+02   1.11420E-02  -1.07990E-02   1.77489E-01   0.00000E+00   0.00000E+00  -2.26106E-01  -2.48639E-01   8.78730E-02   1.70660E-02
    170000   6.43106E+02   1.09067E-02  -1.12440E-02   1.79316E-01   0.00000E+00   0.00000E+00  -2.34111E-01  -2.50493E-01   8.85067E-02   1.69927E-02
    171000   6.46889E+02   1.06834E-02  -1.18786E-02   1.80987E-01   0.00000E+00   0.00000E+00  -2.40668E-01  -2.51550E-01   8.92616E-02   1.75034E-02
    172000   6.50672E+02   1.04222E-02  -1.17185E-02   1.82076E-01   0.00000E+00   0.00000E+00  -2.46629E-01  -2.54004E-01   8.98733E-02   1.66496E-02
    173000   6.54455E+02   1.01209E-02  -1.25243E-02   1.83879E-01   0.00000E+00   0.00000E+00  -2.52370E-01  -2.54556E-01   9.06368E-02   1.75563E-02
    174000   6.58238E+02   9.82703E-03  -1.27972E-02   1.85076E-01   0.00000E+00   0.00000E+00  -2.61262E-01  -2.56883E-01   9.14288E-02   1.66513E-02
    175000   6.62021E+02   9.44367E-03  -1.36280E-02   1.86936E-01   0.00000E+00   0.00000E+00  -2.63646E-01  -2.56706E-01   9.21056E-02   1.81509E-02
    176000   6.65804E+02   8.98985E-03  -1.33560E-02   1.87471E-01   0.00000E+00   0.00000E+00  -2.73502E-01  -2.59759E-01   9.28160E-02   1.61619E-02
    177000   6.69587E+02   8.62680E-03  -1.49466E-02   1.90044E-01   0.00000E+00   0.00000E+00  -2.74268E-01  -2.58383E-01   9.34254E-02   1.87663E-02
    178000   6.73370E+02   8.19127E-03  -1.39791E-02   1.89874E-01   0.00000E+00   0.00000E+00  -2.81212E-01  -2.62135E-01   9.40734E-02   1.60245E-02
    179000   6.77153E+02   7.89197E-03  -1.51037E-02   1.91825E-01   0.00000E+00   0.00000E+00  -2.84451E-01  -2.61273E-01   9.47125E-02   1.80521E-02
    180000   6.80936E+02   7.73572E-03  -1.48671E-02   1.92548E-01   0.00000E+00   0.00000E+00  -2.94469E-01  -2.63381E-01   9.50971E-02   1.71333E-02
    181000   6.84719E+02   7.59736E-03  -1.55791E-02   1.94134E-01   0.00000E+00   0.00000E+00  -3.00596E-01  -2.64098E-01   9.56615E-02   1.77157E-02
    182000   6.88502E+02   7.47225E-03  -1.53860E-02   1.94903E-01   0.00000E+00   0.00000E+00  -3.01577E-01  -2.64791E-01   9.61030E-02   1.83009E-02
    183000   6.92285E+02   7.32856E-03  -1.45804E-02   1.94586E-01   0.00000E+00   0.00000E+00  -3.06836E-01  -2.68199E-01   9.66206E-02   1.57549E-02
    184000   6.96068E+02   7.12781E-03  -1.71897E-02   1.97916E-01   0.00000E+00   0.00000E+00  -3.03548E-01  -2.65541E-01   9.70673E-02   1.93804E-02
    185000   6.99851E+02   6.78066E-03  -1.61107E-02   1.97412E-01   0.00000E+00   0.00000E+00  -3.05737E-01  -2.68341E-01   9.74627E-02   1.72034E-02
    186000   7.03634E+02   6.48408E-03  -1.63306E-02   1.98014E-01   0.00000E+00   0.00000E+00  -3.07519E-01  -2.68413E-01   9.78797E-02   1.76347E-02
    187000   7.07417E+02   6.14241E-03  -1.82727E-02   2.00354E-01   0.00000E+00   0.00000E+00  -3.10418E-01  -2.68033E-01   9.82892E-02   1.84804E-02
    188000   7.11200E+02   5.77912E-03  -1.82713E-02   2.00596E-01   0.00000E+00   0.00000E+00  -3.19951E-01  -2.68814E-01   9.88789E-02   1.81691E-02
    189000   7.14983E+02   5.53889E-03  -1.72794E-02   2.00071E-01   0.00000E+00   0.00000E+00  -3.23839E-01  -2.70979E-01   9.91758E-02   1.65267E-02
    190000   7.18766E+02   5.29642E-03  -1.91827E-02   2.02409E-01   0.00000E+00   0.00000E+00  -3.23965E-01  -2.69732E-01   9.95582E-02   1.83486E-02
    191000   7.22549E+02   5.16041E-03  -1.89651E-02   2.02656E-01   0.00000E+00   0.00000E+00  -3.27958E-01  -2.70945E-01   9.99060E-02   1.78122E-02
    192000   7.26332E+02   5.01585E-03  -1.77067E-02   2.01690E-01   0.00000E+00   0.00000E+00  -3.32137E-01  -2.73731E-01   1.00279E-01   1.55481E-02
    193000   7.30115E+02   4.82911E-03  -1.99713E-02   2.04365E-01   0.00000E+00   0.00000E+00  -3.33075E-01  -2.70883E-01   1.00586E-01   1.89254E-02
    194000   7.33898E+02   4.49808E-03  -1.89915E-02   2.03686E-01   0.00000E+00   0.00000E+00  -3.40302E-01  -2.73710E-01   1.00946E-01   1.64283E-02
    195000   7.37681E+02   4.24785E-03  -1.93535E-02   2.04200E-01   0.00000E+00   0.00000E+00  -3.38170E-01  -2.73247E-01   1.01350E-01   1.71966E-02
    196000   7.41464E+02   3.98296E-03  -2.04480E-02   2.05482E-01   0.00000E+00   0.00000E+00  -3.37750E-01  -2.73050E-01   1.01659E-01   1.76263E-02
    197000   7.45247E+02   3.65744E-03  -2.03960E-02   2.05637E-01   0.00000E+00   0.00000E+00  -3.41780E-01  -2.73594E-01   1.02037E-01   1.73419E-02
    198000   7.49030E+02   3.44889E-03  -2.00597E-02   2.05597E-01   0.00000E+00   0.00000E+00  -3.43077E-01  -2.74446E-01   1.02308E-01   1.68483E-02
    199000   7.52813E+02   3.28798E-03  -2.08334E-02   2.06594E-01   0.00000E+00   0.00000E+00  -3.44000E-01  -2.73987E-01   1.02589E-01   1.76501E-02
    200000   7.56596E+02   3.14179E-03  -2.09819E-02   2.07061E-01   0.00000E+00   0.00000E+00  -3.45903E-01  -2.74438E-01   1.02891E-01   1.76732E-02
    201000   7.60379E+02   3.11452E-03  -2.02347E-02   2.06539E-01   0.00000E+00   0.00000E+00  -3.48131E-01  -2.75753E-01   1.03081E-01   1.67461E-02
    202000   7.64161E+02   2.94623E-03  -2.09565E-02   2.07480E-01   0.00000E+00   0.00000E+00  -3.47205E-01  -2.75627E-01   1.03354E-01   1.71964E-02
    203000   7.67944E+02   2.88260E-03  -2.12135E-02   2.07966E-01   0.00000E+00   0.00000E+00  -3.45458E-01  -2.75259E-01   1.03610E-01   1.79860E-02
    204000   7.71727E+02   2.87189E-03  -1.98509E-02   2.06763E-01   0.00000E+00   0.00000E+00  -3.52610E-01  -2.78335E-01   1.03810E-01   1.52599E-02
    205000   7.75510E+02   2.89162E-03  -2.14285E-02   2.08932E-01   0.00000E+00   0.00000E+00  -3.49844E-01  -2.75443E-01   1.03833E-01   1.87856E-02
    206000   7.79293E+02   2.90057E-03  -1.99470E-02   2.07540E-01   0.00000E+00   0.00000E+00  -3.54990E-01  -2.79093E-01   1.04130E-01   1.55303E-02
    207000   7.83076E+02   2.94371E-03  -2.11203E-02   2.09147E-01   0.00000E+00   0.00000E+00  -3.51404E-01  -2.77361E-01   1.04368E-01   1.79784E-02
    208000   7.86859E+02   3.08287E-03  -2.05485E-02   2.08968E-01   0.00000E+00   0.00000E+00  -3.53177E-01  -2.78893E-01   1.04549E-01   1.71591E-02
    209000   7.90642E+02   3.18879E-03  -1.96805E-02   2.08430E-01   0.00000E+00   0.00000E+00  -3.54133E-01  -2.80921E-01   1.04809E-01   1.58266E-02
    210000   7.94425E+02   3.30896E-03  -2.14902E-02   2.10822E-01   0.00000E+00   0.00000E+00  -3.50074E-01  -2.78844E-01   1.05001E-01   1.87977E-02
    211000   7.98208E+02   3.44408E-03  -2.02301E-02   2.09823E-01   0.00000E+00   0.00000E+00  -3.54917E-01  -2.81568E-01   1.05297E-01   1.67669E-02
    212000   8.01991E+02   3.50277E-03  -2.02646E-02   2.10506E-01   0.00000E+00   0.00000E+00  -3.55156E-01  -2.81553E-01   1.05477E-01   1.76678E-02
    213000   8.05774E+02   3.58912E-03  -2.08893E-02   2.11482E-01   0.00000E+00   0.00000E+00  -3.59357E-01  -2.82083E-01   1.05676E-01   1.77745E-02
    214000   8.09557E+02   3.63889E-03  -2.04887E-02   2.11456E-01   0.00000E+00   0.00000E+00  -3.61403E-01  -2.83266E-01   1.05924E-01   1.72640E-02
    215000   8.13340E+02   3.59320E-03  -2.03178E-02   2.11634E-01   0.00000E+00   0.00000E+00  -3.61308E-01  -2.83701E-01   1.06296E-01   1.75043E-02
    216000   8.17123E+02   3.59402E-03  -2.03614E-02   2.11937E-01   0.00000E+00   0.00000E+00  -3.62472E-01  -2.84950E-01   1.06534E-01   1.67537E-02
    217000   8.20906E+02   3.57505E-03  -2.07796E-02   2.12769E-01   0.00000E+00   0.00000E+00  -3.61295E-01  -2.84510E-01   1.06732E-01   1.77862E-02
    218000   8.24689E+02   3.45552E-03  -2.01292E-02   2.12361E-01   0.00000E+00   0.00000E+00  -3.64158E-01  -2.86468E-01   1.07021E-01   1.62409E-02
    219000   8.28472E+02   3.39118E-03  -2.07730E-02   2.13255E-01   0.00000E+00   0.00000E+00  -3.63062E-01  -2.85966E-01   1.07314E-01   1.72208E-02
    220000   8.32255E+02   3.27274E-03  -2.07655E-02   2.13282E-01   0.00000E+00   0.00000E+00  -3.68024E-01  -2.86958E-01   1.07637E-01   1.64678E-02
    221000   8.36038E+02   3.08535E-03  -2.14672E-02   2.14177E-01   0.00000E+00   0.00000E+00  -3.66210E-01  -2.86679E-01   1.07934E-01   1.70503E-02
    222000   8.39821E+02   2.94917E-03  -2.14435E-02   2.14468E-01   0.00000E+00   0.00000E+00  -3.68543E-01  -2.86493E-01   1.08031E-01   1.75120E-02
    223000   8.43604E+02   2.80661E-03  -2.07552E-02   2.13830E-01   0.00000E+00   0.00000E+00  -3.70569E-01  -2.88685E-01   1.08282E-01   1.54788E-02
    224000   8.47387E+02   2.62195E-03  -2.26702E-02   2.16025E-01   0.00000E+00   0.00000E+00  -3.70318E-01  -2.85673E-01   1.08490E-01   1.87943E-02
    225000   8.51170E+02   2.51895E-03  -2.15141E-02   2.14821E-01   0.00000E+00   0.00000E+00  -3.75887E-01  -2.88759E-01   1.08760E-01   1.58272E-02
    226000   8.54953E+02   2.39125E-03  -2.21481E-02   2.15682E-01   0.00000E+00   0.00000E+00  -3.74222E-01  -2.87106E-01   1.08987E-01   1.78060E-02
    227000   8.58736E+02   2.25243E-03  -2.17611E-02   2.15464E-01   0.00000E+00   0.00000E+00  -3.78346E-01  -2.88715E-01   1.09095E-01   1.63351E-02
    228000   8.62519E+02   2.18079E-03  -2.21016E-02   2.15924E-01   0.00000E+00   0.00000E+00  -3.77533E-01  -2.88306E-01   1.09247E-01   1.69435E-02
    229000   8.66302E+02   2.14386E-03  -2.24548E-02   2.16345E-01   0.00000E+00   0.00000E+00  -3.77473E-01  -2.88313E-01   1.09523E-01   1.72444E-02
    230000   8.70085E+02   2.13377E-03  -2.19265E-02   2.15934E-01   0.00000E+00   0.00000E+00  -3.77731E-01  -2.89199E-01   1.09713E-01   1.66547E-02
    231000   8.73868E+02   2.09313E-03  -2.23059E-02   2.16425E-01   0.00000E+00   0.00000E+00  -3.79120E-01  -2.89276E-01   1.09870E-01   1.68060E-02
    232000   8.77651E+02   2.06248E-03  -2.26616E-02   2.16999E-01   0.00000E+00   0.00000E+00  -3.80860E-01  -2.88917E-01   1.09901E-01   1.73843E-02
    233000   8.81434E+02   2.02139E-03  -2.17794E-02   2.16104E-01   0.00000E+00   0.00000E+00  -3.84930E-01  -2.90643E-01   1.10200E-01   1.59030E-02
    234000   8.85217E+02   1.95877E-03  -2.25236E-02   2.17045E-01   0.00000E+00   0.00000E+00  -3.86136E-01  -2.89907E-01   1.10367E-01   1.69396E-02
    235000   8.89000E+02   1.93253E-03  -2.25927E-02   2.17207E-01   0.00000E+00   0.00000E+00  -3.86575E-01  -2.90057E-01   1.10549E-01   1.70393E-02
    236000   8.92783E+02   1.92515E-03  -2.18131E-02   2.16466E-01   0.00000E+00   0.00000E+00  -3.90324E-01  -2.91753E-01   1.10776E-01   1.56007E-02
    237000   8.96566E+02   1.93335E-03  -2.29107E-02   2.17838E-01   0.00000E+00   0.00000E+00  -3.88698E-01  -2.89950E-01   1.10916E-01   1.78270E-02
    238000   9.00349E+02   1.95795E-03  -2.18019E-02   2.16907E-01   0.00000E+00   0.00000E+00  -3.91815E-01  -2.92572E-01   1.11013E-01   1.55039E-02
    239000   9.04132E+02   2.02024E-03  -2.23976E-02   2.17665E-01   0.00000E+00   0.00000E+00  -3.90554E-01  -2.91406E-01   1.11254E-01   1.71356E-02
    240000   9.07915E+02   2.04343E-03  -2.24868E-02   2.17835E-01   0.00000E+00   0.00000E+00  -3.93014E-01  -2.92539E-01   1.11510E-01   1.63627E-02
    241000   9.11698E+02   2.04192E-03  -2.28001E-02   2.18418E-01   0.00000E+00   0.00000E+00  -3.94785E-01  -2.92283E-01   1.11604E-01   1.69813E-02
    242000   9.15481E+02   2.02569E-03  -2.27720E-02   2.18623E-01   0.00000E+00   0.00000E+00  -3.94480E-01  -2.92231E-01   1.11746E-01   1.73915E-02
    243000   9.19264E+02   1.96815E-03  -2.22728E-02   2.18062E-01   0.00000E+00   0.00000E+00  -3.96707E-01  -2.93901E-01   1.12027E-01   1.58834E-02
    244000   9.23047E+02   1.90198E-03  -2.33868E-02   2.19501E-01   0.00000E+00   0.00000E+00  -3.94883E-01  -2.92342E-01   1.12071E-01   1.77449E-02
    245000   9.26830E+02   1.89698E-03  -2.28402E-02   2.18907E-01   0.00000E+00   0.00000E+00  -3.95037E-01  -2.93703E-01   1.12301E-01   1.65621E-02
    246000   9.30612E+02   1.82957E-03  -2.27537E-02   2.18949E-01   0.00000E+00   0.00000E+00  -3.96239E-01  -2.94236E-01   1.12464E-01   1.62538E-02
    247000   9.34395E+02   1.77435E-03  -2.33577E-02   2.19765E-01   0.00000E+00   0.00000E+00  -3.96034E-01  -2.93152E-01   1.12591E-01   1.76213E-02
    248000   9.38178E+02   1.73364E-03  -2.19507E-02   2.18348E-01   0.00000E+00   0.00000E+00  -3.98858E-01  -2.95907E-01   1.12817E-01   1.50419E-02
    249000   9.41961E+02   1.69161E-03  -2.35830E-02   2.20167E-01   0.00000E+00   0.00000E+00  -3.96107E-01  -2.93589E-01   1.12989E-01   1.76757E-02
    250000   9.45744E+02   1.68412E-03  -2.33686E-02   2.20021E-01   0.00000E+00   0.00000E+00  -3.96724E-01  -2.94717E-01   1.13154E-01   1.67747E-02
