 kstep wat e_n=0 e_n=00 e_n=0th e_dissp e_n=0-e_dissp e_n=0_free dssp_n=0 dssp_o_n=0 dssp_c_n=0 dssp_j_n=0 e_n=1 dssp_n=1 dssp_o_n=1 dssp_c_n=1 dssp_j_n=1 e_n=2 dssp_n=2 dssp_o_n=2 dssp_c_n=2 dssp_j_n=2
       0   0.00000E+00   0.00000E+00   0.00000E+00   0.00000E+00   0.00000E+00   0.00000E+00   0.00000E+00  -6.51405E-24   0.00000E+00   0.00000E+00  -6.51405E-24   3.04886E-12   1.21149E-24   0.00000E+00   0.00000E+00   1.21149E-24   5.28719E-44   8.95256E-35   0.00000E+00   0.00000E+00   8.95256E-35
    1000   3.78298E+00  -1.27565E-10  -2.46751E-10   1.19052E-10   6.37742E-15  -1.27571E-10   1.34132E-13  -3.93485E-11   2.10174E-14   2.08064E-19  -3.93695E-11   2.57148E-12   1.60370E-13   2.10174E-14   1.14440E-17   1.39341E-13   4.64158E-17   2.10045E-14   2.10174E-14   1.39370E-21  -1.29899E-17
    2000   7.56596E+00  -8.51037E-10  -1.46699E-09   6.15721E-10   1.27548E-14  -8.51050E-10   2.31694E-13   5.56378E-10   3.69927E-14   5.82436E-19   5.56341E-10   2.15363E-12  -1.14638E-13   3.69927E-14   9.68521E-18  -1.51640E-13   1.72238E-16   3.69758E-14   3.69927E-14   3.15488E-21  -1.68474E-17
    3000   1.13489E+01  -1.93754E-09  -3.27005E-09   1.33224E-09   1.91323E-14  -1.93756E-09   2.66131E-13  -1.55000E-10   4.63015E-14   6.21397E-19  -1.55046E-10   1.80931E-12   1.54875E-13   4.63015E-14   5.25812E-18   1.08568E-13   2.62902E-16   4.62867E-14   4.63015E-14   3.97565E-21  -1.48403E-17
    4000   1.51319E+01  -3.29500E-09  -5.51302E-09   2.21777E-09   2.55097E-14  -3.29503E-09   2.51117E-13  -1.54537E-10   4.60022E-14   5.62338E-19  -1.54583E-10   1.64540E-12  -3.11464E-14   4.60022E-14   4.51539E-18  -7.71531E-14   3.25894E-16   4.59679E-14   4.60022E-14   5.02758E-21  -3.43147E-17
    5000   1.89149E+01  -4.70961E-09  -7.87834E-09   3.16849E-09   3.18871E-14  -4.70964E-09   2.47360E-13  -5.38675E-11   3.97633E-14   5.84053E-19  -5.39073E-11   1.55104E-12   4.97990E-14   3.97633E-14   3.15527E-18   1.00325E-14   4.23957E-16   3.96740E-14   3.97633E-14   7.02976E-21  -8.93479E-17
    6000   2.26979E+01  -6.82192E-09  -1.15417E-08   4.71949E-09   3.82645E-14  -6.82196E-09   2.53737E-13  -1.19650E-10   3.91415E-14   5.90022E-19  -1.19690E-10   1.42022E-12   9.47920E-14   3.91415E-14   2.92160E-18   5.56476E-14   5.21721E-16   3.90871E-14   3.91415E-14   9.19427E-21  -5.43995E-17
    7000   2.64808E+01  -7.88796E-09  -1.33697E-08   5.48151E-09   4.46420E-14  -7.88800E-09   2.66248E-13  -1.92575E-10   3.69164E-14   5.94809E-19  -1.92612E-10   1.43306E-12  -1.10923E-13   3.69164E-14   2.69069E-18  -1.47842E-13   6.12364E-16   3.69172E-14   3.69164E-14   1.17754E-20   8.00260E-19
    8000   3.02638E+01  -9.38593E-09  -1.62918E-08   6.90558E-09   5.10194E-14  -9.38598E-09   2.75238E-13  -2.97947E-10   3.76034E-14   5.79878E-19  -2.97985E-10   1.61544E-12   4.55964E-14   3.76034E-14   2.57301E-18   7.99044E-15   6.98961E-16   3.75061E-14   3.76034E-14   1.32523E-20  -9.72471E-17
    9000   3.40468E+01  -1.12751E-08  -1.97387E-08   8.46333E-09   5.73968E-14  -1.12752E-08   2.79151E-13   2.75303E-10   3.82468E-14   5.76223E-19   2.75265E-10   2.03014E-12  -1.32449E-13   3.82468E-14   2.63951E-18  -1.70699E-13   8.05138E-16   3.82940E-14   3.82468E-14   1.65144E-20   4.72299E-17
   10000   3.78298E+01  -1.35842E-08  -2.37020E-08   1.01175E-08   6.37742E-14  -1.35842E-08   2.80131E-13   2.58224E-10   3.99053E-14   5.88850E-19   2.58185E-10   2.46952E-12  -5.47595E-15   3.99053E-14   2.97382E-18  -4.53842E-14   9.81684E-16   3.97436E-14   3.99053E-14   2.06726E-20  -1.61718E-16
   11000   4.16128E+01  -1.48451E-08  -2.55249E-08   1.06796E-08   7.01517E-14  -1.48452E-08   2.81106E-13  -7.26603E-10   4.47195E-14   5.96477E-19  -7.26647E-10   2.79186E-12   2.50345E-15   4.47195E-14   4.14888E-18  -4.22202E-14   1.16567E-15   4.47459E-14   4.47195E-14   2.47635E-20   2.62962E-17
   12000   4.53957E+01  -1.60589E-08  -2.74406E-08   1.13815E-08   7.65291E-14  -1.60590E-08   2.83083E-13   6.44809E-10   4.60609E-14   6.15715E-19   6.44763E-10   3.31012E-12  -1.71022E-13   4.60609E-14   4.39398E-18  -2.17087E-13   1.48898E-15   4.63077E-14   4.60609E-14   3.01590E-20   2.46791E-16
   13000   4.91787E+01  -1.91777E-08  -3.25470E-08   1.33690E-08   8.29065E-14  -1.91778E-08   2.85194E-13   2.64812E-10   5.15218E-14   6.36154E-19   2.64761E-10   4.04186E-12  -7.19285E-14   5.15218E-14   4.94347E-18  -1.23455E-13   1.86765E-15   5.16132E-14   5.15218E-14   3.51024E-20   9.13453E-17
   14000   5.29617E+01  -2.08510E-08  -3.47887E-08   1.39374E-08   8.92839E-14  -2.08511E-08   2.86325E-13  -4.15978E-10   5.63991E-14   6.61353E-19  -4.16035E-10   5.15739E-12  -2.61340E-13   5.63991E-14   6.14516E-18  -3.17746E-13   2.27760E-15   5.63496E-14   5.63991E-14   4.20691E-20  -4.96074E-17
   15000   5.67447E+01  -2.31490E-08  -3.79035E-08   1.47543E-08   9.56614E-14  -2.31491E-08   2.90831E-13   6.34370E-10   6.14493E-14   6.74229E-19   6.34308E-10   6.67638E-12  -2.36111E-13   6.14493E-14   7.40166E-18  -2.97568E-13   2.60436E-15   6.13014E-14   6.14493E-14   5.31707E-20  -1.48039E-16
   16000   6.05276E+01  -2.70562E-08  -4.40272E-08   1.69707E-08   1.02039E-13  -2.70563E-08   2.97204E-13   3.12781E-10   7.33615E-14   7.05711E-19   3.12707E-10   8.29705E-12  -1.97618E-13   7.33615E-14   9.97714E-18  -2.70990E-13   3.09994E-15   7.35599E-14   7.33615E-14   7.05231E-20   1.98296E-16
   17000   6.43106E+01  -2.87514E-08  -4.58598E-08   1.71080E-08   1.08416E-13  -2.87515E-08   3.02844E-13  -4.03186E-10   8.44522E-14   7.37925E-19  -4.03270E-10   1.03481E-11  -4.11768E-13   8.44522E-14   1.23539E-17  -4.96232E-13   3.71345E-15   8.42379E-14   8.44522E-14   8.41139E-20  -2.14352E-16
   18000   6.80936E+01  -3.09964E-08  -4.87919E-08   1.77951E-08   1.14794E-13  -3.09965E-08   3.08045E-13  -1.37178E-10   1.00567E-13   7.84516E-19  -1.37279E-10   1.31724E-11  -3.88962E-13   1.00567E-13   1.55461E-17  -4.89545E-13   4.57974E-15   1.00215E-13   1.00567E-13   1.12716E-19  -3.52434E-16
   19000   7.18766E+01  -3.39599E-08  -5.33585E-08   1.93982E-08   1.21171E-13  -3.39600E-08   3.12952E-13   1.32139E-09   1.22658E-13   8.20084E-19   1.32127E-09   1.71313E-11  -8.33340E-13   1.22658E-13   2.10115E-17  -9.56019E-13   5.71149E-15   1.21883E-13   1.22658E-13   1.30200E-19  -7.74877E-16
   20000   7.56596E+01  -3.66033E-08  -5.68144E-08   2.02108E-08   1.27548E-13  -3.66034E-08   3.16585E-13  -2.44528E-09   1.47999E-13   8.62206E-19  -2.44543E-09   2.23125E-11  -1.00491E-12   1.47999E-13   2.58264E-17  -1.15294E-12   6.80681E-15   1.47007E-13   1.47999E-13   1.62549E-19  -9.91948E-16
   21000   7.94425E+01  -3.72127E-08  -5.69615E-08   1.97485E-08   1.33926E-13  -3.72129E-08   3.17911E-13   1.99364E-09   1.84495E-13   8.92391E-19   1.99345E-09   2.82667E-11  -9.47308E-13   1.84495E-13   3.27376E-17  -1.13184E-12   8.37628E-15   1.82280E-13   1.84495E-13   2.06443E-19  -2.21481E-15
   22000   8.32255E+01  -4.22815E-08  -6.54951E-08   2.32133E-08   1.40303E-13  -4.22816E-08   3.20855E-13   1.07985E-10   2.28557E-13   9.50253E-19   1.07757E-10   3.56541E-11  -1.28550E-12   2.28557E-13   4.13593E-17  -1.51410E-12   1.03378E-14   2.27657E-13   2.28557E-13   2.70772E-19  -9.00529E-16
   23000   8.70085E+01  -4.26826E-08  -6.44641E-08   2.17812E-08   1.46681E-13  -4.26828E-08   3.23506E-13   1.98907E-10   2.85567E-13   9.85628E-19   1.98621E-10   4.54623E-11  -1.68020E-12   2.85567E-13   5.33349E-17  -1.96582E-12   1.18485E-14   2.83610E-13   2.85567E-13   3.50720E-19  -1.95691E-15
   24000   9.07915E+01  -4.52300E-08  -6.92466E-08   2.40163E-08   1.53058E-13  -4.52302E-08   3.26931E-13  -9.28938E-10   3.59000E-13   1.07610E-18  -9.29297E-10   5.86045E-11  -2.49103E-12   3.59000E-13   6.86072E-17  -2.85009E-12   1.44958E-14   3.56809E-13   3.59000E-13   4.30851E-19  -2.19106E-15
   25000   9.45744E+01  -4.39662E-08  -6.53056E-08   2.13391E-08   1.59436E-13  -4.39664E-08   3.29405E-13  -1.46188E-09   4.51269E-13   1.13869E-18  -1.46233E-09   7.53871E-11  -2.97626E-12   4.51269E-13   8.73758E-17  -3.42762E-12   1.83404E-14   4.52466E-13   4.51269E-13   5.44131E-19   1.19707E-15
   26000   9.83574E+01  -5.20715E-08  -7.99242E-08   2.78524E-08   1.65813E-13  -5.20716E-08   3.32552E-13   6.94853E-09   5.72338E-13   1.24879E-18   6.94796E-09   9.60533E-11  -3.54803E-12   5.72338E-13   1.12460E-16  -4.12048E-12   2.27299E-14   5.70491E-13   5.72338E-13   6.90432E-19  -1.84692E-15
   27000   1.02140E+02  -5.86801E-08  -9.05857E-08   3.19053E-08   1.72191E-13  -5.86803E-08   3.37426E-13  -4.30453E-09   7.22428E-13   1.29605E-18  -4.30525E-09   1.21544E-10  -4.58300E-12   7.22428E-13   1.43862E-16  -5.30557E-12   2.84778E-14   7.18041E-13   7.22428E-13   9.25025E-19  -4.38860E-15
   28000   1.05923E+02  -5.21682E-08  -7.68488E-08   2.46802E-08   1.78568E-13  -5.21684E-08   3.45036E-13  -2.54704E-09   9.18728E-13   1.51391E-18  -2.54796E-09   1.54581E-10  -6.17258E-12   9.18728E-13   1.81850E-16  -7.09149E-12   3.62586E-14   9.14744E-13   9.18728E-13   1.16145E-18  -3.98431E-15
   29000   1.09706E+02  -5.76996E-08  -8.58522E-08   2.81522E-08   1.84945E-13  -5.76998E-08   3.54711E-13   2.35539E-09   1.16354E-12   1.63811E-18   2.35423E-09   1.98350E-10  -8.22379E-12   1.16354E-12   2.30801E-16  -9.38755E-12   4.97619E-14   1.16039E-12   1.16354E-12   1.45946E-18  -3.15052E-15
   30000   1.13489E+02  -5.36192E-08  -7.51786E-08   2.15590E-08   1.91323E-13  -5.36194E-08   3.65443E-13  -5.01436E-09   1.47881E-12   1.90750E-18  -5.01584E-09   2.54057E-10  -9.64522E-12   1.47881E-12   2.93645E-16  -1.11243E-11   6.68671E-14   1.46844E-12   1.47881E-12   1.86899E-18  -1.03695E-14
   31000   1.17272E+02  -5.59641E-08  -7.81130E-08   2.21485E-08   1.97701E-13  -5.59643E-08   3.80873E-13   1.99096E-09   1.88311E-12   2.13514E-18   1.98908E-09   3.23617E-10  -1.23016E-11   1.88311E-12   3.78485E-16  -1.41851E-11   8.63701E-14   1.87655E-12   1.88311E-12   2.34614E-18  -6.56197E-15
   32000   1.21055E+02  -5.78964E-08  -8.13735E-08   2.34767E-08   2.04080E-13  -5.78966E-08   3.95080E-13  -3.63765E-09   2.38475E-12   2.37578E-18  -3.64003E-09   4.11496E-10  -1.59793E-11   2.38475E-12   4.83946E-16  -1.83646E-11   1.06412E-13   2.36940E-12   2.38475E-12   3.12120E-18  -1.53524E-14
   33000   1.24838E+02  -5.84775E-08  -8.19064E-08   2.34284E-08   2.10459E-13  -5.84777E-08   4.13902E-13   3.01367E-09   3.04468E-12   2.92337E-18   3.01063E-09   5.26108E-10  -2.08336E-11   3.04468E-12   6.19509E-16  -2.38789E-11   1.33211E-13   3.03729E-12   3.04468E-12   3.88869E-18  -7.39046E-15
   34000   1.28621E+02  -5.53503E-08  -7.64112E-08   2.10605E-08   2.16842E-13  -5.53505E-08   4.42498E-13  -1.93867E-09   3.89169E-12   3.25678E-18  -1.94256E-09   6.76153E-10  -2.75231E-11   3.89169E-12   7.90770E-16  -3.14156E-11   1.72408E-13   3.86605E-12   3.89169E-12   4.85298E-18  -2.56404E-14
   35000   1.32404E+02  -6.27813E-08  -8.28954E-08   2.01136E-08   2.23226E-13  -6.27815E-08   4.77476E-13  -2.87760E-09   4.97152E-12   4.07425E-18  -2.88257E-09   8.66464E-10  -3.39062E-11   4.97152E-12   1.01366E-15  -3.88788E-11   2.37747E-13   4.91483E-12   4.97152E-12   6.41303E-18  -5.66880E-14
   36000   1.36187E+02  -5.56600E-08  -6.96726E-08   1.40121E-08   2.29610E-13  -5.56602E-08   5.31740E-13  -3.38181E-09   6.36016E-12   4.93327E-18  -3.38817E-09   1.10655E-09  -4.35493E-11   6.36016E-12   1.29372E-15  -4.99107E-11   3.52794E-13   6.34805E-12   6.36016E-12   8.10726E-18  -1.21202E-14
   37000   1.39970E+02  -5.12341E-08  -5.93875E-08   8.15284E-09   2.35993E-13  -5.12344E-08   5.63403E-13   9.62553E-10   8.10675E-12   5.86886E-18   9.54446E-10   1.40437E-09  -5.19028E-11   8.10675E-12   1.64120E-15  -6.00112E-11   4.45713E-13   8.07259E-12   8.10675E-12   1.03079E-17  -3.41677E-14
   38000   1.43753E+02  -6.49269E-08  -7.94528E-08   1.45253E-08   2.42376E-13  -6.49272E-08   6.20020E-13   1.07247E-08   1.03718E-11   7.57581E-18   1.07143E-08   1.78989E-09  -7.07852E-11   1.03718E-11   2.10242E-15  -8.11591E-11   5.06869E-13   1.03469E-11   1.03718E-11   1.30367E-17  -2.48916E-14
   39000   1.47536E+02  -8.83661E-08  -1.26651E-07   3.82837E-08   2.48759E-13  -8.83664E-08   6.84150E-13   1.08584E-08   1.32242E-11   9.00035E-18   1.08452E-08   2.28659E-09  -8.88360E-11   1.32242E-11   2.66956E-15  -1.02063E-10   5.71301E-13   1.32201E-11   1.32242E-11   1.70776E-17  -4.07263E-15
   40000   1.51319E+02  -8.60778E-08  -1.13870E-07   2.77918E-08   2.55135E-13  -8.60780E-08   8.17774E-13  -1.25935E-08   1.68923E-11   1.06225E-17  -1.26104E-08   2.90979E-09  -1.12003E-10   1.68923E-11   3.41226E-15  -1.28899E-10   7.03184E-13   1.68026E-11   1.68923E-11   2.12464E-17  -8.98092E-14
   41000   1.55102E+02  -7.85301E-08  -9.71226E-08   1.85915E-08   2.61512E-13  -7.85304E-08   9.56440E-13   4.36530E-09   2.15678E-11   1.42047E-17   4.34374E-09   3.71613E-09  -1.44312E-10   2.15678E-11   4.34999E-15  -1.65884E-10   9.16837E-13   2.14121E-11   2.15678E-11   2.82825E-17  -1.55723E-13
   42000   1.58885E+02  -1.04663E-07  -1.45290E-07   4.06258E-08   2.67888E-13  -1.04663E-07   1.21772E-12   2.01543E-08   2.73890E-11   1.68136E-17   2.01269E-08   4.73443E-09  -1.82903E-10   2.73890E-11   5.52645E-15  -2.10298E-10   1.17163E-12   2.73899E-11   2.73890E-11   3.39453E-17   9.01498E-16
   43000   1.62668E+02  -8.46150E-08  -1.03962E-07   1.93455E-08   2.74265E-13  -8.46153E-08   1.37511E-12  -5.46520E-08   3.50747E-11   2.10863E-17  -5.46870E-08   6.04085E-09  -2.38370E-10   3.50747E-11   7.08111E-15  -2.73452E-10   1.51291E-12   3.51557E-11   3.50747E-11   4.65783E-17   8.09217E-14
   44000   1.66451E+02  -6.01622E-09   5.20985E-08  -5.81164E-08   2.80641E-13  -6.01650E-09   1.67345E-12   3.36809E-08   4.47535E-11   2.76690E-17   3.36361E-08   7.72311E-09  -3.01331E-10   4.47535E-11   9.01616E-15  -3.46094E-10   1.83990E-12   4.44452E-11   4.47535E-11   5.41636E-17  -3.08344E-13
   45000   1.70234E+02  -5.29194E-08  -5.73615E-08   4.43998E-09   2.87016E-13  -5.29197E-08   2.06535E-12  -2.67633E-09   5.71818E-11   3.48562E-17  -2.73351E-09   9.89314E-09  -3.93662E-10   5.71818E-11   1.16044E-14  -4.50856E-10   2.34984E-12   5.70226E-11   5.71818E-11   7.18985E-17  -1.59240E-13
   46000   1.74017E+02  -6.53268E-08  -7.89740E-08   1.36448E-08   2.93390E-13  -6.53271E-08   2.45314E-12   2.56151E-08   7.30146E-11   4.49208E-17   2.55421E-08   1.26619E-08  -4.99887E-10   7.30146E-11   1.47638E-14  -5.72916E-10   2.83895E-12   7.27757E-11   7.30146E-11   8.98273E-17  -2.38959E-13
   47000   1.77800E+02  -1.34683E-07  -2.06370E-07   7.16841E-08   2.99763E-13  -1.34683E-07   3.42055E-12   1.08173E-08   9.35173E-11   5.93004E-17   1.07237E-08   1.61728E-08  -6.26108E-10   9.35173E-11   1.89198E-14  -7.19645E-10   3.89601E-12   9.32528E-11   9.35173E-11   1.16052E-16  -2.64638E-13
   48000   1.81583E+02  -1.66092E-07  -2.69305E-07   1.03209E-07   3.06138E-13  -1.66092E-07   4.50704E-12   2.35337E-08   1.19255E-10   7.70785E-17   2.34144E-08   2.06678E-08  -8.13375E-10   1.19255E-10   2.41798E-14  -9.32655E-10   5.16274E-12   1.18167E-10   1.19255E-10   1.49805E-16  -1.08831E-12
   49000   1.85366E+02  -2.04815E-07  -3.35959E-07   1.31137E-07   3.12515E-13  -2.04816E-07   5.85722E-12  -2.68932E-08   1.52343E-10   9.54200E-17  -2.70455E-08   2.63336E-08  -9.95645E-10   1.52343E-10   3.08220E-14  -1.14802E-09   6.71834E-12   1.51875E-10   1.52343E-10   1.89566E-16  -4.67613E-13
   50000   1.89149E+02  -6.56226E-08  -9.66661E-08   3.10373E-08   3.18892E-13  -6.56229E-08   6.18622E-12  -4.32328E-08   1.95287E-10   1.23245E-16  -4.34281E-08   3.36185E-08  -1.33629E-09   1.95287E-10   3.94915E-14  -1.53162E-09   8.37508E-12   1.96076E-10   1.95287E-10   2.38211E-16   7.89089E-13
   51000   1.92932E+02   2.82431E-08   8.73184E-08  -5.90836E-08   3.25268E-13   2.82427E-08   8.29195E-12  -4.10771E-08   2.48778E-10   1.56322E-16  -4.13259E-08   4.29335E-08  -1.68953E-09   2.48778E-10   5.01438E-14  -1.93836E-09   9.29587E-12   2.49014E-10   2.48778E-10   3.16953E-16   2.35316E-13
   52000   1.96715E+02  -1.18924E-07  -1.93592E-07   7.46588E-08   3.31640E-13  -1.18925E-07   9.22243E-12   1.26735E-07   3.17764E-10   1.77757E-16   1.26417E-07   5.48118E-08  -2.12481E-09   3.17764E-10   6.43890E-14  -2.44264E-09   1.26415E-11   3.16142E-10   3.17764E-10   4.21347E-16  -1.62301E-12
   53000   2.00498E+02  -3.88391E-08  -3.66506E-08  -2.20072E-09   3.38011E-13  -3.88395E-08   1.21444E-11  -1.23994E-07   4.06188E-10   2.42799E-16  -1.24400E-07   7.00426E-08  -2.77759E-09   4.06188E-10   8.20766E-14  -3.18386E-09   1.60912E-11   4.04040E-10   4.06188E-10   5.13570E-16  -2.14889E-12
   54000   2.04281E+02  -3.80153E-09   1.98881E-09  -5.80523E-09   3.44381E-13  -3.80188E-09   1.48794E-11   3.33985E-08   5.18924E-10   2.83881E-16   3.28795E-08   8.95276E-08  -3.52467E-09   5.18924E-10   1.04985E-13  -4.04370E-09   2.06721E-11   5.16923E-10   5.18924E-10   6.42144E-16  -2.00185E-12
   55000   2.08064E+02   7.05920E-08   1.60098E-07  -8.95254E-08   3.50749E-13   7.05917E-08   1.89817E-11  -1.38172E-07   6.64388E-10   3.49546E-16  -1.38836E-07   1.14404E-07  -4.50997E-09   6.64388E-10   1.34134E-13  -5.17449E-09   2.73984E-11   6.62814E-10   6.64388E-10   8.00091E-16  -1.57534E-12
   56000   2.11847E+02   1.71717E-07   3.27219E-07  -1.55529E-07   3.57127E-13   1.71716E-07   2.70198E-11   1.33389E-07   8.45929E-10   4.92544E-16   1.32543E-07   1.46364E-07  -5.79962E-09   8.45929E-10   1.71263E-13  -6.64572E-09   3.59846E-11   8.41461E-10   8.45929E-10   1.10021E-15  -4.46942E-12
   57000   2.15630E+02  -1.19267E-07  -1.67392E-07   4.80918E-08   3.63149E-13  -1.19267E-07   3.31803E-11   1.14213E-07   1.08258E-09   6.27216E-16   1.13131E-07   1.87150E-07  -7.23603E-09   1.08258E-09   2.18460E-13  -8.31884E-09   4.87784E-11   1.08065E-09   1.08258E-09   1.35475E-15  -1.93517E-12
   58000   2.19413E+02   3.04548E-08   7.43894E-08  -4.39734E-08   3.63504E-13   3.04544E-08   3.88202E-11  -3.01775E-07   1.38707E-09   8.27210E-16  -3.03162E-07   2.39367E-07  -9.55285E-09   1.38707E-09   2.79868E-13  -1.09402E-08   6.21427E-11   1.37238E-09   1.38707E-09   1.79308E-15  -1.46980E-11
   59000   2.23196E+02   2.73213E-07   5.32762E-07  -2.59594E-07   3.63859E-13   2.73213E-07   4.51653E-11   2.67085E-07   1.76522E-09   1.05645E-15   2.65320E-07   3.05818E-07  -1.19814E-08   1.76522E-09   3.55285E-13  -1.37470E-08   7.53593E-11   1.75372E-09   1.76522E-09   2.20480E-15  -1.14991E-11
   60000   2.26979E+02  -2.45024E-07  -4.88596E-07   2.43515E-07   3.70228E-13  -2.45025E-07   5.74598E-11  -1.31809E-07   2.26365E-09   1.25037E-15  -1.34073E-07   3.89887E-07  -1.48741E-08   2.26365E-09   4.56298E-13  -1.71382E-08   9.82953E-11   2.26296E-09   2.26365E-09   2.86871E-15  -6.93575E-13
   61000   2.30762E+02   3.34662E-07   7.32614E-07  -3.98026E-07   3.76596E-13   3.34662E-07   7.40421E-11   4.78931E-08   2.89027E-09   1.61614E-15   4.50029E-08   4.97677E-07  -1.97942E-08   2.89027E-09   5.81349E-13  -2.26850E-08   1.23289E-10   2.87693E-09   2.89027E-09   3.71458E-15  -1.33384E-11
   62000   2.34545E+02  -1.44608E-07  -1.40454E-07  -4.24354E-09   3.82969E-13  -1.44608E-07   8.97091E-11  -2.79557E-08   3.69245E-09   2.14067E-15  -3.16481E-08   6.35861E-07  -2.42813E-08   3.69245E-09   7.44206E-13  -2.79745E-08   1.65538E-10   3.64262E-09   3.69245E-09   4.76812E-15  -4.98319E-11
   63000   2.38328E+02   4.39150E-07   9.67666E-07  -5.28648E-07   3.89342E-13   4.39149E-07   1.31796E-10  -2.33685E-07   4.72668E-09   2.79696E-15  -2.38412E-07   8.12658E-07  -3.24106E-08   4.72668E-09   9.52435E-13  -3.71382E-08   2.11095E-10   4.65441E-09   4.72668E-09   5.83953E-15  -7.22792E-11
   64000   2.42111E+02   5.30291E-07   1.11196E-06  -5.81841E-07   3.95712E-13   5.30291E-07   1.76246E-10   2.24919E-07   6.00340E-09   3.42161E-15   2.18915E-07   1.03748E-06  -4.04971E-08   6.00340E-09   1.21289E-12  -4.65017E-08   2.81429E-10   5.99808E-09   6.00340E-09   7.37823E-15  -5.32878E-12
   65000   2.45894E+02   1.02637E-07   4.37853E-07  -3.35435E-07   4.02085E-13   1.02637E-07   2.19623E-10  -5.34753E-08   7.68788E-09   4.37798E-15  -6.11631E-08   1.32466E-06  -5.16449E-08   7.68788E-09   1.55114E-12  -5.93343E-08   3.60474E-10   7.67640E-09   7.68788E-09   9.45454E-15  -1.14807E-11
   66000   2.49677E+02  -6.16860E-08   1.01915E-07  -1.63881E-07   4.08463E-13  -6.16865E-08   2.80041E-10   2.91184E-07   9.79160E-09   5.68633E-15   2.81393E-07   1.69325E-06  -6.62866E-08   9.79160E-09   1.97188E-12  -7.60802E-08   4.50686E-10   9.74961E-09   9.79160E-09   1.24178E-14  -4.20011E-11
   67000   2.53460E+02  -3.05634E-07  -5.55397E-07   2.49382E-07   4.14838E-13  -3.05634E-07   3.80982E-10  -3.30408E-07   1.25449E-08   6.91916E-15  -3.42953E-07   2.16332E-06  -8.50269E-08   1.25449E-08   2.53765E-12  -9.75743E-08   5.49359E-10   1.25321E-08   1.25449E-08   1.62326E-14  -1.27560E-11
   68000   2.57242E+02   9.41600E-07   1.58574E-06  -6.44661E-07   4.21033E-13   9.41600E-07   5.16489E-10  -1.44959E-07   1.60569E-08   9.42726E-15  -1.61016E-07   2.77004E-06  -1.09965E-07   1.60569E-08   3.25023E-12  -1.26026E-07   6.76365E-10   1.59940E-08   1.60569E-08   2.04181E-14  -6.29704E-11
   69000   2.61025E+02  -1.04487E-07  -2.08847E-07   1.03645E-07   4.27210E-13  -1.04487E-07   7.15128E-10   9.37816E-07   2.04419E-08   1.17676E-14   9.17374E-07   3.55210E-06  -1.42285E-07   2.04419E-08   4.14804E-12  -1.62732E-07   8.45181E-10   2.05059E-08   2.04419E-08   2.68434E-14   6.40349E-11
   70000   2.64808E+02  -1.32268E-06  -2.59587E-06   1.27229E-06   4.33390E-13  -1.32268E-06   9.03984E-10  -4.01775E-07   2.62946E-08   1.52715E-14  -4.28070E-07   4.54988E-06  -1.75328E-07   2.62946E-08   5.32341E-12  -2.01628E-07   1.08467E-09   2.63291E-08   2.62946E-08   3.33309E-14   3.44921E-11
   71000   2.68591E+02   2.13905E-07   1.19778E-07   9.29950E-08   4.39566E-13   2.13904E-07   1.13228E-09  -3.43889E-07   3.36649E-08   1.98132E-14  -3.77554E-07   5.82671E-06  -2.34773E-07   3.36649E-08   6.81924E-12  -2.68445E-07   1.45252E-09   3.38679E-08   3.36649E-08   4.41933E-14   2.03024E-10
   72000   2.72374E+02  -4.51164E-07  -1.13159E-06   6.79045E-07   4.45728E-13  -4.51164E-07   1.38174E-09   1.90741E-07   4.31644E-08   2.40059E-14   1.47576E-07   7.48400E-06  -2.94520E-07   4.31644E-08   8.73500E-12  -3.37694E-07   1.84287E-09   4.29651E-08   4.31644E-08   5.48798E-14  -1.99366E-10
   73000   2.76157E+02  -9.18085E-08  -6.17989E-07   5.24271E-07   4.52064E-13  -9.18090E-08   1.90897E-09   9.32377E-07   5.55868E-08   3.19681E-14   8.76790E-07   9.57771E-06  -3.68618E-07   5.55868E-08   1.12283E-11  -4.24216E-07   2.47706E-09   5.54078E-08   5.55868E-08   7.12567E-14  -1.79084E-10
   74000   2.79940E+02  -3.22690E-06  -6.72603E-06   3.49662E-06   4.58394E-13  -3.22690E-06   2.51048E-09   7.65773E-07   7.06830E-08   4.34819E-14   6.95090E-07   1.22542E-05  -4.98196E-07   7.06830E-08   1.43632E-11  -5.68893E-07   3.15917E-09   7.00877E-08   7.06830E-08   9.02765E-14  -5.95314E-10
   75000   2.83723E+02  -1.05914E-07  -3.27668E-07   2.18493E-07   4.64704E-13  -1.05915E-07   3.26080E-09  -2.19051E-06   9.06145E-08   5.45362E-14  -2.28113E-06   1.56551E-05  -6.03479E-07   9.06145E-08   1.83187E-11  -6.94112E-07   3.88981E-09   9.01300E-08   9.06145E-08   1.15773E-13  -4.84616E-10
   76000   2.87506E+02  -4.86363E-07  -1.05193E-06   5.61117E-07   4.71716E-13  -4.86364E-07   4.44587E-09   1.96841E-06   1.16144E-07   6.81156E-14   1.85226E-06   1.99791E-05  -7.88312E-07   1.16144E-07   2.34409E-11  -9.04480E-07   5.37565E-09   1.15453E-07   1.16144E-07   1.49153E-13  -6.91884E-10
   77000   2.91289E+02  -2.50016E-06  -5.35703E-06   2.85048E-06   4.78724E-13  -2.50016E-06   6.39967E-09   3.91870E-07   1.47967E-07   9.23469E-14   2.43903E-07   2.56238E-05  -1.02212E-06   1.47967E-07   2.98827E-11  -1.17012E-06   7.75526E-09   1.47116E-07   1.47967E-07   2.00795E-13  -8.50985E-10
   78000   2.95072E+02  -3.96066E-06  -7.19000E-06   3.22087E-06   4.85719E-13  -3.96066E-06   8.47050E-09   3.57608E-07   1.88992E-07   1.06934E-13   1.68616E-07   3.26330E-05  -1.23581E-06   1.88992E-07   3.82341E-11  -1.42484E-06   1.01227E-08   1.87615E-07   1.88992E-07   2.46954E-13  -1.37745E-09
   79000   2.98855E+02  -2.21473E-06  -3.86866E-06   1.64157E-06   4.92704E-13  -2.21473E-06   1.23619E-08  -1.20880E-06   2.42033E-07   1.42228E-13  -1.45084E-06   4.16235E-05  -1.64012E-06   2.42033E-07   4.88773E-11  -1.88220E-06   1.30748E-08   2.42504E-07   2.42033E-07   3.03317E-13   4.69828E-10
   80000   3.02638E+02  -3.52340E-06  -6.91712E-06   3.37558E-06   4.99309E-13  -3.52340E-06   1.81379E-08   3.13339E-06   3.07255E-07   1.86348E-13   2.82614E-06   5.31345E-05  -2.09433E-06   3.07255E-07   6.21752E-11  -2.40165E-06   1.65550E-08   3.05485E-07   3.07255E-07   3.84384E-13  -1.76958E-09
   81000   3.06421E+02  -1.50614E-06  -2.73384E-06   1.20254E-06   5.05872E-13  -1.50614E-06   2.51596E-08  -2.15708E-06   3.94732E-07   2.42090E-13  -2.55181E-06   6.79276E-05  -2.61952E-06   3.94732E-07   7.95629E-11  -3.01433E-06   2.26136E-08   3.93119E-07   3.94732E-07   5.08905E-13  -1.61307E-09
   82000   3.10204E+02  -7.42063E-06  -1.29532E-05   5.49325E-06   5.12411E-13  -7.42063E-06   3.92718E-08   3.76180E-06   5.01835E-07   3.15358E-13   3.25996E-06   8.65936E-05  -3.39802E-06   5.01835E-07   1.01144E-10  -3.89995E-06   3.42042E-08   4.93477E-07   5.01835E-07   6.75588E-13  -8.35900E-09
   83000   3.13987E+02  -7.45948E-06  -1.44525E-05   6.93680E-06   5.18757E-13  -7.45948E-06   5.61970E-08   2.19249E-06   6.37643E-07   3.81093E-13   1.55484E-06   1.10312E-04  -4.27959E-06   6.37643E-07   1.28858E-10  -4.91737E-06   5.03545E-08   6.32806E-07   6.37643E-07   8.42282E-13  -4.83705E-09
   84000   3.17770E+02  -1.31334E-05  -2.58311E-05   1.26125E-05   5.25101E-13  -1.31334E-05   8.52189E-08   3.27996E-06   8.14991E-07   5.13637E-13   2.46496E-06   1.40472E-04  -5.40420E-06   8.14991E-07   1.65065E-10  -6.21936E-06   7.02597E-08   8.06092E-07   8.14991E-07   1.06270E-12  -8.90041E-09
   85000   3.21553E+02  -1.76003E-05  -3.49365E-05   1.72088E-05   5.31432E-13  -1.76003E-05   1.27397E-07   7.35031E-06   1.03927E-06   6.72259E-13   6.31104E-06   1.79185E-04  -7.07001E-06   1.03927E-06   2.09251E-10  -8.10949E-06   9.13453E-08   1.03646E-06   1.03927E-06   1.33078E-12  -2.80900E-09
   86000   3.25336E+02  -1.95178E-05  -3.64768E-05   1.67564E-05   5.37729E-13  -1.95178E-05   2.02520E-07  -4.15594E-06   1.32553E-06   8.78734E-13  -5.48147E-06   2.28529E-04  -8.66373E-06   1.32553E-06   2.67274E-10  -9.98953E-06   1.26271E-07   1.31165E-06   1.32553E-06   1.68795E-12  -1.38796E-08
   87000   3.29119E+02  -2.16802E-05  -4.00083E-05   1.80244E-05   5.44014E-13  -2.16802E-05   3.03689E-07   7.88206E-06   1.69437E-06   1.21645E-12   6.18768E-06   2.90699E-04  -1.12205E-05   1.69437E-06   3.39326E-10  -1.29152E-05   1.88522E-07   1.66745E-06   1.69437E-06   2.36284E-12  -2.69219E-08
   88000   3.32902E+02  -3.09139E-05  -6.00017E-05   2.85974E-05   5.50259E-13  -3.09139E-05   4.90460E-07   1.21361E-05   2.14400E-06   1.56670E-12   9.99214E-06   3.68734E-04  -1.39515E-05   2.14400E-06   4.30850E-10  -1.60959E-05   2.81421E-07   2.10959E-06   2.14400E-06   3.00419E-12  -3.44181E-08
   89000   3.36685E+02  -5.44106E-05  -1.03732E-04   4.85398E-05   5.56312E-13  -5.44106E-05   7.81642E-07   1.22988E-06   2.72956E-06   2.06163E-12  -1.49969E-06   4.68931E-04  -1.80021E-05   2.72956E-06   5.50972E-10  -2.07322E-05   4.29523E-07   2.65153E-06   2.72956E-06   3.73150E-12  -7.80401E-08
   90000   3.40468E+02  -4.80611E-05  -8.97295E-05   4.04381E-05   5.62343E-13  -4.80611E-05   1.23030E-06   7.36630E-06   3.46405E-06   2.89390E-12   3.90224E-06   5.97775E-04  -2.38033E-05   3.46405E-06   6.97673E-10  -2.72680E-05   6.59714E-07   3.38607E-06   3.46405E-06   4.93813E-12  -7.79862E-08
   91000   3.44251E+02  -7.85739E-05  -1.53975E-04   7.34653E-05   5.45510E-13  -7.85739E-05   1.93537E-06   1.64167E-05   4.40866E-06   3.68230E-12   1.20080E-05   7.61111E-04  -2.88663E-05   4.40866E-06   8.89576E-10  -3.32758E-05   9.92177E-07   4.32758E-06   4.40866E-06   6.36856E-12  -8.10836E-08
   92000   3.48034E+02  -7.33805E-05  -1.43738E-04   6.73373E-05   5.28651E-13  -7.33805E-05   3.02033E-06  -6.13988E-06   5.60686E-06   5.23952E-12  -1.17467E-05   9.67101E-04  -3.71406E-05   5.60686E-06   1.13484E-09  -4.27486E-05   1.51738E-06   5.40673E-06   5.60686E-06   8.25325E-12  -2.00139E-07
   93000   3.51817E+02  -8.88213E-05  -1.82436E-04   8.87500E-05   5.11063E-13  -8.88213E-05   4.86508E-06   3.09701E-05   7.12091E-06   7.20857E-12   2.38492E-05   1.22697E-03  -4.63369E-05   7.12091E-06   1.43271E-09  -5.34593E-05   2.30761E-06   6.80003E-06   7.12091E-06   1.13048E-11  -3.20887E-07
   94000   3.55600E+02  -1.20708E-04  -2.49777E-04   1.21363E-04   4.87444E-13  -1.20708E-04   7.70558E-06   1.66698E-05   9.03257E-06   9.84973E-12   7.63717E-06   1.55206E-03  -5.80607E-05   9.03257E-06   1.81834E-09  -6.70951E-05   3.59730E-06   8.58093E-06   9.03257E-06   1.47472E-11  -4.51658E-07
   95000   3.59383E+02  -1.27836E-04  -2.70174E-04   1.30193E-04   4.86493E-13  -1.27836E-04   1.21452E-05   1.96834E-05   1.14371E-05   1.40424E-11   8.24624E-06   1.95868E-03  -7.38948E-05   1.14371E-05   2.30015E-09  -8.53343E-05   5.76508E-06   1.06082E-05   1.14371E-05   2.01909E-11  -8.28974E-07
   96000   3.63166E+02  -1.75601E-04  -3.73530E-04   1.78813E-04   4.85349E-13  -1.75601E-04   1.91153E-05   5.02711E-05   1.44256E-05   2.15957E-11   3.58455E-05   2.47157E-03  -9.12862E-05   1.44256E-05   2.89564E-09  -1.05715E-04   9.03047E-06   1.33027E-05   1.44256E-05   2.73785E-11  -1.12297E-06
   97000   3.66949E+02  -2.03869E-04  -4.60274E-04   2.26547E-04   4.84188E-13  -2.03869E-04   2.98578E-05   3.46630E-05   1.81405E-05   3.11277E-11   1.65225E-05   3.10055E-03  -1.11909E-04   1.81405E-05   3.62283E-09  -1.30053E-04   1.37397E-05   1.63713E-05   1.81405E-05   3.53109E-11  -1.76922E-06
   98000   3.70732E+02  -2.22567E-04  -5.39433E-04   2.70585E-04   4.76463E-13  -2.22567E-04   4.62817E-05   3.91296E-05   2.28010E-05   4.61544E-11   1.63286E-05   3.88062E-03  -1.38670E-04   2.28010E-05   4.55411E-09  -1.61475E-04   2.07305E-05   2.00987E-05   2.28010E-05   4.77054E-11  -2.70228E-06
   99000   3.74515E+02  -2.28575E-04  -6.00863E-04   3.01812E-04   4.65891E-13  -2.28575E-04   7.04751E-05   6.68324E-05   2.85036E-05   6.69664E-11   3.83287E-05   4.82979E-03  -1.66128E-04   2.85036E-05   5.66154E-09  -1.94638E-04   3.20070E-05   2.40130E-05   2.85036E-05   6.74041E-11  -4.49064E-06
  100000   3.78298E+02  -3.19180E-04  -8.55318E-04   4.28102E-04   4.54414E-13  -3.19180E-04   1.08036E-04   1.00693E-04   3.55126E-05   9.85097E-11   6.51806E-05   5.99497E-03  -2.05961E-04   3.55126E-05   7.04526E-09  -2.41481E-04   4.94547E-05   2.86284E-05   3.55126E-05   9.28959E-11  -6.88434E-06
  101000   3.82081E+02  -3.82454E-04  -1.07812E-03   5.34805E-04   4.43797E-13  -3.82454E-04   1.60858E-04   7.11506E-05   4.38593E-05   1.39986E-10   2.72912E-05   7.40567E-03  -2.46500E-04   4.38593E-05   8.70030E-09  -2.90368E-04   7.38305E-05   3.47719E-05   4.38593E-05   1.31956E-10  -9.08749E-06
  102000   3.85864E+02  -3.57095E-04  -1.20462E-03   6.06963E-04   4.33184E-13  -3.57095E-04   2.40562E-04   7.34833E-05   5.40603E-05   1.99805E-10   1.94228E-05   9.05109E-03  -2.79206E-04   5.40603E-05   1.06419E-08  -3.33277E-04   1.08248E-04   4.10847E-05   5.40603E-05   1.83968E-10  -1.29758E-05
  103000   3.89647E+02  -3.87482E-04  -1.48895E-03   7.55851E-04   4.28385E-13  -3.87482E-04   3.45620E-04   1.38040E-04   6.61495E-05   2.93035E-10   7.18900E-05   1.09899E-02  -3.37669E-04   6.61495E-05   1.29444E-08  -4.03832E-04   1.53572E-04   4.65580E-05   6.61495E-05   2.37797E-10  -1.95918E-05
  104000   3.93430E+02  -4.34186E-04  -1.87177E-03   9.40967E-04   4.17545E-13  -4.34186E-04   4.96613E-04   1.02865E-04   8.02557E-05   4.13201E-10   2.26090E-05   1.32654E-02  -3.89811E-04   8.02557E-05   1.55006E-08  -4.70082E-04   2.20692E-04   5.25004E-05   8.02557E-05   3.13970E-10  -2.77556E-05
  105000   3.97213E+02  -3.99147E-04  -2.21965E-03   1.12926E-03   4.06867E-13  -3.99147E-04   6.91243E-04   1.95110E-04   9.66962E-05   5.73858E-10   9.84134E-05   1.57918E-02  -4.24057E-04   9.66962E-05   1.85172E-08  -5.20772E-04   3.06870E-04   5.84888E-05   9.66962E-05   4.39387E-10  -3.82078E-05
  106000   4.00996E+02  -4.12582E-04  -2.78195E-03   1.43064E-03   4.01490E-13  -4.12582E-04   9.38726E-04   1.32302E-04   1.15357E-04   7.87199E-10   1.69446E-05   1.86570E-02  -4.81047E-04   1.15357E-04   2.19047E-08  -5.96425E-04   4.19001E-04   6.38270E-05   1.15357E-04   5.83212E-10  -5.15303E-05
  107000   4.04779E+02  -1.94628E-04  -3.04762E-03   1.60110E-03   3.88829E-13  -1.94628E-04   1.25189E-03   1.72401E-04   1.36184E-04   1.09186E-09   3.62156E-05   2.18181E-02  -5.41284E-04   1.36184E-04   2.54756E-08  -6.77494E-04   5.58274E-04   6.64289E-05   1.36184E-04   7.67122E-10  -6.97564E-05
  108000   4.08562E+02  -1.49100E-04  -3.83861E-03   2.03487E-03   3.75807E-13  -1.49100E-04   1.65464E-03   2.57884E-04   1.59659E-04   1.44059E-09   9.82230E-05   2.52394E-02  -5.60139E-04   1.59659E-04   2.94206E-08  -7.19828E-04   7.29619E-04   6.99798E-05   1.59659E-04   9.72863E-10  -8.96803E-05
  109000   4.12345E+02   9.08853E-05  -4.40944E-03   2.37693E-03   3.60311E-13   9.08853E-05   2.12340E-03   1.52400E-04   1.85376E-04   1.91017E-09  -3.29777E-05   2.88341E-02  -6.02806E-04   1.85376E-04   3.37119E-08  -7.88216E-04   9.22648E-04   7.15295E-05   1.85376E-04   1.23263E-09  -1.13848E-04
  110000   4.16128E+02   5.28490E-04  -4.87398E-03   2.70887E-03   3.42884E-13   5.28490E-04   2.69360E-03   1.87240E-04   2.13094E-04   2.52549E-09  -2.58563E-05   3.26575E-02  -6.30530E-04   2.13094E-04   3.81890E-08  -8.43662E-04   1.14202E-03   7.29096E-05   2.13094E-04   1.54336E-09  -1.40186E-04
  111000   4.19911E+02   9.00984E-04  -5.58486E-03   3.15304E-03   3.25627E-13   9.00984E-04   3.33281E-03   2.42958E-04   2.43118E-04   3.19692E-09  -1.62943E-07   3.66590E-02  -6.64774E-04   2.43118E-04   4.24759E-08  -9.07935E-04   1.38432E-03   6.50872E-05   2.43118E-04   1.84600E-09  -1.78033E-04
  112000   4.23693E+02   1.30199E-03  -6.55847E-03   3.79053E-03   3.04309E-13   1.30199E-03   4.06993E-03   2.96227E-04   2.73884E-04   4.03965E-09   2.23396E-05   4.06902E-02  -6.49887E-04   2.73884E-04   4.67309E-08  -9.23817E-04   1.64621E-03   7.31798E-05   2.73884E-04   2.22983E-09  -2.00706E-04
  113000   4.27476E+02   1.77465E-03  -7.40301E-03   4.35950E-03   2.81444E-13   1.77465E-03   4.81815E-03   1.62843E-04   3.04396E-04   4.92143E-09  -1.41558E-04   4.47063E-02  -6.37709E-04   3.04396E-04   5.15860E-08  -9.42156E-04   1.90096E-03   6.45072E-05   3.04396E-04   2.59485E-09  -2.39892E-04
  114000   4.31259E+02   2.46192E-03  -8.19007E-03   4.95749E-03   2.61107E-13   2.46192E-03   5.69450E-03   3.29932E-04   3.34732E-04   5.91205E-09  -4.80609E-06   4.85048E-02  -6.94532E-04   3.34732E-04   5.53607E-08  -1.02932E-03   2.19284E-03   5.39990E-05   3.34732E-04   3.07489E-09  -2.80736E-04
  115000   4.35042E+02   2.85536E-03  -9.51221E-03   5.83375E-03   2.40993E-13   2.85536E-03   6.53382E-03   3.94640E-04   3.66266E-04   6.97735E-09   2.83668E-05   5.22896E-02  -5.79015E-04   3.66266E-04   5.95378E-08  -9.45340E-04   2.44713E-03   5.93287E-05   3.66266E-04   3.48965E-09  -3.06941E-04
  116000   4.38825E+02   3.48440E-03  -1.05429E-02   6.65106E-03   2.24130E-13   3.48440E-03   7.37622E-03   2.20998E-04   3.95550E-04   7.96084E-09  -1.74560E-04   5.56119E-02  -5.40132E-04   3.95550E-04   6.32239E-08  -9.35745E-04   2.70381E-03   4.37488E-05   3.95550E-04   3.84881E-09  -3.51805E-04
  117000   4.42608E+02   4.18927E-03  -1.16347E-02   7.55939E-03   2.07881E-13   4.18927E-03   8.26453E-03   2.73745E-04   4.23092E-04   9.07203E-09  -1.49356E-04   5.88798E-02  -5.91668E-04   4.23092E-04   6.63960E-08  -1.01483E-03   2.98233E-03   2.25224E-05   4.23092E-04   4.43618E-09  -4.00574E-04
  118000   4.46391E+02   5.01553E-03  -1.24739E-02   8.36026E-03   1.91503E-13   5.01553E-03   9.12914E-03   3.14879E-04   4.50292E-04   1.01306E-08  -1.35423E-04   6.20239E-02  -5.23965E-04   4.50292E-04   6.96694E-08  -9.74326E-04   3.25198E-03   5.00984E-06   4.50292E-04   4.82772E-09  -4.45287E-04
  119000   4.50174E+02   5.53845E-03  -1.40543E-02   9.59011E-03   1.78490E-13   5.53845E-03   1.00026E-02   3.49315E-04   4.73382E-04   1.12803E-08  -1.24078E-04   6.47579E-02  -5.17929E-04   4.73382E-04   7.23271E-08  -9.91383E-04   3.53384E-03   3.27461E-06   4.73382E-04   5.39673E-09  -4.70113E-04
  120000   4.53957E+02   6.61700E-03  -1.45717E-02   1.03662E-02   1.65577E-13   6.61700E-03   1.08225E-02  -8.28129E-06   4.97961E-04   1.23290E-08  -5.06255E-04   6.71822E-02  -3.40994E-04   4.97961E-04   7.56760E-08  -8.39031E-04   3.78922E-03   1.76077E-06   4.97961E-04   5.62610E-09  -4.96206E-04
  121000   4.57740E+02   7.55473E-03  -1.57683E-02   1.15664E-02   1.41102E-13   7.55473E-03   1.17567E-02   4.46216E-04   5.23211E-04   1.35151E-08  -7.70087E-05   6.90030E-02  -3.97164E-04   5.23211E-04   7.71229E-08  -9.20453E-04   4.06202E-03  -1.22866E-05   5.23211E-04   6.45465E-09  -5.35504E-04
  122000   4.61523E+02   8.18698E-03  -1.70767E-02   1.28768E-02   1.20078E-13   8.18698E-03   1.23869E-02   2.39277E-04   5.40785E-04   1.43623E-08  -3.01523E-04   7.04059E-02  -6.35606E-05   5.40785E-04   7.83701E-08  -6.04424E-04   4.34189E-03  -3.72321E-05   5.40785E-04   6.98846E-09  -5.78024E-04
  123000   4.65306E+02   8.74122E-03  -1.87971E-02   1.43975E-02   1.11600E-13   8.74122E-03   1.31409E-02   2.75970E-04   5.60769E-04   1.53154E-08  -2.84814E-04   7.10105E-02  -8.92588E-05   5.60769E-04   7.92928E-08  -6.50107E-04   4.55524E-03  -5.12277E-05   5.60769E-04   7.48566E-09  -6.12004E-04
  124000   4.69089E+02   9.90615E-03  -1.90377E-02   1.52946E-02   1.09965E-13   9.90615E-03   1.36492E-02  -5.15551E-06   5.70423E-04   1.58133E-08  -5.75594E-04   7.11608E-02  -8.68101E-07   5.70423E-04   7.90596E-08  -5.71370E-04   4.68566E-03  -3.54664E-05   5.70423E-04   7.80918E-09  -6.05897E-04
  125000   4.72872E+02   1.04008E-02  -2.02540E-02   1.67205E-02   1.27066E-13   1.04008E-02   1.39343E-02   3.61662E-04   5.74690E-04   1.60196E-08  -2.13043E-04   7.07909E-02   1.11856E-04   5.74690E-04   7.90258E-08  -4.62913E-04   4.83199E-03   6.51263E-06   5.74690E-04   8.11927E-09  -5.68185E-04
  126000   4.76655E+02   1.09134E-02  -2.12596E-02   1.80762E-02   1.54409E-13   1.09134E-02   1.40968E-02   1.16546E-04   5.77948E-04   1.61814E-08  -4.61419E-04   7.01114E-02   7.63867E-05   5.77948E-04   7.92124E-08  -5.01641E-04   4.82942E-03  -1.00283E-05   5.77948E-04   8.44706E-09  -5.87985E-04
  127000   4.80438E+02   1.13851E-02  -2.20187E-02   1.93027E-02   1.87830E-13   1.13851E-02   1.41011E-02   2.58284E-04   5.71197E-04   1.59712E-08  -3.12929E-04   6.92205E-02   6.11065E-05   5.71197E-04   7.81971E-08  -5.10169E-04   4.74606E-03   1.78702E-05   5.71197E-04   8.43242E-09  -5.53335E-04
  128000   4.84221E+02   1.18578E-02  -2.29066E-02   2.05224E-02   2.30639E-13   1.18578E-02   1.42420E-02  -3.15595E-05   5.67554E-04   1.62755E-08  -5.99130E-04   6.78538E-02   3.07034E-04   5.67554E-04   7.62216E-08  -2.60596E-04   4.67154E-03   5.34990E-05   5.67554E-04   8.47414E-09  -5.14064E-04
  129000   4.88004E+02   1.21577E-02  -2.34241E-02   2.16159E-02   2.73848E-13   1.21577E-02   1.39660E-02   1.85903E-04   5.59657E-04   1.55056E-08  -3.73770E-04   6.62377E-02   3.32433E-04   5.59657E-04   7.48842E-08  -2.27299E-04   4.51165E-03   5.82638E-05   5.59657E-04   8.46551E-09  -5.01402E-04
  130000   4.91787E+02   1.18344E-02  -2.50490E-02   2.31969E-02   3.16354E-13   1.18344E-02   1.36865E-02   4.16083E-04   5.45243E-04   1.53027E-08  -1.29175E-04   6.43512E-02   3.27616E-04   5.45243E-04   7.27206E-08  -2.17700E-04   4.29492E-03   1.20986E-04   5.45243E-04   8.34981E-09  -4.24265E-04
  131000   4.95570E+02   1.19498E-02  -2.56840E-02   2.42727E-02   3.47934E-13   1.19498E-02   1.33611E-02  -3.85353E-04   5.28206E-04   1.45388E-08  -9.13573E-04   6.21634E-02   3.92916E-04   5.28206E-04   7.15960E-08  -1.35361E-04   4.05684E-03   1.09100E-04   5.28206E-04   8.18441E-09  -4.19115E-04
  132000   4.99353E+02   1.25338E-02  -2.47588E-02   2.45167E-02   3.65160E-13   1.25338E-02   1.27759E-02   3.03772E-04   5.08961E-04   1.37641E-08  -2.05203E-04   6.01250E-02   3.29675E-04   5.08961E-04   6.87184E-08  -1.79354E-04   3.80660E-03   1.15841E-04   5.08961E-04   7.81712E-09  -3.93127E-04
  133000   5.03136E+02   1.13364E-02  -2.77106E-02   2.66705E-02   3.58266E-13   1.13364E-02   1.23766E-02   4.40272E-04   4.89360E-04   1.29488E-08  -4.91012E-05   5.80067E-02   4.56866E-04   4.89360E-04   6.73393E-08  -3.25619E-05   3.62005E-03   1.02425E-04   4.89360E-04   7.70166E-09  -3.86942E-04
  134000   5.06919E+02   1.17429E-02  -2.72812E-02   2.70727E-02   3.60573E-13   1.17429E-02   1.19514E-02  -5.73293E-04   4.66251E-04   1.21468E-08  -1.03956E-03   5.58673E-02   2.92521E-04   4.66251E-04   6.46662E-08  -1.73794E-04   3.36530E-03   1.83423E-04   4.66251E-04   7.41275E-09  -2.82835E-04
  135000   5.10702E+02   1.20714E-02  -2.67444E-02   2.74824E-02   3.64433E-13   1.20714E-02   1.13334E-02   5.79847E-04   4.47208E-04   1.13875E-08   1.32627E-04   5.40348E-02   4.04271E-04   4.47208E-04   6.36145E-08  -4.30006E-05   3.02563E-03   1.97433E-04   4.47208E-04   6.77549E-09  -2.49782E-04
  136000   5.14485E+02   1.11403E-02  -2.92867E-02   2.92790E-02   4.11885E-13   1.11403E-02   1.11480E-02   2.84684E-04   4.24901E-04   1.08840E-08  -1.40228E-04   5.16522E-02   2.92901E-04   4.24901E-04   6.00483E-08  -1.32060E-04   2.82893E-03   1.50733E-04   4.24901E-04   6.26922E-09  -2.74174E-04
  137000   5.18268E+02   1.15025E-02  -2.83750E-02   2.94745E-02   4.31369E-13   1.15025E-02   1.04030E-02  -5.06991E-04   4.03597E-04   1.01970E-08  -9.10599E-04   4.92127E-02   5.63385E-04   4.03597E-04   5.79486E-08   1.59730E-04   2.59553E-03   1.88249E-04   4.03597E-04   6.12119E-09  -2.15354E-04
  138000   5.22051E+02   1.18863E-02  -2.78812E-02   2.98727E-02   4.44717E-13   1.18863E-02   9.89484E-03   3.66699E-04   3.87071E-04   9.72360E-09  -2.03817E-05   4.66284E-02   3.90135E-04   3.87071E-04   5.53751E-08   3.00908E-06   2.36974E-03   1.72091E-04   3.87071E-04   5.72396E-09  -2.14986E-04
  139000   5.25834E+02   1.10774E-02  -2.98619E-02   3.13718E-02   4.39237E-13   1.10774E-02   9.56749E-03   3.35909E-04   3.63122E-04   9.04594E-09  -2.72223E-05   4.37714E-02   4.64151E-04   3.63122E-04   5.20074E-08   1.00976E-04   2.14381E-03   1.74510E-04   3.63122E-04   5.25818E-09  -1.88618E-04
  140000   5.29617E+02   1.15239E-02  -2.89491E-02   3.15617E-02   5.12407E-13   1.15239E-02   8.91135E-03  -5.13205E-04   3.41027E-04   8.20283E-09  -8.54240E-04   4.08872E-02   4.70703E-04   3.41027E-04   4.90732E-08   1.29627E-04   1.93243E-03   2.13765E-04   3.41027E-04   5.10406E-09  -1.27267E-04
  141000   5.33400E+02   1.16505E-02  -2.88252E-02   3.20971E-02   5.86589E-13   1.16505E-02   8.37867E-03   5.70293E-04   3.21901E-04   7.58216E-09   2.48384E-04   3.79200E-02   4.45792E-04   3.21901E-04   4.59544E-08   1.23845E-04   1.72599E-03   1.96452E-04   3.21901E-04   4.60339E-09  -1.25454E-04
  142000   5.37183E+02   1.12401E-02  -2.97601E-02   3.31057E-02   7.63053E-13   1.12401E-02   7.89445E-03  -1.85008E-04   3.00034E-04   6.80601E-09  -4.85048E-04   3.49824E-02   5.12831E-04   3.00034E-04   4.18773E-08   2.12755E-04   1.54265E-03   1.65313E-04   3.00034E-04   4.29713E-09  -1.34725E-04
  143000   5.40966E+02   1.14923E-02  -2.89213E-02   3.32626E-02   9.25086E-13   1.14923E-02   7.15105E-03   4.07644E-05   2.82554E-04   6.10054E-09  -2.41796E-04   3.22269E-02   4.56615E-04   2.82554E-04   3.93048E-08   1.74022E-04   1.35723E-03   1.70828E-04   2.82554E-04   4.00165E-09  -1.11730E-04
  144000   5.44749E+02   1.10974E-02  -3.00502E-02   3.43296E-02   1.10448E-12   1.10974E-02   6.81811E-03   1.87289E-04   2.59165E-04   5.58602E-09  -7.18820E-05   2.92583E-02   4.02180E-04   2.59165E-04   3.52701E-08   1.42980E-04   1.22638E-03   1.79588E-04   2.59165E-04   3.65604E-09  -7.95808E-05
  145000   5.48532E+02   1.17664E-02  -2.88282E-02   3.43908E-02   1.27098E-12   1.17664E-02   6.20371E-03  -3.25163E-04   2.40779E-04   4.91969E-09  -5.65947E-04   2.63464E-02   4.52680E-04   2.40779E-04   3.22733E-08   2.11869E-04   1.04745E-03   1.72126E-04   2.40779E-04   3.46262E-09  -6.86569E-05
  146000   5.52315E+02   1.17100E-02  -2.88013E-02   3.48288E-02   1.51055E-12   1.17100E-02   5.68248E-03   3.73449E-04   2.21132E-04   4.49597E-09   1.52312E-04   2.35735E-02   3.55075E-04   2.21132E-04   2.95292E-08   1.33913E-04   8.82247E-04   1.79373E-04   2.21132E-04   3.09505E-09  -4.17627E-05
  147000   5.56098E+02   1.12863E-02  -2.95740E-02   3.56329E-02   1.73816E-12   1.12863E-02   5.22745E-03   1.74073E-04   1.98848E-04   3.90217E-09  -2.47786E-05   2.08312E-02   3.82239E-04   1.98848E-04   2.58078E-08   1.83365E-04   7.49566E-04   1.56757E-04   1.98848E-04   3.00296E-09  -4.20945E-05
  148000   5.59881E+02   1.14120E-02  -2.91113E-02   3.57537E-02   2.03827E-12   1.14120E-02   4.76957E-03  -2.14201E-04   1.80793E-04   3.36611E-09  -3.94998E-04   1.82257E-02   3.82411E-04   1.80793E-04   2.32137E-08   2.01595E-04   6.52721E-04   1.68728E-04   1.80793E-04   2.73719E-09  -1.20679E-05
  149000   5.63664E+02   1.17416E-02  -2.83916E-02   3.58153E-02   2.38863E-12   1.17416E-02   4.31789E-03   4.54875E-04   1.58805E-04   2.88855E-09   2.96067E-04   1.58238E-02   2.44726E-04   1.58805E-04   2.04038E-08   8.59008E-05   5.67275E-04   1.45516E-04   1.58805E-04   2.54400E-09  -1.32918E-05
  150000   5.67447E+02   1.10240E-02  -2.97599E-02   3.67725E-02   2.79478E-12   1.10240E-02   4.01139E-03   1.54774E-04   1.43212E-04   2.50372E-09   1.15599E-05   1.37621E-02   3.09782E-04   1.43212E-04   1.81243E-08   1.66552E-04   4.57387E-04   1.47735E-04   1.43212E-04   2.42706E-09   4.52081E-06
  151000   5.71230E+02   1.14295E-02  -2.87802E-02   3.66016E-02   3.27292E-12   1.14295E-02   3.60806E-03  -3.43937E-04   1.27933E-04   2.22341E-09  -4.71872E-04   1.18389E-02   2.10544E-04   1.27933E-04   1.58381E-08   8.25955E-05   3.45307E-04   1.08415E-04   1.27933E-04   2.18319E-09  -1.95196E-05
  152000   5.75013E+02   1.15405E-02  -2.84320E-02   3.67306E-02   3.79127E-12   1.15405E-02   3.24187E-03   3.32130E-04   1.08290E-04   2.03969E-09   2.23838E-04   1.01532E-02   1.56669E-04   1.08290E-04   1.34908E-08   4.83652E-05   2.77685E-04   1.07826E-04   1.08290E-04   2.04783E-09  -4.65921E-07
  153000   5.78796E+02   1.13403E-02  -2.89594E-02   3.72240E-02   4.32699E-12   1.13403E-02   3.07571E-03   6.92136E-05   9.55026E-05   1.81963E-09  -2.62908E-05   8.69681E-03   1.81111E-04   9.55026E-05   1.22001E-08   8.55958E-05   2.08586E-04   9.66487E-05   9.55026E-05   1.98720E-09   1.14413E-06
  154000   5.82579E+02   1.14464E-02  -2.82722E-02   3.69933E-02   4.96409E-12   1.14464E-02   2.72529E-03  -2.85266E-05   8.19414E-05   1.61006E-09  -1.10470E-04   7.69973E-03   4.78773E-06   8.19414E-05   1.09274E-08  -7.71646E-05   1.78684E-04   6.75470E-05   8.19414E-05   1.97875E-09  -1.43964E-05
  155000   5.86362E+02   1.08420E-02  -2.96250E-02   3.78225E-02   5.84632E-12   1.08420E-02   2.64458E-03   5.83918E-04   7.32739E-05   1.50758E-09   5.10643E-04   7.26833E-03  -1.87967E-06   7.32739E-05   1.03918E-08  -7.51639E-05   1.46399E-04   6.74689E-05   7.32739E-05   1.81735E-09  -5.80678E-06
  156000   5.90145E+02   1.10342E-02  -2.94808E-02   3.79494E-02   6.73220E-12   1.10342E-02   2.56551E-03  -5.47044E-04   6.83164E-05   1.39817E-09  -6.15362E-04   7.20715E-03  -7.37330E-05   6.83164E-05   1.02040E-08  -1.42060E-04   1.32665E-04   5.41801E-05   6.83164E-05   1.78929E-09  -1.41381E-05
  157000   5.93927E+02   1.15665E-02  -2.80798E-02   3.73380E-02   7.68080E-12   1.15665E-02   2.30834E-03   2.66954E-04   6.59381E-05   1.47198E-09   2.01014E-04   7.46643E-03  -1.03510E-04   6.59381E-05   1.08065E-08  -1.69459E-04   1.29931E-04   6.24440E-05   6.59381E-05   1.83629E-09  -3.49595E-06
  158000   5.97710E+02   1.03187E-02  -3.09587E-02   3.88384E-02   8.76174E-12   1.03187E-02   2.43895E-03   7.40289E-04   6.47562E-05   1.48065E-09   6.75532E-04   8.06436E-03  -1.94676E-04   6.47562E-05   1.12808E-08  -2.59444E-04   1.21607E-04   5.17275E-05   6.47562E-05   1.80384E-09  -1.30305E-05
  159000   6.01493E+02   1.09283E-02  -2.99948E-02   3.85479E-02   1.00254E-11   1.09283E-02   2.37518E-03  -8.88117E-04   6.69958E-05   1.53558E-09  -9.55114E-04   8.95073E-03  -2.08190E-04   6.69958E-05   1.24283E-08  -2.75198E-04   1.25160E-04   5.70349E-05   6.69958E-05   1.80976E-09  -9.96275E-06
  160000   6.05276E+02   1.19329E-02  -2.82675E-02   3.79491E-02   1.13599E-11   1.19329E-02   2.25136E-03   6.43076E-04   7.25965E-05   1.55265E-09   5.70478E-04   1.00231E-02  -2.05661E-04   7.25965E-05   1.37827E-08  -2.78271E-04   1.31194E-04   6.79129E-05   7.25965E-05   1.83540E-09  -4.68541E-06
  161000   6.09059E+02   1.05189E-02  -3.17380E-02   3.97548E-02   1.28562E-11   1.05189E-02   2.50212E-03   5.14911E-04   7.85675E-05   1.53658E-09   4.36342E-04   1.11219E-02  -2.51358E-04   7.85675E-05   1.50457E-08  -3.29940E-04   1.39725E-04   5.84794E-05   7.85675E-05   1.89833E-09  -2.00900E-05
  162000   6.12842E+02   1.14223E-02  -3.01846E-02   3.92600E-02   1.45044E-11   1.14223E-02   2.34679E-03  -5.05734E-04   8.69156E-05   1.67925E-09  -5.92652E-04   1.21285E-02  -1.43109E-04   8.69156E-05   1.60572E-08  -2.30041E-04   1.35744E-04   8.25466E-05   8.69156E-05   1.91258E-09  -4.37089E-06
  163000   6.16625E+02   1.22688E-02  -2.91315E-02   3.90335E-02   1.62978E-11   1.22688E-02   2.36685E-03   1.24607E-04   9.49627E-05   1.56678E-09   2.96431E-05   1.29433E-02  -1.80888E-04   9.49627E-05   1.72835E-08  -2.75868E-04   1.59033E-04   8.55141E-05   9.49627E-05   2.01339E-09  -9.45065E-06
  164000   6.20408E+02   1.16629E-02  -3.09568E-02   4.01302E-02   1.82177E-11   1.16629E-02   2.48953E-03   6.07999E-04   1.00444E-04   1.64271E-09   5.07554E-04   1.36052E-02  -1.60566E-04   1.00444E-04   1.72898E-08  -2.61027E-04   1.70051E-04   9.83685E-05   1.00444E-04   2.07401E-09  -2.07754E-06
  165000   6.24191E+02   1.15027E-02  -3.13021E-02   4.04432E-02   2.03703E-11   1.15027E-02   2.36158E-03  -1.47890E-04   1.07039E-04   1.56940E-09  -2.54931E-04   1.40004E-02  -8.25177E-05   1.07039E-04   1.83284E-08  -1.89575E-04   1.79072E-04   9.58921E-05   1.07039E-04   1.96092E-09  -1.11493E-05
  166000   6.27974E+02   1.20713E-02  -3.09782E-02   4.05635E-02   2.29061E-11   1.20713E-02   2.48590E-03   1.37671E-04   1.10358E-04   1.61272E-09   2.73105E-05   1.43180E-02  -1.08068E-04   1.10358E-04   1.83142E-08  -2.18445E-04   1.75274E-04   9.56638E-05   1.10358E-04   1.99287E-09  -1.46966E-05
  167000   6.31757E+02   1.23505E-02  -3.06937E-02   4.06259E-02   2.57500E-11   1.23505E-02   2.41825E-03  -1.96135E-04   1.14302E-04   1.54283E-09  -3.10439E-04   1.44719E-02  -3.00736E-05   1.14302E-04   1.85995E-08  -1.44394E-04   1.78042E-04   1.07097E-04   1.14302E-04   1.98022E-09  -7.20750E-06
  168000   6.35540E+02   1.21944E-02  -3.13235E-02   4.11237E-02   2.88395E-11   1.21944E-02   2.39416E-03   9.82467E-04   1.15748E-04   1.46826E-09   8.66717E-04   1.42746E-02  -2.76285E-05   1.15748E-04   1.84106E-08  -1.43395E-04   1.85600E-04   1.01934E-04   1.15748E-04   1.97829E-09  -1.38163E-05
  169000   6.39323E+02   1.19489E-02  -3.24382E-02   4.18700E-02   3.20976E-11   1.19489E-02   2.51711E-03  -3.79453E-04   1.15495E-04   1.42488E-09  -4.94950E-04   1.40624E-02  -4.70013E-05   1.15495E-04   1.82693E-08  -1.62515E-04   2.05100E-04   1.12467E-04   1.15495E-04   2.02032E-09  -3.03093E-06
  170000   6.43106E+02   1.28846E-02  -3.06361E-02   4.11711E-02   3.56976E-11   1.28846E-02   2.34967E-03   1.41726E-04   1.12941E-04   1.51310E-09   2.87843E-05   1.38200E-02  -4.48448E-05   1.12941E-04   1.78884E-08  -1.57803E-04   2.11802E-04   9.21096E-05   1.12941E-04   1.96934E-09  -2.08329E-05
  171000   6.46889E+02   1.22757E-02  -3.24324E-02   4.22419E-02   3.96003E-11   1.22757E-02   2.46619E-03   5.07456E-04   1.11093E-04   1.41997E-09   3.96362E-04   1.35820E-02   1.65382E-05   1.11093E-04   1.76037E-08  -9.45722E-05   2.04309E-04   1.04312E-04   1.11093E-04   2.10128E-09  -6.78268E-06
  172000   6.50672E+02   1.23570E-02  -3.25919E-02   4.25089E-02   4.37996E-11   1.23570E-02   2.43999E-03  -1.01099E-04   1.08107E-04   1.46098E-09  -2.09207E-04   1.33209E-02  -6.34653E-05   1.08107E-04   1.76701E-08  -1.71590E-04   1.98625E-04   1.02750E-04   1.08107E-04   2.09616E-09  -5.35924E-06
  173000   6.54455E+02   1.30145E-02  -3.14888E-02   4.21487E-02   4.83506E-11   1.30145E-02   2.35452E-03   2.53158E-05   1.04849E-04   1.49340E-09  -7.95348E-05   1.30817E-02  -2.41213E-05   1.04849E-04   1.73405E-08  -1.28988E-04   1.90833E-04   8.81681E-05   1.04849E-04   2.08795E-09  -1.66831E-05
  174000   6.58238E+02   1.26354E-02  -3.28692E-02   4.29985E-02   5.30368E-11   1.26354E-02   2.50600E-03   4.01844E-04   1.00225E-04   1.54640E-09   3.01617E-04   1.28424E-02  -2.73962E-06   1.00225E-04   1.68311E-08  -1.02982E-04   1.86604E-04   8.79863E-05   1.00225E-04   1.99755E-09  -1.22411E-05
  175000   6.62021E+02   1.27132E-02  -3.25861E-02   4.29430E-02   5.79844E-11   1.27132E-02   2.35638E-03  -1.33557E-05   9.77302E-05   1.52451E-09  -1.11087E-04   1.26594E-02  -5.48237E-05   9.77302E-05   1.68261E-08  -1.52571E-04   1.73188E-04   7.76094E-05   9.77302E-05   1.92491E-09  -2.01228E-05
  176000   6.65804E+02   1.27892E-02  -3.29148E-02   4.32305E-02   6.34050E-11   1.27892E-02   2.47341E-03   2.32631E-04   9.31216E-05   1.54194E-09   1.39508E-04   1.24709E-02  -6.26514E-05   9.31216E-05   1.64450E-08  -1.55789E-04   1.71952E-04   8.37440E-05   9.31216E-05   1.96914E-09  -9.37961E-06
  177000   6.69587E+02   1.27304E-02  -3.31854E-02   4.35086E-02   6.92721E-11   1.27304E-02   2.40720E-03  -5.72087E-05   9.08651E-05   1.50291E-09  -1.48075E-04   1.23035E-02  -3.78949E-05   9.08651E-05   1.60458E-08  -1.28776E-04   1.68226E-04   8.15126E-05   9.08651E-05   2.04685E-09  -9.35454E-06
  178000   6.73370E+02   1.28568E-02  -3.30912E-02   4.35829E-02   7.54830E-11   1.28568E-02   2.36508E-03   2.02036E-04   8.73784E-05   1.53708E-09   1.14656E-04   1.20481E-02  -2.98662E-05   8.73784E-05   1.60966E-08  -1.17261E-04   1.73805E-04   6.60695E-05   8.73784E-05   2.05339E-09  -2.13109E-05
  179000   6.77153E+02   1.26760E-02  -3.36958E-02   4.39619E-02   8.22034E-11   1.26760E-02   2.40994E-03   2.03053E-04   8.37732E-05   1.46637E-09   1.19278E-04   1.18176E-02  -3.15701E-05   8.37732E-05   1.55255E-08  -1.15359E-04   1.73257E-04   7.71754E-05   8.37732E-05   1.97939E-09  -6.59976E-06
  180000   6.80936E+02   1.29559E-02  -3.33135E-02   4.39374E-02   8.95208E-11   1.29559E-02   2.33204E-03  -1.45418E-04   8.20747E-05   1.56534E-09  -2.27495E-04   1.14753E-02   3.35129E-05   8.20747E-05   1.50839E-08  -4.85769E-05   1.75462E-04   6.03131E-05   8.20747E-05   2.06423E-09  -2.17636E-05
  181000   6.84719E+02   1.28424E-02  -3.38012E-02   4.42589E-02   9.74033E-11   1.28424E-02   2.38474E-03   3.29751E-04   7.97730E-05   1.46942E-09   2.49976E-04   1.10446E-02  -4.41782E-05   7.97730E-05   1.48390E-08  -1.23966E-04   1.87323E-04   7.85017E-05   7.97730E-05   2.02317E-09  -1.27329E-06
  182000   6.88502E+02   1.29000E-02  -3.37151E-02   4.43266E-02   1.05677E-10   1.29000E-02   2.28854E-03   8.53486E-05   7.63373E-05   1.42519E-09   9.00980E-06   1.07587E-02  -3.22588E-05   7.63373E-05   1.41053E-08  -1.08610E-04   1.94906E-04   5.97539E-05   7.63373E-05   2.02043E-09  -1.65855E-05
  183000   6.92285E+02   1.28610E-02  -3.40142E-02   4.45253E-02   1.14435E-10   1.28610E-02   2.34985E-03  -9.19382E-05   7.46390E-05   1.32110E-09  -1.66579E-04   1.04322E-02   2.32103E-05   7.46390E-05   1.38279E-08  -5.14425E-05   1.82989E-04   7.72812E-05   7.46390E-05   2.04717E-09   2.64016E-06
  184000   6.96068E+02   1.29935E-02  -3.37993E-02   4.45373E-02   1.23724E-10   1.29935E-02   2.25554E-03   8.57969E-05   7.28929E-05   1.37969E-09   1.29027E-05   1.01665E-02  -1.70894E-05   7.28929E-05   1.36372E-08  -8.99959E-05   1.59290E-04   6.08678E-05   7.28929E-05   1.90649E-09  -1.20270E-05
  185000   6.99851E+02   1.26310E-02  -3.47307E-02   4.51013E-02   1.33440E-10   1.26310E-02   2.26038E-03   1.37650E-04   7.00115E-05   1.28159E-09   6.76370E-05   9.94055E-03  -1.57838E-05   7.00115E-05   1.31490E-08  -8.58085E-05   1.45250E-04   6.77123E-05   7.00115E-05   2.04615E-09  -2.30131E-06
  186000   7.03634E+02   1.33898E-02  -3.36714E-02   4.47872E-02   1.43655E-10   1.33898E-02   2.27398E-03  -1.58635E-04   6.85122E-05   1.32553E-09  -2.27148E-04   9.65920E-03   7.29417E-06   6.85122E-05   1.29519E-08  -6.12310E-05   1.37148E-04   6.83003E-05   6.85122E-05   1.90606E-09  -2.13775E-07
  187000   7.07417E+02   1.30542E-02  -3.44380E-02   4.53338E-02   1.54394E-10   1.30542E-02   2.15837E-03   4.58993E-04   6.65047E-05   1.29174E-09   3.92487E-04   9.29869E-03   1.93065E-05   6.65047E-05   1.24201E-08  -4.72107E-05   1.25343E-04   6.67616E-05   6.65047E-05   1.88682E-09   2.55009E-07
  188000   7.11200E+02   1.29109E-02  -3.53660E-02   4.59328E-02   1.65710E-10   1.29109E-02   2.34414E-03  -1.35210E-04   6.41764E-05   1.25242E-09  -1.99387E-04   8.81770E-03   6.02403E-05   6.41764E-05   1.18251E-08  -3.94793E-06   1.31184E-04   5.29928E-05   6.41764E-05   1.94201E-09  -1.11856E-05
  189000   7.14983E+02   1.38778E-02  -3.33816E-02   4.51861E-02   1.77641E-10   1.38778E-02   2.07334E-03  -2.26366E-04   6.29369E-05   1.41892E-09  -2.89304E-04   8.33045E-03   3.17200E-05   6.29369E-05   1.14092E-08  -3.12283E-05   1.34518E-04   5.88981E-05   6.29369E-05   1.96413E-09  -4.04072E-06
  190000   7.18766E+02   1.33275E-02  -3.49453E-02   4.60763E-02   1.90187E-10   1.33275E-02   2.19643E-03   7.26888E-04   6.09659E-05   1.25975E-09   6.65920E-04   7.69581E-03   5.93988E-05   6.09659E-05   1.03853E-08  -1.57747E-06   1.42161E-04   4.85144E-05   6.09659E-05   1.94673E-09  -1.24535E-05
  191000   7.22549E+02   1.33037E-02  -3.53893E-02   4.64816E-02   2.03670E-10   1.33037E-02   2.21138E-03  -6.45170E-04   5.78438E-05   1.32344E-09  -7.03015E-04   7.01703E-03   7.19116E-05   5.78438E-05   9.61795E-09   1.40581E-05   1.33028E-04   5.83713E-05   5.78438E-05   1.94349E-09   5.25465E-07
  192000   7.26332E+02   1.42481E-02  -3.34786E-02   4.57378E-02   2.17956E-10   1.42481E-02   1.98883E-03   4.32321E-04   5.42152E-05   1.21395E-09   3.78105E-04   6.35895E-03   4.46202E-05   5.42152E-05   8.99248E-09  -9.60401E-06   1.26789E-04   3.32384E-05   5.42152E-05   1.91242E-09  -2.09787E-05
  193000   7.30115E+02   1.33730E-02  -3.57517E-02   4.68627E-02   2.33077E-10   1.33730E-02   2.26204E-03   1.28151E-04   5.19321E-05   1.25012E-09   7.62175E-05   5.75911E-03   8.86875E-05   5.19321E-05   8.14195E-09   3.67473E-05   1.12225E-04   5.79419E-05   5.19321E-05   2.00122E-09   6.00780E-06
  194000   7.33898E+02   1.39581E-02  -3.40778E-02   4.61317E-02   2.48918E-10   1.39581E-02   1.90415E-03  -2.59947E-04   4.83149E-05   1.15455E-09  -3.08263E-04   5.16845E-03   6.14931E-05   4.83149E-05   7.60973E-09   1.31706E-05   9.73253E-05   3.21921E-05   4.83149E-05   1.86199E-09  -1.61247E-05
  195000   7.37681E+02   1.35130E-02  -3.53699E-02   4.67384E-02   2.65740E-10   1.35130E-02   2.14444E-03   3.24238E-04   4.41327E-05   1.25401E-09   2.80104E-04   4.54819E-03   4.45647E-05   4.41327E-05   6.83805E-09   4.25126E-07   9.75265E-05   3.57921E-05   4.41327E-05   1.94371E-09  -8.34253E-06
  196000   7.41464E+02   1.37325E-02  -3.48662E-02   4.65232E-02   2.83440E-10   1.37325E-02   2.07545E-03  -3.05050E-04   4.05980E-05   1.20216E-09  -3.45649E-04   3.94639E-03   7.20265E-05   4.05980E-05   6.27192E-09   3.14222E-05   1.11753E-04   3.18953E-05   4.05980E-05   1.81716E-09  -8.70447E-06
  197000   7.45247E+02   1.37440E-02  -3.46919E-02   4.64978E-02   3.02187E-10   1.37440E-02   1.93815E-03   4.58678E-04   3.66842E-05   1.13264E-09   4.21992E-04   3.39926E-03   2.03467E-05   3.66842E-05   5.39448E-09  -1.63429E-05   1.22924E-04   2.97455E-05   3.66842E-05   1.89052E-09  -6.94062E-06
  198000   7.49030E+02   1.34440E-02  -3.56640E-02   4.69593E-02   3.22003E-10   1.34440E-02   2.14861E-03  -3.19847E-04   3.29071E-05   1.14513E-09  -3.52755E-04   2.89222E-03   7.13443E-05   3.29071E-05   4.86512E-09   3.84324E-05   1.25714E-04   3.94383E-05   3.29071E-05   1.97192E-09   6.52925E-06
  199000   7.52813E+02   1.42623E-02  -3.35809E-02   4.59602E-02   3.43028E-10   1.42623E-02   1.88289E-03  -1.82676E-04   2.96488E-05   1.19659E-09  -2.12326E-04   2.44744E-03   5.77014E-05   2.96488E-05   4.25592E-09   2.80484E-05   1.22083E-04   1.71813E-05   2.96488E-05   1.88976E-09  -1.24693E-05
  200000   7.56596E+02   1.34242E-02  -3.56914E-02   4.70872E-02   3.65238E-10   1.34242E-02   2.02841E-03   9.07685E-04   2.60155E-05   1.16931E-09   8.81669E-04   2.07351E-03   1.56386E-05   2.60155E-05   3.86017E-09  -1.03808E-05   1.09569E-04   2.80091E-05   2.60155E-05   1.85962E-09   1.99174E-06
  201000   7.60379E+02   1.33849E-02  -3.60508E-02   4.73563E-02   3.88694E-10   1.33849E-02   2.07937E-03  -9.65991E-04   2.25006E-05   1.18458E-09  -9.88493E-04   1.75738E-03   2.65412E-05   2.25006E-05   3.53877E-09   4.03699E-06   9.58453E-05   1.46996E-05   2.25006E-05   1.69519E-09  -7.80273E-06
  202000   7.64161E+02   1.48389E-02  -3.29116E-02   4.59565E-02   4.13529E-10   1.48389E-02   1.79400E-03   2.90384E-04   2.05638E-05   1.21502E-09   2.69819E-04   1.64992E-03  -1.90084E-05   2.05638E-05   3.50432E-09  -3.95757E-05   8.78936E-05   3.41879E-05   2.05638E-05   1.88091E-09   1.36222E-05
  203000   7.67944E+02   1.34712E-02  -3.62133E-02   4.76164E-02   4.39756E-10   1.34712E-02   2.06808E-03   5.23838E-04   1.85812E-05   1.10872E-09   5.05256E-04   1.56292E-03   3.41385E-06   1.85812E-05   3.28542E-09  -1.51706E-05   9.23493E-05   1.20388E-05   1.85812E-05   1.84387E-09  -6.54423E-06
  204000   7.71727E+02   1.38132E-02  -3.53499E-02   4.72984E-02   4.67413E-10   1.38132E-02   1.86474E-03  -4.84667E-04   1.72674E-05   1.15656E-09  -5.01935E-04   1.56008E-03  -1.00429E-05   1.72674E-05   3.22629E-09  -2.73136E-05   9.61757E-05   2.03809E-06   1.72674E-05   1.79610E-09  -1.52311E-05
  205000   7.75510E+02   1.43260E-02  -3.44596E-02   4.68803E-02   4.96614E-10   1.43260E-02   1.90529E-03   8.69959E-05   1.62943E-05   1.10858E-09   7.07005E-05   1.60907E-03  -5.57573E-05   1.62943E-05   3.33606E-09  -7.20549E-05   9.36034E-05   1.39497E-05   1.62943E-05   1.75497E-09  -2.34630E-06
  206000   7.79293E+02   1.38790E-02  -3.55084E-02   4.73479E-02   5.27398E-10   1.38790E-02   2.03951E-03   2.16701E-04   1.59359E-05   1.13215E-09   2.00764E-04   1.79791E-03  -4.36466E-05   1.59359E-05   3.67422E-09  -5.95861E-05   9.32195E-05   1.28784E-05   1.59359E-05   1.84641E-09  -3.05928E-06
  207000   7.83076E+02   1.36531E-02  -3.54976E-02   4.73791E-02   5.59842E-10   1.36531E-02   1.77156E-03   9.71114E-05   1.60839E-05   1.10913E-09   8.10264E-05   2.10694E-03  -5.70650E-05   1.60839E-05   4.06654E-09  -7.31529E-05   9.27244E-05   5.19553E-06   1.60839E-05   1.85286E-09  -1.08902E-05
  208000   7.86859E+02   1.34777E-02  -3.62771E-02   4.76748E-02   5.94052E-10   1.34777E-02   2.08000E-03  -5.87206E-05   1.64861E-05   1.08159E-09  -7.52077E-05   2.46728E-03  -8.68942E-05   1.64861E-05   4.42237E-09  -1.03385E-04   9.14319E-05   3.40376E-06   1.64861E-05   1.75958E-09  -1.30841E-05
  209000   7.90642E+02   1.42147E-02  -3.42491E-02   4.66753E-02   6.30216E-10   1.42147E-02   1.78849E-03  -3.09389E-04   1.84122E-05   1.15103E-09  -3.27802E-04   2.90189E-03  -4.58490E-05   1.84122E-05   5.02014E-09  -6.42663E-05   9.34797E-05   1.26236E-05   1.84122E-05   1.84521E-09  -5.79045E-06
  210000   7.94425E+02   1.30490E-02  -3.66780E-02   4.77577E-02   6.68441E-10   1.30490E-02   1.96933E-03   8.34518E-04   2.07484E-05   1.10007E-09   8.13769E-04   3.37019E-03  -9.72634E-05   2.07484E-05   5.51830E-09  -1.18017E-04   1.01985E-04   2.99688E-05   2.07484E-05   1.84353E-09   9.21849E-06
  211000   7.98208E+02   1.31144E-02  -3.66336E-02   4.77432E-02   7.08705E-10   1.31144E-02   2.00483E-03  -9.38464E-04   2.35506E-05   1.15771E-09  -9.62016E-04   3.84033E-03  -8.51429E-05   2.35506E-05   6.05723E-09  -1.08700E-04   1.14032E-04   1.61070E-05   2.35506E-05   1.85845E-09  -7.44548E-06
  212000   8.01991E+02   1.41772E-02  -3.43328E-02   4.67055E-02   7.51175E-10   1.41772E-02   1.80447E-03   5.11831E-04   2.63909E-05   1.08173E-09   4.85439E-04   4.18662E-03  -3.43286E-05   2.63909E-05   6.39989E-09  -6.07259E-05   1.23020E-04   2.24453E-05   2.63909E-05   1.89537E-09  -3.94756E-06
  213000   8.05774E+02   1.32067E-02  -3.67809E-02   4.78706E-02   7.96098E-10   1.32067E-02   2.11703E-03   1.27334E-04   2.91742E-05   1.11368E-09   9.81587E-05   4.52819E-03  -1.09051E-04   2.91742E-05   6.95848E-09  -1.38232E-04   1.18198E-04   2.11709E-05   2.91742E-05   1.93525E-09  -8.00526E-06
  214000   8.09557E+02   1.36197E-02  -3.57560E-02   4.75235E-02   8.43378E-10   1.36197E-02   1.85222E-03  -5.77459E-05   3.20324E-05   1.25161E-09  -8.97795E-05   4.81591E-03  -4.13742E-05   3.20324E-05   7.04847E-09  -7.34136E-05   1.09222E-04   4.36890E-05   3.20324E-05   1.89336E-09   1.16547E-05
  215000   8.13340E+02   1.37322E-02  -3.61014E-02   4.77516E-02   8.93221E-10   1.37322E-02   2.08193E-03  -5.88772E-05   3.46905E-05   1.30393E-09  -9.35690E-05   5.07183E-03  -6.08902E-05   3.46905E-05   7.70995E-09  -9.55884E-05   1.04205E-04   2.13610E-05   3.46905E-05   1.84937E-09  -1.33314E-05
  216000   8.17123E+02   1.40091E-02  -3.54721E-02   4.75013E-02   9.45733E-10   1.40091E-02   1.97989E-03   2.24618E-04   3.66810E-05   1.21513E-09   1.87936E-04   5.39120E-03  -1.17707E-04   3.66810E-05   7.77356E-09  -1.54396E-04   1.03977E-04   3.28195E-05   3.66810E-05   1.91043E-09  -3.86338E-06
  217000   8.20906E+02   1.33230E-02  -3.67689E-02   4.81430E-02   1.00067E-09   1.33230E-02   1.94890E-03   3.32280E-04   3.80752E-05   1.14822E-09   2.94203E-04   5.66516E-03  -2.59625E-05   3.80752E-05   8.13998E-09  -6.40458E-05   1.11827E-04   3.77716E-05   3.80752E-05   1.93426E-09  -3.05497E-07
  218000   8.24689E+02   1.32647E-02  -3.72138E-02   4.83687E-02   1.05830E-09   1.32647E-02   2.10981E-03  -3.70089E-04   4.06771E-05   1.12118E-09  -4.10767E-04   5.87012E-03  -5.54892E-05   4.06771E-05   8.57185E-09  -9.61748E-05   1.16286E-04   3.18851E-05   4.06771E-05   1.92068E-09  -8.79389E-06
  219000   8.28472E+02   1.40816E-02  -3.53741E-02   4.75493E-02   1.11873E-09   1.40816E-02   1.90649E-03  -1.95461E-04   4.21815E-05   1.01117E-09  -2.37643E-04   6.00919E-03  -4.26113E-05   4.21815E-05   8.45747E-09  -8.48012E-05   1.22867E-04   3.16213E-05   4.21815E-05   2.00531E-09  -1.05622E-05
  220000   8.32255E+02   1.33917E-02  -3.69044E-02   4.82822E-02   1.18225E-09   1.33917E-02   2.01394E-03   8.55765E-04   4.43838E-05   1.08423E-09   8.11381E-04   6.04199E-03   5.46556E-06   4.43838E-05   8.44230E-09  -3.89267E-05   1.25918E-04   4.23773E-05   4.43838E-05   1.99450E-09  -2.00842E-06
  221000   8.36038E+02   1.29158E-02  -3.80324E-02   4.88509E-02   1.24887E-09   1.29158E-02   2.09729E-03  -4.86196E-04   4.62799E-05   1.15007E-09  -5.32477E-04   5.90742E-03  -8.86427E-06   4.62799E-05   8.43307E-09  -5.51526E-05   1.27569E-04   2.24314E-05   4.62799E-05   2.01533E-09  -2.38505E-05
  222000   8.39821E+02   1.39765E-02  -3.55623E-02   4.76362E-02   1.31889E-09   1.39765E-02   1.90259E-03  -3.26650E-04   4.79528E-05   1.10502E-09  -3.74604E-04   5.71111E-03   4.14180E-05   4.79528E-05   8.30773E-09  -6.54312E-06   1.28023E-04   3.74206E-05   4.79528E-05   1.94766E-09  -1.05342E-05
  223000   8.43604E+02   1.34490E-02  -3.69126E-02   4.83480E-02   1.39191E-09   1.34490E-02   2.01356E-03   9.17370E-04   4.72430E-05   1.10576E-09   8.70126E-04   5.39074E-03  -9.10843E-06   4.72430E-05   7.72870E-09  -5.63592E-05   1.27629E-04   3.53839E-05   4.72430E-05   1.88051E-09  -1.18610E-05
  224000   8.47387E+02   1.27780E-02  -3.82265E-02   4.89473E-02   1.46815E-09   1.27780E-02   2.05720E-03  -4.79263E-04   4.57267E-05   1.07269E-09  -5.24991E-04   5.04448E-03   4.96106E-05   4.57267E-05   7.32825E-09   3.87654E-06   1.22796E-04   4.10770E-05   4.57267E-05   1.99069E-09  -4.65167E-06
  225000   8.51170E+02   1.41296E-02  -3.54815E-02   4.76874E-02   1.54767E-09   1.41296E-02   1.92377E-03  -3.26921E-04   4.39032E-05   1.13941E-09  -3.70825E-04   4.66674E-03   5.99270E-05   4.39032E-05   6.88046E-09   1.60169E-05   1.10774E-04   3.25218E-05   4.39032E-05   1.97394E-09  -1.13833E-05
  226000   8.54953E+02   1.33936E-02  -3.71761E-02   4.85136E-02   1.63038E-09   1.33936E-02   2.05611E-03   8.19280E-04   4.02064E-05   1.09422E-09   7.79072E-04   4.24226E-03   9.85389E-06   4.02064E-05   6.45794E-09  -3.03590E-05   8.72807E-05   4.96460E-05   4.02064E-05   1.90684E-09   9.43768E-06
  227000   8.58736E+02   1.28503E-02  -3.82124E-02   4.90675E-02   1.71650E-09   1.28503E-02   1.99524E-03  -2.81919E-04   3.75573E-05   1.08346E-09  -3.19477E-04   3.92082E-03   3.63646E-05   3.75573E-05   6.10016E-09  -1.19873E-06   8.62802E-05   1.83996E-05   3.75573E-05   1.90410E-09  -1.91596E-05
  228000   8.62519E+02   1.37484E-02  -3.64443E-02   4.82416E-02   1.80613E-09   1.37484E-02   1.95112E-03  -3.69221E-04   3.54192E-05   1.06357E-09  -4.04641E-04   3.57066E-03   5.40018E-05   3.54192E-05   5.72052E-09   1.85768E-05   8.65036E-05   4.02720E-05   3.54192E-05   1.93394E-09   4.85078E-06
  229000   8.66302E+02   1.37739E-02  -3.66320E-02   4.84247E-02   1.89928E-09   1.37739E-02   1.98120E-03   4.98484E-04   3.24623E-05   1.12015E-09   4.66020E-04   3.24107E-03   8.25436E-06   3.24623E-05   5.31158E-09  -2.42132E-05   8.49828E-05   2.93738E-05   3.24623E-05   1.81556E-09  -3.09030E-06
  230000   8.70085E+02   1.30739E-02  -3.80123E-02   4.90933E-02   1.99606E-09   1.30739E-02   1.99296E-03   2.27902E-04   3.07219E-05   1.08501E-09   1.97179E-04   2.91912E-03   2.36309E-05   3.07219E-05   5.09595E-09  -7.09609E-06   8.87729E-05   3.58901E-05   3.07219E-05   1.92221E-09   5.16629E-06
  231000   8.73868E+02   1.35338E-02  -3.71939E-02   4.87206E-02   2.09652E-09   1.35338E-02   2.00708E-03  -3.62234E-04   2.90149E-05   1.13424E-09  -3.91250E-04   2.68936E-03   1.16174E-05   2.90149E-05   4.75334E-09  -1.74022E-05   8.77129E-05   2.32411E-05   2.90149E-05   1.91910E-09  -5.77574E-06
  232000   8.77651E+02   1.38191E-02  -3.65282E-02   4.84191E-02   2.20062E-09   1.38191E-02   1.92810E-03   2.08189E-04   2.68184E-05   1.10468E-09   1.81370E-04   2.48103E-03  -1.75100E-05   2.68184E-05   4.64618E-09  -4.43330E-05   8.70259E-05   2.33707E-05   2.68184E-05   1.90941E-09  -3.44959E-06
  233000   8.81434E+02   1.32476E-02  -3.78472E-02   4.90499E-02   2.30833E-09   1.32476E-02   2.04489E-03   3.05951E-05   2.54033E-05   1.05739E-09   5.19070E-06   2.39330E-03   1.80803E-05   2.54033E-05   4.29404E-09  -7.32726E-06   8.71988E-05   2.41168E-05   2.54033E-05   1.88138E-09  -1.28842E-06
  234000   8.85217E+02   1.33253E-02  -3.73096E-02   4.87541E-02   2.41974E-09   1.33253E-02   1.88084E-03  -1.33443E-04   2.37273E-05   1.11287E-09  -1.57171E-04   2.32672E-03  -1.77483E-05   2.37273E-05   4.28266E-09  -4.14799E-05   8.98518E-05   2.38405E-05   2.37273E-05   1.89861E-09   1.11306E-07
  235000   8.89000E+02   1.34852E-02  -3.72509E-02   4.86960E-02   2.53454E-09   1.34852E-02   2.04010E-03   3.28557E-05   2.28099E-05   1.02471E-09   1.00447E-05   2.36206E-03  -2.14814E-05   2.28099E-05   4.32855E-09  -4.42956E-05   8.65536E-05   3.47287E-05   2.28099E-05   1.86843E-09   1.19169E-05
  236000   8.92783E+02   1.33833E-02  -3.72537E-02   4.86608E-02   2.65295E-09   1.33833E-02   1.97628E-03   2.28230E-04   2.31584E-05   1.07349E-09   2.05070E-04   2.37986E-03  -7.42878E-06   2.31584E-05   4.35873E-09  -3.05916E-05   8.51246E-05   1.68897E-05   2.31584E-05   1.86400E-09  -6.27058E-06
  237000   8.96566E+02   1.27984E-02  -3.83212E-02   4.91098E-02   2.77508E-09   1.27984E-02   2.00985E-03   9.11540E-05   2.34637E-05   1.01851E-09   6.76893E-05   2.40850E-03  -2.36309E-05   2.34637E-05   4.45768E-09  -4.70990E-05   8.04614E-05   2.05868E-05   2.34637E-05   1.87719E-09  -2.87881E-06
  238000   9.00349E+02   1.29585E-02  -3.79306E-02   4.88235E-02   2.90067E-09   1.29585E-02   2.06562E-03  -3.18677E-04   2.37764E-05   1.07998E-09  -3.42454E-04   2.43919E-03  -1.22596E-06   2.37764E-05   4.39992E-09  -2.50067E-05   8.40790E-05   2.86278E-05   2.37764E-05   1.91572E-09   4.84954E-06
  239000   9.04132E+02   1.29088E-02  -3.77027E-02   4.86625E-02   3.03002E-09   1.29088E-02   1.94899E-03   2.13233E-04   2.41169E-05   1.06191E-09   1.89115E-04   2.48334E-03  -4.15851E-06   2.41169E-05   4.46685E-09  -2.82799E-05   8.42573E-05   3.22696E-05   2.41169E-05   1.86595E-09   8.15081E-06
  240000   9.07915E+02   1.24411E-02  -3.88602E-02   4.91907E-02   3.16274E-09   1.24411E-02   2.11065E-03   2.22941E-04   2.51029E-05   1.11483E-09   1.97837E-04   2.52570E-03  -3.49950E-05   2.51029E-05   4.51950E-09  -6.01024E-05   8.51238E-05   2.73830E-05   2.51029E-05   1.81521E-09   2.27830E-06
  241000   9.11698E+02   1.27762E-02  -3.80144E-02   4.87521E-02   3.29906E-09   1.27762E-02   2.03853E-03  -5.01071E-04   2.44823E-05   1.09578E-09  -5.25555E-04   2.55311E-03  -1.18054E-05   2.44823E-05   4.54001E-09  -3.62921E-05   8.34118E-05   7.87014E-06   2.44823E-05   1.88616E-09  -1.66140E-05
  242000   9.15481E+02   1.30013E-02  -3.75304E-02   4.85580E-02   3.43892E-09   1.30013E-02   1.97371E-03   4.66405E-04   2.51453E-05   1.13701E-09   4.41258E-04   2.54247E-03  -2.44826E-05   2.51453E-05   4.64449E-09  -4.96326E-05   8.19195E-05   1.78084E-05   2.51453E-05   1.89282E-09  -7.33879E-06
  243000   9.19264E+02   1.24900E-02  -3.87904E-02   4.91686E-02   3.58195E-09   1.24900E-02   2.11182E-03  -4.10003E-05   2.44841E-05   1.11791E-09  -6.54855E-05   2.51374E-03   1.00005E-06   2.44841E-05   4.52357E-09  -2.34885E-05   8.38803E-05   2.49024E-05   2.44841E-05   1.84013E-09   4.16475E-07
  244000   9.23047E+02   1.28968E-02  -3.77502E-02   4.86593E-02   3.72856E-09   1.28968E-02   1.98760E-03  -1.53715E-04   2.45488E-05   1.05976E-09  -1.78265E-04   2.46575E-03   2.32889E-06   2.45488E-05   4.28748E-09  -2.22242E-05   8.47669E-05   2.30324E-05   2.45488E-05   1.80603E-09  -1.51821E-06
  245000   9.26830E+02   1.25895E-02  -3.82793E-02   4.88589E-02   3.87839E-09   1.25895E-02   2.00990E-03   3.05193E-04   2.36680E-05   1.03588E-09   2.81524E-04   2.35709E-03  -7.87224E-06   2.36680E-05   4.28216E-09  -3.15446E-05   8.44026E-05   7.72243E-06   2.36680E-05   1.83854E-09  -1.59474E-05
  246000   9.30612E+02   1.23799E-02  -3.89140E-02   4.91898E-02   4.03132E-09   1.23799E-02   2.10409E-03  -2.32813E-04   2.28671E-05   9.72948E-10  -2.55681E-04   2.22357E-03  -6.83211E-07   2.28671E-05   4.06040E-09  -2.35544E-05   8.79468E-05   5.78256E-06   2.28671E-05   1.96084E-09  -1.70865E-05
  247000   9.34395E+02   1.29094E-02  -3.74503E-02   4.84413E-02   4.18711E-09   1.29094E-02   1.91842E-03   3.01697E-05   2.18163E-05   9.66401E-10   8.35235E-06   2.08042E-03   3.71265E-05   2.18163E-05   3.94208E-09   1.53062E-05   8.55407E-05   3.37171E-05   2.18163E-05   1.88927E-09   1.18989E-05
  248000   9.38178E+02   1.20181E-02  -3.92154E-02   4.91809E-02   4.34622E-09   1.20181E-02   2.05258E-03   4.13613E-04   2.10465E-05   1.00560E-09   3.92566E-04   1.87681E-03   2.39514E-05   2.10465E-05   3.88889E-09   2.90102E-06   8.51937E-05   3.11719E-06   2.10465E-05   1.93859E-09  -1.79312E-05
  249000   9.41961E+02   1.22240E-02  -3.87715E-02   4.89356E-02   4.50846E-09   1.22240E-02   2.05982E-03  -4.34704E-04   1.92296E-05   1.06346E-09  -4.53934E-04   1.70702E-03   2.46946E-06   1.92296E-05   3.57127E-09  -1.67638E-05   8.40113E-05   1.26315E-05   1.92296E-05   1.89641E-09  -6.60004E-06
  250000   9.45744E+02   1.22420E-02  -3.83133E-02   4.85820E-02   4.67364E-09   1.22420E-02   1.97331E-03   3.07287E-04   1.79744E-05   1.10673E-09   2.89312E-04   1.53549E-03  -1.18180E-05   1.79744E-05   3.33956E-09  -2.97958E-05   8.14593E-05   2.80801E-05   1.79744E-05   1.92015E-09   1.01038E-05
