 kstep wat kin_energy mag_energy ep_energy ion_energy ep_energy_trns ion_energy_trns elcl_energy_trns mag_int mag_ideal dssp_energy total_energy
         0   0.00000E+00   0.00000E+00   3.04886E-12   1.32858E-14   6.00735E-15   0.00000E+00   0.00000E+00   0.00000E+00   0.00000E+00   0.00000E+00   0.00000E+00   3.04886E-12
      1000   3.78298E+00   1.47904E-12  -2.45524E-10   4.25646E-09  -2.47062E-10  -2.54584E-10  -2.48474E-11  -2.48615E-11  -4.12722E-10   1.13865E-10   3.61844E-10  -1.86494E-10
      2000   7.56596E+00   1.33765E-12  -1.46594E-09   1.41419E-09  -7.28524E-10   6.05870E-10   2.52424E-10   2.52366E-10  -1.68883E-09  -2.25105E-10   1.24445E-09   8.90506E-10
      3000   1.13489E+01   9.98927E-13  -3.26898E-09   1.67840E-08  -4.45952E-09   7.49959E-10   6.61949E-10   6.61874E-10  -3.45495E-09  -6.60772E-10   2.61121E-09   1.41701E-09
      4000   1.51319E+01   1.07711E-12  -5.51220E-09  -1.23953E-09   1.34166E-08   1.41941E-09   1.14970E-09   1.14962E-09  -5.59872E-09  -1.19211E-09   4.32227E-09   2.52988E-09
      5000   1.89149E+01   8.47910E-13  -7.87739E-09  -4.11149E-08   4.33238E-08   1.63933E-09   1.63635E-09   1.63627E-09  -7.92231E-09  -1.69118E-09   6.18406E-09   3.21947E-09
      6000   2.26979E+01   9.74663E-13  -1.15410E-08  -8.88579E-08   7.44767E-08   4.07571E-09   2.65489E-09   2.65479E-09  -1.15047E-08  -3.22201E-09   8.31859E-09   6.16400E-09
      7000   2.64808E+01   8.74770E-13  -1.33689E-08  -9.49785E-08   8.36114E-08   2.85667E-09   2.83448E-09   2.83438E-09  -1.32193E-08  -2.89004E-09   1.04822E-08   5.63966E-09
      8000   3.02638E+01   1.01877E-12  -1.62909E-08  -1.05790E-07   9.54503E-08   6.31860E-09   3.67763E-09   3.67756E-09  -1.62276E-08  -3.89989E-09   1.24009E-08   9.78484E-09
      9000   3.40468E+01   1.22154E-12  -1.97376E-08  -9.03213E-08   9.33566E-08   7.18535E-09   4.63136E-09   4.63131E-09  -1.95191E-08  -5.33229E-09   1.44125E-08   1.11241E-08
     10000   3.78298E+01   1.22569E-12  -2.37004E-08  -1.00901E-07   1.00228E-07   9.64502E-09   5.68369E-09   5.68364E-09  -2.34715E-08  -6.96373E-09   1.67424E-08   1.40555E-08
     11000   4.16128E+01   1.62563E-12  -2.55235E-08  -1.20266E-07   1.17774E-07   9.79761E-09   5.68378E-09   5.68372E-09  -2.52331E-08  -6.17125E-09   1.93532E-08   1.49964E-08
     12000   4.53957E+01   1.76579E-12  -2.74388E-08  -1.20356E-07   1.31840E-07   8.80716E-09   5.87005E-09   5.86999E-09  -2.73226E-08  -5.71347E-09   2.17338E-08   1.48440E-08
     13000   4.91787E+01   2.09372E-12  -3.25448E-08  -1.47439E-07   1.66454E-07   1.24043E-08   7.35201E-09   7.35196E-09  -3.21302E-08  -8.23643E-09   2.43232E-08   1.88888E-08
     14000   5.29617E+01   2.69786E-12  -3.47859E-08  -1.44232E-07   1.57894E-07   1.10983E-08   7.46159E-09   7.46159E-09  -3.47208E-08  -8.08061E-09   2.67334E-08   1.79716E-08
     15000   5.67447E+01   3.13758E-12  -3.78997E-08  -1.88391E-07   1.23327E-07   1.26887E-08   7.86951E-09   7.86952E-09  -3.76454E-08  -8.03527E-09   2.99025E-08   2.04337E-08
     16000   6.05276E+01   4.12477E-12  -4.40228E-08  -2.41673E-07   1.37115E-07   1.54484E-08   9.74703E-09   9.74704E-09  -4.35939E-08  -1.09610E-08   3.31030E-08   2.40268E-08
     17000   6.43106E+01   5.05205E-12  -4.58542E-08  -3.30145E-07   1.76949E-07   1.42307E-08   9.56554E-09   9.56552E-09  -4.56554E-08  -1.02928E-08   3.56033E-08   2.31160E-08
     18000   6.80936E+01   6.34461E-12  -4.87847E-08  -4.04945E-07   2.08022E-07   1.51668E-08   9.98508E-09   9.98506E-09  -4.87618E-08  -1.07971E-08   3.80385E-08   2.43971E-08
     19000   7.18766E+01   8.27779E-12  -5.33493E-08  -4.40837E-07   1.84449E-07   1.69259E-08   1.13665E-08   1.13666E-08  -5.28238E-08  -1.24886E-08   4.09303E-08   2.72483E-08
     20000   7.56596E+01   1.03061E-11  -5.68021E-08  -3.72852E-07   1.21787E-07   1.93510E-08   1.19862E-08   1.19863E-08  -5.62716E-08  -1.30432E-08   4.38512E-08   3.03831E-08
     21000   7.94425E+01   1.33176E-11  -5.69462E-08  -3.20638E-07   1.00392E-07   1.51836E-08   1.13246E-08   1.13247E-08  -5.65873E-08  -1.13322E-08   4.57257E-08   2.66257E-08
     22000   8.32255E+01   1.68772E-11  -6.54760E-08  -4.07506E-07   1.37502E-07   2.83609E-08   1.46644E-08   1.46645E-08  -6.54490E-08  -1.74372E-08   4.81534E-08   4.03840E-08
     23000   8.70085E+01   2.14519E-11  -6.44398E-08  -4.48974E-07   1.74673E-07   1.43024E-08   1.30896E-08   1.30896E-08  -6.38363E-08  -1.32140E-08   5.13352E-08   2.73985E-08
     24000   9.07915E+01   2.75106E-11  -6.92152E-08  -4.40875E-07   2.03783E-07   2.70089E-08   1.52060E-08   1.52062E-08  -6.99729E-08  -1.69438E-08   5.23749E-08   4.06084E-08
     25000   9.45744E+01   3.49261E-11  -6.52648E-08  -3.82377E-07   1.56018E-07   1.48336E-08   1.24255E-08   1.24258E-08  -6.67658E-08  -1.08823E-08   5.44782E-08   2.89332E-08
     26000   9.83574E+01   4.47362E-11  -7.98725E-08  -4.93984E-07   1.50997E-07   3.33950E-08   1.88639E-08   1.88643E-08  -8.10827E-08  -2.29288E-08   5.70305E-08   4.83258E-08
     27000   1.02140E+02   5.68430E-11  -9.05206E-08  -6.73954E-07   1.13542E-07   4.17228E-08   2.28513E-08   2.28516E-08  -9.03513E-08  -3.02577E-08   6.03368E-08   5.72987E-08
     28000   1.05923E+02   7.26452E-11  -7.67665E-08  -5.74301E-07   1.49547E-08   1.90691E-08   1.55565E-08   1.55568E-08  -7.75064E-08  -1.49867E-08   6.18433E-08   3.53320E-08
     29000   1.09706E+02   9.25843E-11  -8.57460E-08   2.19347E-07   6.85106E-10   2.87843E-08   1.89495E-08   1.89499E-08  -8.59708E-08  -2.10517E-08   6.47517E-08   4.57819E-08
     30000   1.13489E+02   1.17885E-10  -7.50420E-08   1.94815E-07   8.78028E-08   4.84068E-09   1.22938E-08   1.22944E-08  -7.35149E-08  -6.48307E-09   6.86207E-08   2.31255E-08
     31000   1.17272E+02   1.50942E-10  -7.79398E-08   3.55758E-07   2.71141E-07   1.73164E-08   1.28295E-08   1.28303E-08  -7.60853E-08  -7.00163E-09   7.10098E-08   3.61971E-08
     32000   1.21055E+02   1.91739E-10  -8.11532E-08   2.81250E-07   1.64359E-07   1.25817E-08   1.41256E-08   1.41265E-08  -8.08718E-08  -9.43642E-09   7.18049E-08   3.16773E-08
     33000   1.24838E+02   2.46540E-10  -8.16263E-08   5.82007E-07  -1.74133E-07   1.09771E-08   1.40387E-08   1.40396E-08  -8.25096E-08  -8.10373E-09   7.36288E-08   3.13045E-08
     34000   1.28621E+02   3.15116E-10  -7.60495E-08   5.85170E-07  -2.19962E-07  -7.86307E-10   1.16057E-08   1.16070E-08  -7.92994E-08  -1.45002E-09   7.47297E-08   2.14216E-08
     35000   1.32404E+02   4.03822E-10  -8.24320E-08   4.09491E-07   1.82491E-07   9.40401E-09   1.05853E-08   1.05869E-08  -8.04406E-08   4.39813E-10   8.30316E-08   3.15796E-08
     36000   1.36187E+02   5.15346E-10  -6.90805E-08   1.03311E-06   4.94737E-07  -2.82855E-08   4.42308E-09   4.42509E-09  -7.03482E-08   1.29076E-08   8.21843E-08  -5.81810E-09
     37000   1.39970E+02   6.55399E-10  -5.86375E-08   8.55986E-07   3.02449E-07  -1.27392E-08  -1.50523E-09  -1.50254E-09  -5.86414E-08   2.75499E-08   8.64177E-08   1.26886E-08
     38000   1.43753E+02   8.38901E-10  -7.85007E-08  -1.04855E-06  -1.19705E-07  -3.45421E-08   4.81717E-09   4.82053E-09  -7.45005E-08   1.52659E-08   9.40448E-08  -8.52147E-09
     39000   1.47536E+02   1.06481E-09  -1.25427E-07  -3.14639E-06   6.91907E-08   2.69323E-08   2.85505E-08   2.85544E-08  -1.29789E-07  -3.58125E-08   8.99631E-08   4.96377E-08
     40000   1.51319E+02   1.35902E-09  -1.12318E-07  -5.57171E-06   5.04155E-07  -1.69946E-08   1.79997E-08   1.80057E-08  -1.12352E-07  -1.35317E-08   9.92340E-08   7.28570E-09
     41000   1.55102E+02   1.73745E-09  -9.51421E-08  -5.43816E-06   4.20101E-07  -5.16223E-09   8.75838E-09   8.76556E-09  -9.42493E-08   9.22402E-09   1.04935E-07   2.38923E-08
     42000   1.58885E+02   2.21119E-09  -1.42764E-07  -3.66056E-06  -1.36832E-07  -2.54930E-08   3.07393E-08   3.07477E-08  -1.40559E-07  -3.35305E-08   1.09954E-07   5.39461E-09
     43000   1.62668E+02   2.82750E-09  -1.00746E-07   1.15872E-06  -6.13444E-07  -3.67061E-09   9.40967E-09   9.42117E-09  -9.82866E-08   1.18400E-08   1.13499E-07   3.07412E-08
     44000   1.66451E+02   3.60370E-09   5.62214E-08   5.06551E-06  -1.08084E-07  -2.76347E-07  -6.80892E-08  -6.80765E-08   6.04672E-08   1.74208E-07   1.19144E-07  -2.33544E-07
     45000   1.70234E+02   4.62414E-09  -5.20881E-08   4.90149E-06   9.93441E-07  -2.08453E-08  -5.60172E-09  -5.58305E-09  -6.70028E-08   5.06570E-08   1.04205E-07   2.47106E-08
     46000   1.74017E+02   5.89401E-09  -7.22009E-08   1.95597E-06   4.20200E-07  -8.92221E-08   3.54874E-09   3.57105E-09  -8.98026E-08   3.07940E-08   1.04839E-07  -4.35701E-08
     47000   1.77800E+02   7.56271E-09  -1.97753E-07  -7.27439E-06  -1.07709E-06   1.37224E-07   6.15288E-08   6.15498E-08  -2.06834E-07  -8.41287E-08   1.15964E-07   1.86076E-07
     48000   1.81583E+02   9.64615E-09  -2.58274E-07  -1.23473E-05  -1.37890E-06   9.15240E-08   9.29929E-08   9.30194E-08  -2.67791E-07  -1.44234E-07   1.17014E-07   1.45922E-07
     49000   1.85366E+02   1.22820E-08  -3.21895E-07  -1.12447E-05   1.11888E-06   2.45489E-07   1.20883E-07   1.20905E-07  -3.18401E-07  -1.95701E-07   1.29972E-07   3.07636E-07
     50000   1.89149E+02   1.57428E-08  -7.87758E-08  -4.06251E-06   2.79675E-06  -1.76675E-08   2.06774E-08   2.07082E-08  -1.04822E-07   1.50835E-08   9.86691E-08   5.93542E-08
     51000   1.92932E+02   2.00056E-08   1.10264E-07   1.60120E-06   1.16734E-07  -2.11266E-07  -6.95450E-08  -6.94925E-08   9.45884E-08   2.10404E-07   1.06272E-07  -1.13762E-07
     52000   1.96715E+02   2.56443E-08  -1.64403E-07   2.69018E-06  -4.19083E-06   8.00155E-08   6.41171E-08   6.41807E-08  -1.67947E-07  -5.65148E-08   1.15708E-07   1.85263E-07
     53000   2.00498E+02   3.27139E-08   7.06355E-10  -1.87477E-07  -4.49903E-06  -1.94879E-07  -1.28764E-08  -1.27884E-08  -4.00258E-09   1.04826E-07   1.14092E-07  -7.30316E-08
     54000   2.04281E+02   4.18095E-08   4.97425E-08   7.69418E-06   1.72542E-06  -3.68428E-08  -1.66951E-08  -1.65891E-08   3.24584E-08   1.41584E-07   1.04570E-07   1.25995E-07
     55000   2.08064E+02   5.34451E-08   2.21103E-07   1.41643E-05   5.86926E-06  -2.66374E-07  -1.00685E-07  -1.00523E-07   2.21047E-07   3.32270E-07   1.27419E-07  -6.56154E-08
     56000   2.11847E+02   6.83217E-08   4.05324E-07   2.19979E-05   2.16455E-06  -6.38988E-07  -1.66985E-07  -1.66708E-07   3.65799E-07   4.85751E-07   1.01182E-07  -3.97854E-07
     57000   2.15630E+02   8.72668E-08  -6.74262E-08   1.66965E-05  -5.31001E-06  -3.10955E-07   3.62616E-08   3.66350E-08  -3.45547E-08   1.01364E-07   1.95316E-07  -2.29020E-08
     58000   2.19413E+02   1.11820E-07   2.02037E-07   1.66286E-05  -8.85271E-06  -2.46560E-07  -5.63001E-08  -5.57523E-08   1.77460E-07   3.30974E-07   1.62856E-07   1.18101E-07
     59000   2.23196E+02   1.42110E-07   6.96590E-07   2.28569E-05  -3.60771E-06  -1.33037E-06  -2.72578E-07  -2.71878E-07   6.39253E-07   8.11630E-07   1.58402E-07  -8.77723E-07
     60000   2.26979E+02   1.82238E-07  -2.80791E-07   6.49172E-06   7.30868E-06   5.96508E-07   2.29819E-07   2.30662E-07  -3.24826E-07  -1.38297E-07   1.97918E-07   1.15635E-06
     61000   2.30762E+02   2.32147E-07   9.98341E-07  -1.54013E-05   2.74556E-06  -2.28975E-06  -4.12760E-07  -4.11607E-07   1.01557E-06   1.21042E-06   2.82928E-07  -1.60070E-06
     62000   2.34545E+02   2.97011E-07   1.98651E-07  -9.46803E-06  -4.25749E-06  -7.80673E-07  -1.99630E-08  -1.85680E-08   3.02405E-07   5.11551E-07   4.03463E-07   7.99214E-08
     63000   2.38328E+02   3.79986E-07   1.40068E-06   3.84910E-05  -1.04445E-05  -2.97639E-06  -5.45642E-07  -5.44053E-07   1.47584E-06   1.70824E-06   4.23353E-07  -1.86206E-06
     64000   2.42111E+02   4.83205E-07   1.66668E-06   6.55237E-05  -4.86843E-06  -2.97079E-06  -6.00560E-07  -5.98702E-07   1.73931E-06   1.99160E-06   4.72823E-07  -1.54734E-06
     65000   2.45894E+02   6.19602E-07   1.14349E-06   2.20699E-05   9.39398E-06  -2.51907E-06  -3.56134E-07  -3.53918E-07   1.42793E-06   1.69697E-06   7.42392E-07  -7.23635E-07
     66000   2.49677E+02   7.89087E-07   1.00681E-06   6.65020E-06   1.38510E-05  -2.97609E-06  -1.87272E-07  -1.84455E-07   1.28581E-06   1.58329E-06   8.17703E-07  -7.34223E-07
     67000   2.53460E+02   1.01116E-06   5.97695E-07   5.40337E-05   6.76740E-07  -2.37424E-06   2.22823E-07   2.25886E-07   7.95956E-07   1.12680E-06   8.37286E-07   5.20607E-07
     68000   2.57242E+02   1.29511E-06   3.06187E-06   7.90552E-05  -2.06378E-05  -4.76022E-06  -6.75740E-07  -6.72032E-07   3.02000E-06   3.38305E-06   7.15068E-07  -1.03595E-06
     69000   2.61025E+02   1.65378E-06   1.69103E-06   5.15048E-05  -1.97544E-05  -4.76841E-06   6.67867E-08   7.19090E-08   1.97990E-06   2.38584E-06   1.19792E-06  -8.69833E-08
     70000   2.64808E+02   2.12354E-06  -1.67546E-07   5.47547E-05   5.77745E-06  -1.87704E-06   1.22949E-06   1.23478E-06   2.41363E-07   7.15215E-07   1.52574E-06   4.06897E-06
     71000   2.68591E+02   2.72652E-06   3.22255E-06   3.56013E-05   2.24266E-05  -8.25167E-06   4.13830E-08   4.83728E-08   3.47460E-06   4.02492E-06   1.62471E-06  -5.88130E-07
     72000   2.72374E+02   3.48446E-06   2.87117E-06   1.74982E-05   2.29564E-05  -6.54096E-06   6.16450E-07   6.24647E-07   3.40789E-06   4.06836E-06   2.24931E-06   3.30508E-06
     73000   2.76157E+02   4.48564E-06   4.47847E-06  -1.03107E-04  -7.81020E-06  -1.41035E-05   4.47858E-07   4.57445E-07   4.94652E-06   5.80511E-06   2.67403E-06  -1.56008E-06
     74000   2.79940E+02   5.72417E-06  -1.90358E-07  -7.98308E-05   2.01393E-06  -5.68429E-06   3.40184E-06   3.41427E-06   4.12027E-07   1.57461E-06   3.48995E-06   1.01556E-05
     75000   2.83723E+02   7.29852E-06   8.03602E-06  -1.48733E-05   2.36397E-05  -2.23364E-05   1.03095E-07   1.15346E-07   9.02836E-06   1.05840E-05   4.75583E-06  -2.02756E-06
     76000   2.87506E+02   9.35058E-06   9.58636E-06  -1.79297E-04   6.62632E-05  -2.31368E-05   4.15562E-07   4.33527E-07   1.08128E-05   1.28998E-05   6.13985E-06   2.78904E-06
     77000   2.91289E+02   1.19245E-05   8.35644E-06  -4.13896E-04   5.69608E-05  -2.99171E-05   2.66577E-06   2.69031E-06   9.32790E-06   1.21430E-05   7.40355E-06   3.12346E-06
     78000   2.95072E+02   1.52258E-05   1.02358E-05  -2.73759E-04   3.46849E-08  -3.70062E-05   2.98714E-06   3.01754E-06   1.23193E-05   1.60958E-05   1.04867E-05   4.94681E-06
     79000   2.98855E+02   1.95090E-05   1.82713E-05  -1.32987E-04  -3.13753E-05  -5.01081E-05   1.34500E-06   1.38513E-06   2.06929E-05   2.57045E-05   1.33504E-05   3.75270E-06
     80000   3.02638E+02   2.47375E-05   2.15146E-05   6.06585E-05   4.31282E-05  -5.90832E-05   3.00493E-06   3.05021E-06   2.41150E-05   3.06340E-05   1.66822E-05   9.90625E-06
     81000   3.06421E+02   3.17832E-05   3.34583E-05   1.05500E-04   1.09010E-04  -8.99672E-05   7.35760E-07   7.89402E-07   3.68359E-05   4.51633E-05   2.13719E-05  -1.82868E-06
     82000   3.10204E+02   4.04415E-05   3.32725E-05  -3.36935E-05   1.31554E-04  -9.46712E-05   4.86377E-06   4.97301E-06   3.86848E-05   4.92502E-05   2.83289E-05   1.72084E-05
     83000   3.13987E+02   5.13892E-05   4.45767E-05  -2.54133E-04   1.74075E-05  -1.36136E-04   6.12117E-06   6.26536E-06   4.97222E-05   6.32027E-05   3.43918E-05   6.60783E-06
     84000   3.17770E+02   6.58635E-05   4.89326E-05  -8.98183E-04  -4.28083E-05  -1.55433E-04   1.15812E-05   1.17687E-05   5.50440E-05   7.23557E-05   4.35442E-05   2.62576E-05
     85000   3.21553E+02   8.35315E-05   6.09358E-05  -1.60371E-03   1.01647E-04  -2.00942E-04   1.59392E-05   1.61489E-05   6.74841E-05   8.97069E-05   5.44445E-05   3.00578E-05
     86000   3.25336E+02   1.06821E-04   8.55598E-05  -1.64817E-03   3.41280E-04  -2.74666E-04   1.51886E-05   1.54074E-05   9.62124E-05   1.24741E-04   7.19359E-05   2.02470E-05
     87000   3.29119E+02   1.36162E-04   1.15021E-04  -1.94137E-03   3.42434E-04  -3.42293E-04   1.59814E-05   1.63050E-05   1.29625E-04   1.66133E-04   9.29158E-05   3.40928E-05
     88000   3.32902E+02   1.72191E-04   1.37313E-04  -2.41527E-03   1.02705E-04  -4.31658E-04   2.60333E-05   2.63676E-05   1.54391E-04   2.00792E-04   1.16774E-04   4.70208E-05
     89000   3.36685E+02   2.20121E-04   1.46290E-04  -2.53091E-03  -9.77060E-05  -4.92166E-04   4.52654E-05   4.57105E-05   1.70811E-04   2.29564E-04   1.51157E-04   1.16378E-04
     90000   3.40468E+02   2.79419E-04   2.30518E-04  -2.84400E-03  -2.85339E-05  -7.23594E-04   3.62040E-05   3.68034E-05   2.62758E-04   3.36944E-04   1.92856E-04   5.22050E-05
     91000   3.44251E+02   3.55759E-04   2.54307E-04  -3.19357E-03   6.49291E-04  -8.24674E-04   6.83204E-05   6.87931E-05   2.92377E-04   3.86251E-04   2.41960E-04   1.64466E-04
     92000   3.48034E+02   4.53514E-04   3.74386E-04  -2.30150E-03   9.24194E-04  -1.14956E-03   6.04886E-05   6.13414E-05   4.25133E-04   5.43849E-04   3.09421E-04   1.09593E-04
     93000   3.51817E+02   5.74820E-04   4.76883E-04  -1.55162E-03   6.76241E-04  -1.41355E-03   7.99415E-05   8.11189E-05   5.36648E-04   6.86983E-04   3.88070E-04   1.87284E-04
     94000   3.55600E+02   7.29099E-04   5.84491E-04  -1.05287E-03   2.55994E-04  -1.78296E-03   1.10439E-04   1.11701E-04   6.63282E-04   8.53726E-04   4.95465E-04   2.48238E-04
     95000   3.59383E+02   9.22013E-04   7.84410E-04  -7.23174E-04   3.13005E-04  -2.32186E-03   1.15833E-04   1.17767E-04   8.88281E-04   1.12953E-03   6.32375E-04   2.50539E-04
     96000   3.63166E+02   1.16410E-03   9.62107E-04  -2.80157E-03   1.18263E-03  -2.87165E-03   1.60001E-04   1.62675E-04   1.09782E-03   1.40314E-03   8.05277E-04   3.82513E-04
     97000   3.66949E+02   1.46331E-03   1.22057E-03  -4.63961E-03   1.99717E-03  -3.67389E-03   2.02058E-04   2.05994E-04   1.38318E-03   1.77023E-03   1.01084E-03   4.28889E-04
     98000   3.70732E+02   1.83736E-03   1.57085E-03  -4.49625E-03   2.21044E-03  -4.60837E-03   2.39059E-04   2.44481E-04   1.76779E-03   2.25858E-03   1.27075E-03   5.54125E-04
     99000   3.74515E+02   2.29562E-03   2.03582E-03  -5.34829E-03   1.78307E-03  -5.93551E-03   2.61446E-04   2.68699E-04   2.28882E-03   2.91091E-03   1.61065E-03   5.36721E-04
    100000   3.78298E+02   2.86753E-03   2.42971E-03  -7.60162E-03   2.13105E-03  -7.28542E-03   3.77396E-04   3.85985E-04   2.75438E-03   3.54278E-03   2.03869E-03   8.13894E-04
    101000   3.82081E+02   3.54924E-03   3.01313E-03  -8.56544E-03   3.21704E-03  -9.13697E-03   4.70701E-04   4.81520E-04   3.43186E-03   4.42996E-03   2.57841E-03   9.56029E-04
    102000   3.85864E+02   4.37042E-03   3.82497E-03  -9.80917E-03   4.56813E-03  -1.14074E-02   5.26735E-04   5.39422E-04   4.34351E-03   5.60410E-03   3.23231E-03   1.08650E-03
    103000   3.89647E+02   5.34941E-03   4.65090E-03  -5.74144E-03   6.02603E-03  -1.40711E-02   6.54961E-04   6.70826E-04   5.30374E-03   6.88878E-03   4.04843E-03   1.30340E-03
    104000   3.93430E+02   6.47673E-03   5.63458E-03  -4.63806E-03   5.83185E-03  -1.71466E-02   8.17988E-04   8.36238E-04   6.47031E-03   8.45527E-03   5.06883E-03   1.68776E-03
    105000   3.97213E+02   7.77512E-03   6.79567E-03  -3.88250E-03   4.85855E-03  -2.10270E-02   9.79910E-04   9.98386E-04   7.84695E-03   1.03163E-02   6.30158E-03   1.82366E-03
    106000   4.00996E+02   9.27820E-03   7.95566E-03  -3.71829E-03   6.74669E-03  -2.50581E-02   1.24694E-03   1.27097E-03   9.26355E-03   1.23149E-02   7.78337E-03   2.47701E-03
    107000   4.04779E+02   1.09167E-02   9.66494E-03  -5.10871E-03   1.00828E-02  -3.04562E-02   1.38390E-03   1.40741E-03   1.12900E-02   1.50403E-02   9.57012E-03   2.48687E-03
    108000   4.08562E+02   1.27774E-02   1.10090E-02  -2.32669E-03   1.38621E-02  -3.57812E-02   1.77747E-03   1.80326E-03   1.30406E-02   1.76139E-02   1.17178E-02   3.30382E-03
    109000   4.12345E+02   1.47588E-02   1.27139E-02   5.07299E-03   1.41759E-02  -4.23338E-02   2.06518E-03   2.10253E-03   1.52599E-02   2.08031E-02   1.42844E-02   3.59098E-03
    110000   4.16128E+02   1.68777E-02   1.47442E-02   1.87247E-02   1.24823E-02  -4.96505E-02   2.34601E-03   2.39100E-03   1.78401E-02   2.45025E-02   1.72208E-02   3.92909E-03
    111000   4.19911E+02   1.91594E-02   1.66363E-02   2.65781E-02   1.40072E-02  -5.77258E-02   2.72176E-03   2.78934E-03   2.04744E-02   2.84237E-02   2.07252E-02   4.30617E-03
    112000   4.23693E+02   2.14985E-02   1.83543E-02   2.60712E-02   1.92126E-02  -6.61167E-02   3.28329E-03   3.38031E-03   2.30194E-02   3.24305E-02   2.47158E-02   5.11555E-03
    113000   4.27476E+02   2.38967E-02   2.01308E-02   2.97803E-02   2.34299E-02  -7.53812E-02   3.76067E-03   3.90881E-03   2.58428E-02   3.68832E-02   2.93275E-02   5.64324E-03
    114000   4.31259E+02   2.61167E-02   2.20932E-02   3.05736E-02   2.38473E-02  -8.53755E-02   4.24666E-03   4.47180E-03   2.90134E-02   4.18462E-02   3.45045E-02   6.05736E-03
    115000   4.35042E+02   2.83435E-02   2.34238E-02   3.08757E-02   2.32512E-02  -9.54542E-02   5.01174E-03   5.32692E-03   3.17603E-02   4.65643E-02   4.03256E-02   6.97741E-03
    116000   4.38825E+02   3.05412E-02   2.46195E-02   2.46835E-02   2.42528E-02  -1.06478E-01   5.69750E-03   6.13593E-03   3.45876E-02   5.15070E-02   4.67430E-02   7.25895E-03
    117000   4.42608E+02   3.25385E-02   2.59663E-02   2.45118E-02   2.96628E-02  -1.17222E-01   6.43403E-03   7.05320E-03   3.76713E-02   5.68512E-02   5.36623E-02   8.43212E-03
    118000   4.46391E+02   3.45659E-02   2.73792E-02   1.70290E-02   3.42596E-02  -1.29618E-01   7.04218E-03   7.87672E-03   4.11339E-02   6.26950E-02   6.12392E-02   8.48493E-03
    119000   4.50174E+02   3.62270E-02   2.80288E-02   1.95895E-02   3.76869E-02  -1.40956E-01   8.03438E-03   9.15653E-03   4.39863E-02   6.80551E-02   6.93067E-02   9.79719E-03
    120000   4.53957E+02   3.80105E-02   2.92297E-02   2.82840E-02   3.85820E-02  -1.54369E-01   8.56167E-03   1.00089E-02   4.75799E-02   7.42772E-02   7.78874E-02   9.32907E-03
    121000   4.57740E+02   3.94140E-02   2.96595E-02   1.61283E-02   3.96942E-02  -1.66117E-01   9.48763E-03   1.13041E-02   5.06296E-02   8.00470E-02   8.70148E-02   1.07626E-02
    122000   4.61523E+02   4.04652E-02   2.96153E-02   8.34824E-03   4.43499E-02  -1.78835E-01   1.05416E-02   1.27297E-02   5.32897E-02   8.55284E-02   9.64982E-02   1.10153E-02
    123000   4.65306E+02   4.13854E-02   2.85512E-02   6.93529E-03   5.21780E-02  -1.89781E-01   1.17716E-02   1.44099E-02   5.51988E-02   9.03081E-02   1.06507E-01   1.28440E-02
    124000   4.69089E+02   4.17076E-02   2.87737E-02   1.36623E-02   5.25234E-02  -2.02847E-01   1.23040E-02   1.54845E-02   5.84698E-02   9.64770E-02   1.16710E-01   1.21329E-02
    125000   4.72872E+02   4.15797E-02   2.77491E-02   1.97604E-02   5.59379E-02  -2.13682E-01   1.33881E-02   1.71264E-02   6.05057E-02   1.01421E-01   1.26990E-01   1.31520E-02
    126000   4.76655E+02   4.15316E-02   2.62711E-02   1.53792E-02   5.70813E-02  -2.24474E-01   1.44131E-02   1.87152E-02   6.21758E-02   1.05983E-01   1.37358E-01   1.38148E-02
    127000   4.80438E+02   4.07833E-02   2.52922E-02   1.90430E-02   6.49936E-02  -2.34946E-01   1.53351E-02   2.02008E-02   6.43210E-02   1.10994E-01   1.47652E-01   1.43166E-02
    128000   4.84221E+02   4.00720E-02   2.38163E-02   1.84191E-02   7.18176E-02  -2.44706E-01   1.62209E-02   2.17014E-02   6.58744E-02   1.15404E-01   1.57777E-01   1.48823E-02
    129000   4.88004E+02   3.92478E-02   2.20642E-02   8.04710E-03   7.10937E-02  -2.54022E-01   1.69567E-02   2.30893E-02   6.70215E-02   1.19375E-01   1.67676E-01   1.50122E-02
    130000   4.91787E+02   3.78259E-02   1.94794E-02  -1.58647E-02   7.20261E-02  -2.61875E-01   1.81624E-02   2.49613E-02   6.72685E-02   1.22392E-01   1.77347E-01   1.59012E-02
    131000   4.95570E+02   3.67015E-02   1.72172E-02  -2.00504E-02   7.15801E-02  -2.68725E-01   1.88836E-02   2.63180E-02   6.76741E-02   1.25484E-01   1.86607E-01   1.70024E-02
    132000   4.99353E+02   3.50428E-02   1.69261E-02  -3.05022E-02   7.01438E-02  -2.78645E-01   1.87856E-02   2.68276E-02   6.97946E-02   1.30232E-01   1.95367E-01   1.43046E-02
    133000   5.03136E+02   3.38717E-02   1.24442E-02  -4.11606E-02   7.72158E-02  -2.81520E-01   2.05816E-02   2.92363E-02   6.75677E-02   1.30513E-01   2.03650E-01   1.82636E-02
    134000   5.06919E+02   3.21933E-02   1.17259E-02  -6.41756E-02   7.58569E-02  -2.89477E-01   2.05843E-02   2.98614E-02   6.90126E-02   1.34419E-01   2.11635E-01   1.65228E-02
    135000   5.10702E+02   3.11840E-02   1.04832E-02  -7.70531E-02   7.54437E-02  -2.95960E-01   2.05085E-02   3.04698E-02   6.96462E-02   1.37388E-01   2.19010E-01   1.56955E-02
    136000   5.14485E+02   2.95551E-02   6.80414E-03  -7.83856E-02   7.99112E-02  -2.98727E-01   2.18418E-02   3.24527E-02   6.78093E-02   1.37790E-01   2.26093E-01   1.80192E-02
    137000   5.18268E+02   2.80981E-02   5.75623E-03  -9.17016E-02   7.77452E-02  -3.04461E-01   2.15884E-02   3.27927E-02   6.83758E-02   1.40513E-01   2.32663E-01   1.64377E-02
    138000   5.22051E+02   2.67437E-02   4.28703E-03  -1.05054E-01   7.71104E-02  -3.09126E-01   2.15202E-02   3.33081E-02   6.83491E-02   1.42505E-01   2.38767E-01   1.55000E-02
    139000   5.25834E+02   2.49358E-02   7.00636E-04  -1.03992E-01   7.94832E-02  -3.10412E-01   2.24879E-02   3.49121E-02   6.62821E-02   1.42366E-01   2.44668E-01   1.72927E-02
    140000   5.29617E+02   2.32442E-02  -4.47658E-04  -1.09768E-01   7.72900E-02  -3.14500E-01   2.20943E-02   3.51727E-02   6.63649E-02   1.44260E-01   2.49984E-01   1.55466E-02
    141000   5.33400E+02   2.15675E-02  -2.35643E-03  -1.15764E-01   7.68851E-02  -3.17106E-01   2.20422E-02   3.57555E-02   6.56830E-02   1.45251E-01   2.55014E-01   1.49166E-02
    142000   5.37183E+02   1.98188E-02  -5.14344E-03  -1.25913E-01   8.07805E-02  -3.17931E-01   2.25425E-02   3.68023E-02   6.39549E-02   1.45125E-01   2.59658E-01   1.57471E-02
    143000   5.40966E+02   1.83321E-02  -6.50446E-03  -1.47693E-01   7.89573E-02  -3.21195E-01   2.21886E-02   3.69797E-02   6.34452E-02   1.46074E-01   2.63798E-01   1.35988E-02
    144000   5.44749E+02   1.65812E-02  -9.31622E-03  -1.60826E-01   7.86898E-02  -3.20669E-01   2.27471E-02   3.80557E-02   6.14918E-02   1.45484E-01   2.67695E-01   1.50931E-02
    145000   5.48532E+02   1.49774E-02  -1.01985E-02  -1.79970E-01   7.41639E-02  -3.23029E-01   2.22847E-02   3.81190E-02   6.11721E-02   1.46415E-01   2.71036E-01   1.31898E-02
    146000   5.52315E+02   1.33940E-02  -1.20492E-02  -1.98318E-01   7.38825E-02  -3.23482E-01   2.22239E-02   3.85505E-02   6.00407E-02   1.46388E-01   2.74269E-01   1.29058E-02
    147000   5.56098E+02   1.16571E-02  -1.44155E-02  -2.07150E-01   7.63790E-02  -3.23625E-01   2.25823E-02   3.93327E-02   5.83303E-02   1.45693E-01   2.77216E-01   1.27482E-02
    148000   5.59881E+02   1.04031E-02  -1.58590E-02  -2.22314E-01   7.64762E-02  -3.23753E-01   2.23228E-02   3.94163E-02   5.75463E-02   1.45801E-01   2.79922E-01   1.24526E-02
    149000   5.63664E+02   8.96591E-03  -1.66428E-02  -2.35941E-01   7.41171E-02  -3.25018E-01   2.19965E-02   3.94248E-02   5.72779E-02   1.46333E-01   2.82264E-01   1.09904E-02
    150000   5.67447E+02   7.79920E-03  -1.93248E-02  -2.40481E-01   7.50854E-02  -3.23398E-01   2.25903E-02   4.03275E-02   5.50368E-02   1.44802E-01   2.84333E-01   1.23271E-02
    151000   5.71230E+02   6.85919E-03  -1.98434E-02  -2.49032E-01   7.11926E-02  -3.25095E-01   2.20525E-02   4.00826E-02   5.49288E-02   1.45304E-01   2.86183E-01   1.02386E-02
    152000   5.75013E+02   5.67785E-03  -2.04347E-02  -2.57508E-01   7.02748E-02  -3.25365E-01   2.18311E-02   4.01283E-02   5.47370E-02   1.45675E-01   2.87866E-01   9.70273E-03
    153000   5.78796E+02   4.99906E-03  -2.19757E-02  -2.61890E-01   7.25656E-02  -3.24620E-01   2.19684E-02   4.05197E-02   5.35565E-02   1.44993E-01   2.89360E-01   1.02519E-02
    154000   5.82579E+02   4.36293E-03  -2.20301E-02  -2.68350E-01   6.91471E-02  -3.26737E-01   2.13717E-02   4.01730E-02   5.39580E-02   1.45845E-01   2.90824E-01   7.96485E-03
    155000   5.86362E+02   4.01634E-03  -2.35815E-02  -2.70484E-01   7.00320E-02  -3.26172E-01   2.18379E-02   4.08701E-02   5.27177E-02   1.45027E-01   2.92055E-01   9.02527E-03
    156000   5.90145E+02   3.93772E-03  -2.35133E-02  -2.73767E-01   6.89483E-02  -3.27208E-01   2.16356E-02   4.08602E-02   5.30194E-02   1.45718E-01   2.93136E-01   8.84826E-03
    157000   5.93927E+02   4.00490E-03  -2.21802E-02  -2.83798E-01   6.53263E-02  -3.30903E-01   2.07093E-02   4.01153E-02   5.47094E-02   1.47757E-01   2.94276E-01   6.02136E-03
    158000   5.97710E+02   4.22003E-03  -2.45543E-02  -2.82283E-01   7.16497E-02  -3.29490E-01   2.18890E-02   4.14769E-02   5.26206E-02   1.46002E-01   2.95322E-01   8.86291E-03
    159000   6.01493E+02   4.52009E-03  -2.30642E-02  -2.83954E-01   7.03588E-02  -3.32813E-01   2.12378E-02   4.10263E-02   5.43883E-02   1.48111E-01   2.96369E-01   7.27604E-03
    160000   6.05276E+02   5.13718E-03  -2.09997E-02  -2.88894E-01   6.73308E-02  -3.37495E-01   2.02214E-02   4.02662E-02   5.67360E-02   1.50824E-01   2.97463E-01   4.59371E-03
    161000   6.09059E+02   5.52388E-03  -2.34980E-02  -2.84715E-01   7.41690E-02  -3.36227E-01   2.15799E-02   4.19061E-02   5.46249E-02   1.49129E-01   2.98745E-01   8.02922E-03
    162000   6.12842E+02   6.07360E-03  -2.16478E-02  -2.87348E-01   7.10115E-02  -3.41672E-01   2.06439E-02   4.12549E-02   5.67487E-02   1.51704E-01   2.99994E-01   4.64668E-03
    163000   6.16625E+02   6.54666E-03  -2.02090E-02  -2.88412E-01   6.94003E-02  -3.44856E-01   1.99679E-02   4.08666E-02   5.85341E-02   1.54009E-01   3.01434E-01   3.75025E-03
    164000   6.20408E+02   6.75351E-03  -2.14456E-02  -2.91671E-01   7.29308E-02  -3.45837E-01   2.06290E-02   4.18186E-02   5.76229E-02   1.53650E-01   3.02930E-01   4.84789E-03
    165000   6.24191E+02   7.05181E-03  -2.18130E-02  -2.95352E-01   7.30932E-02  -3.48909E-01   2.05003E-02   4.19850E-02   5.77739E-02   1.54392E-01   3.04700E-01   3.51504E-03
    166000   6.27974E+02   7.20576E-03  -2.12049E-02  -2.97819E-01   7.19903E-02  -3.51488E-01   2.01952E-02   4.19737E-02   5.86664E-02   1.55879E-01   3.06269E-01   2.95057E-03
    167000   6.31757E+02   7.27261E-03  -2.08978E-02  -3.00068E-01   6.97321E-02  -3.53974E-01   1.98693E-02   4.19077E-02   5.94353E-02   1.57249E-01   3.08047E-01   2.22528E-03
    168000   6.35540E+02   7.26149E-03  -2.17309E-02  -3.02945E-01   6.96157E-02  -3.56448E-01   2.00117E-02   4.22935E-02   5.90445E-02   1.57449E-01   3.09816E-01   1.20449E-03
    169000   6.39323E+02   7.14090E-03  -2.27940E-02  -3.05300E-01   7.37815E-02  -3.56599E-01   2.04171E-02   4.29212E-02   5.83308E-02   1.57318E-01   3.11496E-01   2.58233E-03
    170000   6.43106E+02   6.96511E-03  -2.12199E-02  -3.18153E-01   7.09647E-02  -3.61279E-01   1.93666E-02   4.21087E-02   6.04294E-02   1.59963E-01   3.13308E-01  -7.50697E-04
    171000   6.46889E+02   6.87744E-03  -2.30575E-02  -3.26356E-01   7.27878E-02  -3.60868E-01   2.00664E-02   4.30503E-02   5.90116E-02   1.59122E-01   3.15036E-01   1.10382E-03
    172000   6.50672E+02   6.75633E-03  -2.33885E-02  -3.36041E-01   7.19585E-02  -3.62892E-01   1.99420E-02   4.31906E-02   5.90517E-02   1.59706E-01   3.16663E-01   2.70928E-04
    173000   6.54455E+02   6.58562E-03  -2.24471E-02  -3.43988E-01   6.95537E-02  -3.66258E-01   1.91989E-02   4.27104E-02   6.04309E-02   1.61653E-01   3.18358E-01  -1.85144E-03
    174000   6.58238E+02   6.42625E-03  -2.37603E-02  -3.47269E-01   7.10886E-02  -3.66048E-01   1.96723E-02   4.34349E-02   5.94703E-02   1.61251E-01   3.19934E-01  -3.41631E-04
    175000   6.62021E+02   6.39966E-03  -2.37968E-02  -3.54779E-01   6.88226E-02  -3.69284E-01   1.92135E-02   4.32639E-02   5.99297E-02   1.62288E-01   3.21649E-01  -2.55461E-03
    176000   6.65804E+02   6.19773E-03  -2.39967E-02  -3.62526E-01   7.07997E-02  -3.70391E-01   1.90846E-02   4.34318E-02   6.00653E-02   1.63006E-01   3.23182E-01  -2.49069E-03
    177000   6.69587E+02   6.15809E-03  -2.44649E-02  -3.71415E-01   7.15287E-02  -3.72224E-01   1.89254E-02   4.35925E-02   6.00473E-02   1.63556E-01   3.24793E-01  -3.21986E-03
    178000   6.73370E+02   6.01199E-03  -2.45165E-02  -3.77903E-01   7.19998E-02  -3.74376E-01   1.85848E-02   4.35584E-02   6.04044E-02   1.64490E-01   3.26354E-01  -4.38321E-03
    179000   6.77153E+02   5.84983E-03  -2.51448E-02  -3.83212E-01   7.23311E-02  -3.75307E-01   1.85791E-02   4.38339E-02   6.01363E-02   1.64767E-01   3.27809E-01  -4.37924E-03
    180000   6.80936E+02   5.67235E-03  -2.50031E-02  -3.86800E-01   6.93532E-02  -3.78026E-01   1.81738E-02   4.37044E-02   6.05709E-02   1.65756E-01   3.29193E-01  -6.28550E-03
    181000   6.84719E+02   5.49909E-03  -2.56835E-02  -3.88558E-01   7.10295E-02  -3.78086E-01   1.81519E-02   4.39247E-02   6.02758E-02   1.66004E-01   3.30643E-01  -5.55055E-03
    182000   6.88502E+02   5.20543E-03  -2.56783E-02  -3.93412E-01   7.22268E-02  -3.80835E-01   1.78630E-02   4.38895E-02   6.05938E-02   1.66856E-01   3.31995E-01  -7.56088E-03
    183000   6.92285E+02   5.10440E-03  -2.61538E-02  -3.98381E-01   7.41838E-02  -3.80997E-01   1.77700E-02   4.39908E-02   6.04272E-02   1.67216E-01   3.33320E-01  -6.96477E-03
    184000   6.96068E+02   4.98958E-03  -2.62078E-02  -4.06305E-01   7.18379E-02  -3.83892E-01   1.74541E-02   4.38970E-02   6.07443E-02   1.67989E-01   3.34627E-01  -9.13191E-03
    185000   6.99851E+02   4.84065E-03  -2.72255E-02  -4.09301E-01   7.19427E-02  -3.83708E-01   1.76791E-02   4.43565E-02   6.00922E-02   1.67807E-01   3.35924E-01  -8.13305E-03
    186000   7.03634E+02   4.73434E-03  -2.63358E-02  -4.14057E-01   6.74861E-02  -3.86818E-01   1.70124E-02   4.39252E-02   6.11691E-02   1.69301E-01   3.36982E-01  -1.04993E-02
    187000   7.07417E+02   4.59125E-03  -2.74469E-02  -4.17261E-01   6.82235E-02  -3.87198E-01   1.71288E-02   4.43525E-02   6.03491E-02   1.68912E-01   3.38138E-01  -1.04340E-02
    188000   7.11200E+02   4.36408E-03  -2.84371E-02  -4.21214E-01   6.96345E-02  -3.87435E-01   1.73190E-02   4.48282E-02   5.97182E-02   1.68683E-01   3.39318E-01  -1.00424E-02
    189000   7.14983E+02   4.23590E-03  -2.70793E-02  -4.28932E-01   6.71467E-02  -3.91018E-01   1.60905E-02   4.39621E-02   6.14336E-02   1.70796E-01   3.40484E-01  -1.33250E-02
    190000   7.18766E+02   3.89483E-03  -2.88058E-02  -4.33016E-01   7.04145E-02  -3.90880E-01   1.65223E-02   4.47266E-02   6.00925E-02   1.69857E-01   3.41677E-01  -1.28648E-02
    191000   7.22549E+02   3.60438E-03  -2.96323E-02  -4.36684E-01   6.97129E-02  -3.90722E-01   1.64796E-02   4.50157E-02   5.94880E-02   1.69627E-01   3.42662E-01  -1.25932E-02
    192000   7.26332E+02   3.23849E-03  -2.82426E-02  -4.45559E-01   6.37292E-02  -3.94430E-01   1.53552E-02   4.41579E-02   6.11251E-02   1.71649E-01   3.43662E-01  -1.62592E-02
    193000   7.30115E+02   2.95229E-03  -3.05705E-02  -4.46136E-01   6.76090E-02  -3.91758E-01   1.61884E-02   4.51857E-02   5.91379E-02   1.70000E-01   3.44692E-01  -1.33104E-02
    194000   7.33898E+02   2.71103E-03  -2.96187E-02  -4.55384E-01   6.46656E-02  -3.96136E-01   1.51759E-02   4.43639E-02   6.03595E-02   1.71559E-01   3.45629E-01  -1.78748E-02
    195000   7.37681E+02   2.37060E-03  -3.09502E-02  -4.56527E-01   6.75556E-02  -3.94249E-01   1.55360E-02   4.48743E-02   5.93487E-02   1.70862E-01   3.46567E-01  -1.58514E-02
    196000   7.41464E+02   2.14485E-03  -3.08771E-02  -4.60114E-01   6.58004E-02  -3.96065E-01   1.51330E-02   4.45611E-02   5.96778E-02   1.71458E-01   3.47372E-01  -1.77321E-02
    197000   7.45247E+02   1.87271E-03  -3.11043E-02  -4.64261E-01   6.52721E-02  -3.97293E-01   1.49250E-02   4.44321E-02   5.96154E-02   1.71651E-01   3.48050E-01  -1.91173E-02
    198000   7.49030E+02   1.62901E-03  -3.21262E-02  -4.66178E-01   6.68184E-02  -3.96277E-01   1.52056E-02   4.47786E-02   5.88394E-02   1.71103E-01   3.48764E-01  -1.80257E-02
    199000   7.52813E+02   1.42319E-03  -3.05514E-02  -4.71998E-01   6.17326E-02  -3.99707E-01   1.39484E-02   4.36582E-02   6.07220E-02   1.73207E-01   3.49510E-01  -2.17188E-02
    200000   7.56596E+02   1.24402E-03  -3.27238E-02  -4.72046E-01   6.62813E-02  -3.98309E-01   1.47951E-02   4.46567E-02   5.87249E-02   1.71400E-01   3.50071E-01  -2.02659E-02
    201000   7.60379E+02   1.05509E-03  -3.31733E-02  -4.73695E-01   6.63695E-02  -3.98115E-01   1.47113E-02   4.47834E-02   5.84784E-02   1.71348E-01   3.50643E-01  -2.00952E-02
    202000   7.64161E+02   1.00275E-03  -3.03825E-02  -4.80694E-01   5.89870E-02  -4.03360E-01   1.29094E-02   4.32390E-02   6.14440E-02   1.74503E-01   3.51164E-01  -2.54282E-02
    203000   7.67944E+02   9.42675E-04  -3.34326E-02  -4.77194E-01   6.48070E-02  -3.99870E-01   1.41856E-02   4.47602E-02   5.86107E-02   1.71885E-01   3.51737E-01  -2.16770E-02
    204000   7.71727E+02   9.04345E-04  -3.27332E-02  -4.83782E-01   6.16644E-02  -4.03101E-01   1.35026E-02   4.43024E-02   5.94801E-02   1.72957E-01   3.52240E-01  -2.48848E-02
    205000   7.75510E+02   8.76562E-04  -3.17282E-02  -4.86446E-01   6.11490E-02  -4.04163E-01   1.27745E-02   4.37443E-02   6.06636E-02   1.74379E-01   3.52783E-01  -2.57130E-02
    206000   7.79293E+02   9.56533E-04  -3.25342E-02  -4.87144E-01   6.32276E-02  -4.04222E-01   1.30063E-02   4.40798E-02   6.00446E-02   1.73965E-01   3.53295E-01  -2.54180E-02
    207000   7.83076E+02   1.08341E-03  -3.26098E-02  -4.87922E-01   6.28151E-02  -4.06695E-01   1.27997E-02   4.39774E-02   6.01162E-02   1.74282E-01   3.53807E-01  -2.76374E-02
    208000   7.86859E+02   1.17992E-03  -3.28184E-02  -4.85329E-01   6.54823E-02  -4.06017E-01   1.29738E-02   4.41385E-02   6.00611E-02   1.74448E-01   3.54302E-01  -2.62409E-02
    209000   7.90642E+02   1.40164E-03  -3.08669E-02  -4.90010E-01   6.13824E-02  -4.10380E-01   1.18101E-02   4.30049E-02   6.21713E-02   1.76754E-01   3.54784E-01  -3.02468E-02
    210000   7.94425E+02   1.59884E-03  -3.28353E-02  -4.85779E-01   6.57450E-02  -4.09089E-01   1.27224E-02   4.39421E-02   6.04972E-02   1.75292E-01   3.55429E-01  -2.82319E-02
    211000   7.98208E+02   1.82492E-03  -3.24992E-02  -4.85871E-01   6.56543E-02  -4.10512E-01   1.24980E-02   4.37781E-02   6.10501E-02   1.76044E-01   3.56002E-01  -2.89084E-02
    212000   8.01991E+02   1.99474E-03  -3.02133E-02  -4.90951E-01   6.15762E-02  -4.15052E-01   1.12214E-02   4.25854E-02   6.34979E-02   1.78729E-01   3.56575E-01  -3.28889E-02
    213000   8.05774E+02   2.16265E-03  -3.21800E-02  -4.88749E-01   6.66535E-02  -4.12930E-01   1.21575E-02   4.35878E-02   6.17497E-02   1.77229E-01   3.57236E-01  -2.99658E-02
    214000   8.09557E+02   2.26187E-03  -3.12405E-02  -4.94015E-01   6.33691E-02  -4.17081E-01   1.14769E-02   4.30719E-02   6.28219E-02   1.78595E-01   3.57875E-01  -3.36358E-02
    215000   8.13340E+02   2.46336E-03  -3.13068E-02  -4.91141E-01   6.54465E-02  -4.16776E-01   1.13836E-02   4.31230E-02   6.29821E-02   1.79099E-01   3.58674E-01  -3.24383E-02
    216000   8.17123E+02   2.59622E-03  -3.05932E-02  -4.94068E-01   6.28578E-02  -4.20108E-01   1.07951E-02   4.27039E-02   6.39589E-02   1.80416E-01   3.59521E-01  -3.50859E-02
    217000   8.20906E+02   2.66577E-03  -3.17087E-02  -4.93467E-01   6.37828E-02  -4.20616E-01   1.11059E-02   4.31749E-02   6.31272E-02   1.79978E-01   3.60450E-01  -3.49286E-02
    218000   8.24689E+02   2.86661E-03  -3.19840E-02  -4.94504E-01   6.48740E-02  -4.21523E-01   1.10675E-02   4.32452E-02   6.31104E-02   1.80347E-01   3.61360E-01  -3.49669E-02
    219000   8.28472E+02   2.88421E-03  -3.02195E-02  -5.01324E-01   6.18286E-02  -4.25238E-01   1.00145E-02   4.22632E-02   6.50512E-02   1.82696E-01   3.62221E-01  -3.80746E-02
    220000   8.32255E+02   2.93512E-03  -3.16577E-02  -5.06278E-01   6.49557E-02  -4.25209E-01   1.05773E-02   4.28388E-02   6.38172E-02   1.81841E-01   3.63092E-01  -3.74242E-02
    221000   8.36038E+02   2.88147E-03  -3.27815E-02  -5.08401E-01   6.73740E-02  -4.25054E-01   1.09680E-02   4.32578E-02   6.28594E-02   1.81277E-01   3.63952E-01  -3.67757E-02
    222000   8.39821E+02   2.87544E-03  -3.06960E-02  -5.12351E-01   6.23715E-02  -4.29431E-01   9.53586E-03   4.18902E-02   6.52891E-02   1.84093E-01   3.64996E-01  -4.08299E-02
    223000   8.43604E+02   2.73796E-03  -3.21186E-02  -5.09932E-01   6.37710E-02  -4.29285E-01   9.99898E-03   4.24414E-02   6.41260E-02   1.83331E-01   3.65976E-01  -4.02496E-02
    224000   8.47387E+02   2.55295E-03  -3.35550E-02  -5.12086E-01   6.61952E-02  -4.29064E-01   1.03579E-02   4.28811E-02   6.30619E-02   1.82659E-01   3.67059E-01  -3.97681E-02
    225000   8.51170E+02   2.44617E-03  -3.12263E-02  -5.19755E-01   6.09874E-02  -4.33176E-01   8.85219E-03   4.14590E-02   6.55899E-02   1.85546E-01   3.67924E-01  -4.37213E-02
    226000   8.54953E+02   2.20575E-03  -3.29961E-02  -5.18660E-01   6.54859E-02  -4.32041E-01   9.40079E-03   4.21207E-02   6.41717E-02   1.84477E-01   3.68910E-01  -4.24003E-02
    227000   8.58736E+02   2.05896E-03  -3.42691E-02  -5.22489E-01   6.68562E-02  -4.32893E-01   9.67503E-03   4.25190E-02   6.31471E-02   1.83788E-01   3.69760E-01  -4.31492E-02
    228000   8.62519E+02   1.92403E-03  -3.27600E-02  -5.27064E-01   6.30986E-02  -4.35208E-01   8.59418E-03   4.15291E-02   6.48628E-02   1.85826E-01   3.70536E-01  -4.53843E-02
    229000   8.66302E+02   1.76183E-03  -3.30864E-02  -5.32397E-01   6.31299E-02  -4.36109E-01   8.50616E-03   4.15475E-02   6.46711E-02   1.85952E-01   3.71220E-01  -4.61601E-02
    230000   8.70085E+02   1.61725E-03  -3.46287E-02  -5.35494E-01   6.39736E-02  -4.36004E-01   8.91693E-03   4.20546E-02   6.33987E-02   1.84994E-01   3.72025E-01  -4.60185E-02
    231000   8.73868E+02   1.52410E-03  -3.39337E-02  -5.39879E-01   6.15689E-02  -4.37754E-01   8.28503E-03   4.15181E-02   6.42745E-02   1.86163E-01   3.72704E-01  -4.76569E-02
    232000   8.77651E+02   1.40211E-03  -3.34341E-02  -5.45679E-01   6.05880E-02  -4.39677E-01   7.69987E-03   4.10414E-02   6.50375E-02   1.87226E-01   3.73461E-01  -4.95071E-02
    233000   8.81434E+02   1.33568E-03  -3.46576E-02  -5.47358E-01   6.29297E-02  -4.39421E-01   8.08916E-03   4.15079E-02   6.39890E-02   1.86476E-01   3.74117E-01  -4.90290E-02
    234000   8.85217E+02   1.29348E-03  -3.43057E-02  -5.50747E-01   6.06764E-02  -4.41901E-01   7.54434E-03   4.10486E-02   6.46377E-02   1.87422E-01   3.74884E-01  -5.14366E-02
    235000   8.89000E+02   1.25570E-03  -3.40179E-02  -5.51131E-01   6.16860E-02  -4.42137E-01   7.29974E-03   4.08378E-02   6.50363E-02   1.88122E-01   3.75456E-01  -5.13057E-02
    236000   8.92783E+02   1.28469E-03  -3.40972E-02  -5.53534E-01   6.12371E-02  -4.43882E-01   7.06990E-03   4.06436E-02   6.51633E-02   1.88536E-01   3.76107E-01  -5.28739E-02
    237000   8.96566E+02   1.29104E-03  -3.51135E-02  -5.55513E-01   6.34367E-02  -4.43850E-01   7.34669E-03   4.09382E-02   6.43562E-02   1.88034E-01   3.76777E-01  -5.26111E-02
    238000   9.00349E+02   1.26874E-03  -3.46105E-02  -5.57537E-01   6.26766E-02  -4.45551E-01   6.90912E-03   4.05048E-02   6.51034E-02   1.89068E-01   3.77465E-01  -5.40135E-02
    239000   9.04132E+02   1.27076E-03  -3.44569E-02  -5.60675E-01   6.26698E-02  -4.47103E-01   6.56451E-03   4.01902E-02   6.54853E-02   1.89741E-01   3.78144E-01  -5.53904E-02
    240000   9.07915E+02   1.30213E-03  -3.54410E-02  -5.58735E-01   6.46622E-02  -4.47252E-01   6.90138E-03   4.05458E-02   6.46885E-02   1.89218E-01   3.78770E-01  -5.51734E-02
    241000   9.11698E+02   1.28995E-03  -3.46294E-02  -5.58939E-01   6.27494E-02  -4.49214E-01   6.22971E-03   3.99420E-02   6.57061E-02   1.90525E-01   3.79433E-01  -5.69488E-02
    242000   9.15481E+02   1.31589E-03  -3.42482E-02  -5.59584E-01   6.06773E-02  -4.51310E-01   5.71108E-03   3.95703E-02   6.62744E-02   1.91405E-01   3.80102E-01  -5.88581E-02
    243000   9.19264E+02   1.27778E-03  -3.53589E-02  -5.57927E-01   6.19283E-02  -4.51053E-01   6.01816E-03   4.00108E-02   6.53738E-02   1.90825E-01   3.80803E-01  -5.83024E-02
    244000   9.23047E+02   1.24243E-03  -3.44545E-02  -5.60156E-01   5.90559E-02  -4.53491E-01   5.20676E-03   3.93271E-02   6.64813E-02   1.92270E-01   3.81512E-01  -6.06565E-02
    245000   9.26830E+02   1.21120E-03  -3.50390E-02  -5.61954E-01   5.99121E-02  -4.54423E-01   5.15293E-03   3.93689E-02   6.61452E-02   1.92261E-01   3.82254E-01  -6.14759E-02
    246000   9.30612E+02   1.13680E-03  -3.56353E-02  -5.61700E-01   6.19625E-02  -4.53831E-01   5.27742E-03   3.95412E-02   6.56108E-02   1.92051E-01   3.82802E-01  -6.07092E-02
    247000   9.34395E+02   1.05836E-03  -3.44242E-02  -5.67886E-01   5.88234E-02  -4.57464E-01   4.34816E-03   3.86445E-02   6.70046E-02   1.93758E-01   3.83455E-01  -6.43826E-02
    248000   9.38178E+02   1.01318E-03  -3.62140E-02  -5.66870E-01   6.15442E-02  -4.56051E-01   4.89456E-03   3.92207E-02   6.55337E-02   1.92582E-01   3.84223E-01  -6.29135E-02
    249000   9.41961E+02   9.04645E-04  -3.58253E-02  -5.72738E-01   5.96568E-02  -4.57540E-01   4.51160E-03   3.88159E-02   6.59855E-02   1.93326E-01   3.84722E-01  -6.44117E-02
    250000   9.45744E+02   8.53200E-04  -3.55762E-02  -5.76638E-01   5.77803E-02  -4.59382E-01   3.97074E-03   3.82980E-02   6.66100E-02   1.94225E-01   3.85512E-01  -6.63249E-02
