 kstep wat e_n=0 e_n=00 e_n=0th e_dissp e_n=0-e_dissp e_n=0_free dssp_n=0 dssp_o_n=0 dssp_c_n=0 dssp_j_n=0 e_n=1 dssp_n=1 dssp_o_n=1 dssp_c_n=1 dssp_j_n=1 e_n=2 dssp_n=2 dssp_o_n=2 dssp_c_n=2 dssp_j_n=2
       0   0.00000E+00   0.00000E+00   0.00000E+00   0.00000E+00   0.00000E+00   0.00000E+00   0.00000E+00   1.08623E-09   0.00000E+00   0.00000E+00   1.08623E-09   3.04886E-12   1.11292E-10   0.00000E+00   0.00000E+00   1.11292E-10   6.38002E-44  -2.02752E-20   0.00000E+00   0.00000E+00  -2.02752E-20
    1000   3.78298E+00   3.83748E-08   4.02554E-08  -1.88061E-09  -1.56391E-08   5.40139E-08   1.02570E-14   8.32190E-10   2.50024E-15   2.25030E-20   8.32188E-10   2.58650E-12  -8.53087E-09   2.35584E-15   1.32438E-18  -8.53087E-09   9.60219E-17   1.77535E-12   2.42520E-15   1.71163E-22   1.77292E-12
    2000   7.56596E+00  -4.82578E-08  -7.21993E-08   2.39414E-08  -2.92306E-08  -1.90272E-08   2.49188E-14  -5.74270E-11   4.50442E-15   6.37653E-20  -5.74315E-11   2.19747E-12   6.05338E-10   4.29132E-15   1.15072E-18   6.05333E-10   3.86445E-16   3.22110E-10   4.35708E-15   4.27887E-22   3.22105E-10
    3000   1.13489E+01   2.12887E-08   1.36142E-09   1.99272E-08  -4.29052E-08   6.41939E-08   1.65934E-14   2.82159E-10   5.35939E-15   6.38201E-20   2.82154E-10   1.85818E-12   1.38220E-09   5.04333E-15   6.05876E-19   1.38219E-09   7.76396E-16  -2.87772E-11   5.15848E-15   5.96436E-22  -2.87823E-11
    4000   1.51319E+01  -2.41253E-08   4.23645E-08  -6.64898E-08  -5.65812E-08   3.24559E-08   2.06741E-14   3.12288E-11   5.23908E-15   5.86717E-20   3.12235E-11   1.69112E-12   2.52177E-09   5.09965E-15   5.13132E-19   2.52177E-09   9.46580E-16  -4.05296E-10   5.63991E-15   8.30121E-22  -4.05302E-10
    5000   1.89149E+01   1.88241E-08   4.59236E-08  -2.70995E-08  -6.88702E-08   8.76943E-08   1.79268E-14   1.51685E-09   4.56744E-15   5.91015E-20   1.51684E-09   1.59934E-12  -3.69010E-09   4.28987E-15   3.36693E-19  -3.69010E-09   1.39581E-15  -3.86571E-10   4.64811E-15   1.04241E-21  -3.86575E-10
    6000   2.26979E+01   1.10829E-07   1.87209E-07  -7.63801E-08  -7.89065E-08   1.89736E-07   1.67214E-14   1.03290E-09   4.42422E-15   6.43537E-20   1.03290E-09   1.47296E-12   3.35187E-09   4.29848E-15   3.47347E-19   3.35186E-09   1.84889E-15  -1.92732E-10   4.44143E-15   1.46310E-21  -1.92736E-10
    7000   2.64808E+01  -8.76692E-08   3.67233E-08  -1.24393E-07  -8.87833E-08   1.11414E-09   1.68335E-14  -2.93766E-10   3.91095E-15   6.32880E-20  -2.93770E-10   1.45883E-12   8.82843E-09   3.98504E-15   2.93638E-19   8.82843E-09   2.51248E-15  -5.27028E-10   4.20422E-15   1.71388E-21  -5.27032E-10
    8000   3.02638E+01   1.02754E-07   2.54743E-07  -1.51989E-07  -9.98474E-08   2.02602E-07   1.92529E-14   2.56547E-10   4.18205E-15   5.69063E-20   2.56542E-10   1.60693E-12  -4.24061E-09   3.80670E-15   2.84321E-19  -4.24062E-09   3.03974E-15  -1.57026E-10   4.30888E-15   2.18584E-21  -1.57031E-10
    9000   3.40468E+01   1.01798E-07   1.03563E-07  -1.76515E-09  -1.13160E-07   2.14958E-07   2.33365E-14   1.38847E-09   4.29976E-15   5.64428E-20   1.38846E-09   1.99636E-12   5.90776E-09   4.14866E-15   2.85893E-19   5.90776E-09   3.38862E-15   5.88186E-11   4.18805E-15   2.91714E-21   5.88144E-11
   10000   3.78298E+01  -2.29399E-08  -1.28450E-07   1.05511E-07  -1.23699E-07   1.00759E-07   1.81448E-14   1.55036E-09   4.20620E-15   5.90107E-20   1.55035E-09   2.41754E-12   2.98158E-09   4.07361E-15   3.28298E-19   2.98158E-09   3.87001E-15  -2.75383E-10   4.56892E-15   3.53168E-21  -2.75388E-10
   11000   4.16128E+01   3.83097E-08  -2.47253E-08   6.30350E-08  -1.31199E-07   1.69509E-07   2.17555E-14  -1.32979E-09   4.80119E-15   5.47726E-20  -1.32979E-09   2.70629E-12   1.29565E-08   4.77067E-15   4.86183E-19   1.29565E-08   4.16253E-15  -1.43084E-10   4.78906E-15   3.90278E-21  -1.43089E-10
   12000   4.53957E+01   1.18158E-07   8.86473E-08   2.95106E-08  -1.40985E-07   2.59143E-07   1.98676E-14  -1.00225E-09   4.85410E-15   5.84342E-20  -1.00225E-09   3.16766E-12  -1.24790E-08   4.71570E-15   5.11936E-19  -1.24790E-08   5.03764E-15  -6.73641E-10   4.95062E-15   4.21388E-21  -6.73646E-10
   13000   4.91787E+01  -2.90633E-08  -1.19668E-07   9.06049E-08  -1.50148E-07   1.21084E-07   2.37095E-14  -9.07340E-10   5.83938E-15   6.11887E-20  -9.07346E-10   3.84917E-12  -1.09850E-09   5.17576E-15   5.12006E-19  -1.09850E-09   5.70517E-15  -7.00281E-10   5.56301E-15   5.20049E-21  -7.00286E-10
   14000   5.29617E+01   1.48178E-07  -6.03324E-09   1.54211E-07  -1.61941E-07   3.10119E-07   2.29342E-14   3.72116E-10   6.16180E-15   6.28345E-20   3.72110E-10   4.87559E-12   8.79493E-09   6.17577E-15   7.72963E-19   8.79492E-09   5.71204E-15   1.06020E-09   6.32027E-15   5.92423E-21   1.06020E-09
   15000   5.67447E+01   1.90032E-07   8.81906E-08   1.01841E-07  -1.72103E-07   3.62134E-07   1.69133E-14  -8.25210E-10   6.59662E-15   6.50867E-20  -8.25217E-10   6.23646E-12   2.13630E-08   6.48397E-15   7.43929E-19   2.13630E-08   6.83321E-15  -4.78926E-10   6.98716E-15   7.51248E-21  -4.78933E-10
   16000   6.05276E+01  -1.29468E-07  -9.18772E-08  -3.75912E-08  -1.81266E-07   5.17976E-08   2.07540E-14   1.41905E-09   7.87761E-15   6.60213E-20   1.41904E-09   7.69269E-12  -6.55226E-10   7.78067E-15   1.01648E-18  -6.55234E-10   8.02156E-15   1.40740E-09   7.96344E-15   9.14955E-21   1.40739E-09
   17000   6.43106E+01   7.19581E-08  -5.64797E-09   7.76060E-08  -1.92102E-07   2.64060E-07   2.49219E-14  -9.08839E-11   8.92060E-15   7.34805E-20  -9.08928E-11   9.52480E-12  -1.66136E-08   8.38957E-15   1.28686E-18  -1.66136E-08   9.14423E-15  -8.06517E-11   8.78826E-15   1.02134E-20  -8.06605E-11
   18000   6.80936E+01   1.21471E-08   1.04072E-08   1.73984E-09  -2.03049E-07   2.15196E-07   2.01782E-14   3.47110E-10   1.12387E-14   7.42726E-20   3.47099E-10   1.20722E-11  -2.79430E-08   1.03258E-14   1.59898E-18  -2.79430E-08   1.05023E-14   2.94846E-10   1.08438E-14   1.29725E-20   2.94835E-10
   19000   7.18766E+01   2.15319E-08   1.14598E-07  -9.30665E-08  -2.16118E-07   2.37650E-07   2.11925E-14  -3.79815E-10   1.23370E-14   8.43937E-20  -3.79827E-10   1.56146E-11  -5.79542E-09   1.23419E-14   2.24573E-18  -5.79544E-09   1.19053E-14   1.09500E-09   1.32328E-14   1.54993E-20   1.09498E-09
   20000   7.56596E+01   1.63396E-07   6.73709E-08   9.60251E-08  -2.24534E-07   3.87930E-07   2.75087E-14   2.11101E-09   1.60540E-14   8.43750E-20   2.11099E-09   2.01692E-11   3.69155E-08   1.46862E-14   2.60371E-18   3.69155E-08   1.30789E-14  -3.79448E-10   1.54801E-14   1.96848E-20  -3.79464E-10
   21000   7.94425E+01  -8.38008E-08  -1.63114E-07   7.93136E-08  -2.32021E-07   1.48220E-07   2.51227E-14   1.51731E-09   1.92827E-14   8.83288E-20   1.51729E-09   2.53775E-11  -1.11421E-08   1.88143E-14   3.19740E-18  -1.11422E-08   1.53258E-14   1.37604E-10   1.93982E-14   2.37015E-20   1.37585E-10
   22000   8.32255E+01  -1.77662E-07   1.09684E-07  -2.87347E-07  -2.43190E-07   6.55283E-08   1.44482E-14  -2.23444E-09   2.30560E-14   9.19939E-20  -2.23446E-09   3.18680E-11  -3.29819E-08   2.26528E-14   4.23577E-18  -3.29819E-08   1.78655E-14  -3.12756E-10   2.36728E-14   3.01234E-20  -3.12780E-10
   23000   8.70085E+01   1.00206E-07  -1.39095E-07   2.39301E-07  -2.56415E-07   3.56620E-07   2.79400E-14  -1.09737E-09   3.03285E-14   9.34123E-20  -1.09740E-09   4.04670E-11  -4.41666E-09   2.83924E-14   5.38125E-18  -4.41668E-09   2.05559E-14  -7.97661E-11   2.84694E-14   3.79943E-20  -7.97946E-11
   24000   9.07915E+01   1.91428E-07   2.01662E-07  -1.02338E-08  -2.66885E-07   4.58314E-07   1.72562E-14  -7.53568E-11   3.70953E-14   1.00062E-19  -7.53939E-11   5.19956E-11   5.80290E-08   3.45740E-14   6.59943E-18   5.80289E-08   2.45965E-14   9.93394E-11   4.16954E-14   4.79091E-20   9.92977E-11
   25000   9.45744E+01   1.98499E-07   1.84204E-07   1.42957E-08  -2.74087E-07   4.72587E-07   2.49627E-14  -1.10194E-09   4.65519E-14   1.10779E-19  -1.10198E-09   6.65406E-11   3.98739E-08   4.26823E-14   7.92068E-18   3.98739E-08   2.91992E-14   2.30166E-09   4.68813E-14   5.57139E-20   2.30161E-09
   26000   9.83574E+01  -8.88756E-08  -2.90927E-07   2.02051E-07  -2.78207E-07   1.89331E-07   2.54030E-14  -1.54060E-09   5.43780E-14   1.18936E-19  -1.54065E-09   8.40565E-11   7.76123E-08   5.46223E-14   1.03546E-17   7.76123E-08   3.56588E-14   1.51740E-09   5.87000E-14   7.24265E-20   1.51735E-09
   27000   1.02140E+02   4.63247E-08   1.28557E-07  -8.22320E-08  -2.84615E-07   3.30939E-07   2.09936E-14   1.49039E-09   7.11084E-14   1.25443E-19   1.49032E-09   1.05565E-10  -5.75255E-09   6.49142E-14   1.35268E-17  -5.75262E-09   4.35193E-14  -6.31804E-10   7.10279E-14   8.78822E-20  -6.31875E-10
   28000   1.05923E+02   1.82531E-07   6.60437E-08   1.16487E-07  -2.84906E-07   4.67437E-07   2.43935E-14  -3.44434E-10   8.91205E-14   1.47072E-19  -3.44523E-10   1.33422E-10   1.58817E-07   9.12370E-14   1.74523E-17   1.58817E-07   5.05229E-14  -7.94648E-13   8.53674E-14   1.06708E-19  -8.80015E-13
   29000   1.09706E+02   1.53129E-07   1.69123E-07  -1.59942E-08  -2.89269E-07   4.42398E-07   2.50563E-14  -5.21607E-09   1.17493E-13   1.60507E-19  -5.21619E-09   1.69601E-10  -1.53394E-08   1.11458E-13   2.12605E-17  -1.53395E-08   5.79040E-14   1.06450E-09   1.12311E-13   1.39404E-19   1.06439E-09
   30000   1.13489E+02   1.94146E-07   1.35062E-07   5.90842E-08  -2.96814E-07   4.90960E-07   3.04051E-14   6.14652E-10   1.42196E-13   1.64062E-19   6.14510E-10   2.15143E-10  -1.65202E-07   1.39640E-13   2.78190E-17  -1.65202E-07   7.11491E-14  -5.99779E-09   1.49097E-13   1.75300E-19  -5.99793E-09
   31000   1.17272E+02  -3.29649E-07   7.38826E-08  -4.03531E-07  -3.05143E-07  -2.45058E-08   1.96476E-14   1.17385E-09   1.79737E-13   2.00864E-19   1.17367E-09   2.72426E-10   5.25419E-08   1.75636E-13   3.45315E-17   5.25417E-08   8.72168E-14   4.35213E-09   1.85770E-13   2.25889E-19   4.35194E-09
   32000   1.21055E+02   3.00030E-07  -4.25859E-08   3.42616E-07  -3.11118E-07   6.11148E-07   2.98169E-14  -1.40009E-09   2.21965E-13   2.22970E-19  -1.40031E-09   3.43910E-10  -1.01416E-07   2.24637E-13   4.45698E-17  -1.01417E-07   1.14669E-13  -9.81830E-10   2.38489E-13   2.80125E-19  -9.82068E-10
   33000   1.24838E+02   6.92413E-08   1.94309E-07  -1.25068E-07  -3.17303E-07   3.86544E-07   3.08082E-14  -3.21933E-09   2.86225E-13   2.68284E-19  -3.21961E-09   4.35071E-10   8.72052E-08   2.78710E-13   5.78196E-17   8.72049E-08   1.42263E-13   2.77048E-09   3.05482E-13   3.46834E-19   2.77017E-09
   34000   1.28621E+02   1.28759E-07   2.43869E-07  -1.15110E-07  -3.18492E-07   4.47251E-07   2.04557E-14   8.04755E-10   3.83314E-13   3.25713E-19   8.04371E-10   5.53244E-10   1.04682E-07   3.68338E-13   7.21450E-17   1.04682E-07   1.90245E-13  -6.55715E-09   3.75669E-13   4.57635E-19  -6.55752E-09
   35000   1.32404E+02   8.05639E-08  -1.25276E-07   2.05840E-07  -3.27416E-07   4.07980E-07   3.76467E-14   4.09226E-09   4.72180E-13   3.85024E-19   4.09179E-09   7.02943E-10  -3.21519E-08   4.42453E-13   9.53582E-17  -3.21524E-08   2.51131E-13   6.28611E-09   4.82829E-13   6.06508E-19   6.28563E-09
   36000   1.36187E+02  -1.11623E-08   5.68496E-08  -6.80119E-08  -3.37469E-07   3.26306E-07   2.16778E-14   4.41770E-09   6.06089E-13   4.58494E-19   4.41709E-09   8.89633E-10  -1.17297E-07   5.61649E-13   1.12436E-16  -1.17297E-07   3.18128E-13  -1.27154E-10   6.57657E-13   7.58727E-19  -1.27812E-10
   37000   1.39970E+02  -8.77577E-07  -9.65854E-07   8.82767E-08  -3.52672E-07  -5.24904E-07   4.04450E-14   4.59185E-09   7.24427E-13   5.46847E-19   4.59113E-09   1.12612E-09   2.35145E-07   6.86963E-13   1.52037E-16   2.35144E-07   3.91035E-13  -3.38702E-09   8.00732E-13   9.23555E-19  -3.38782E-09
   38000   1.43753E+02  -6.82174E-07  -7.58364E-07   7.61902E-08  -3.75532E-07  -3.06641E-07   3.67537E-14  -2.78878E-09   9.67878E-13   6.22642E-19  -2.78975E-09   1.42894E-09   1.77147E-07   9.21373E-13   1.81847E-16   1.77146E-07   4.77798E-13  -1.71520E-08   1.02024E-12   1.14403E-18  -1.71530E-08
   39000   1.47536E+02  -6.46310E-07  -6.25400E-07  -2.09093E-08  -3.95302E-07  -2.51008E-07   4.61619E-14  -5.96596E-09   1.21664E-12   8.16491E-19  -5.96718E-09   1.81573E-09  -1.43593E-07   1.10340E-12   2.37158E-16  -1.43595E-07   5.88846E-13  -3.70898E-09   1.16642E-12   1.53445E-18  -3.71015E-09
   40000   1.51319E+02  -2.44704E-07  -5.14588E-07   2.69884E-07  -4.16604E-07   1.71900E-07   5.52907E-14   9.71403E-09   1.52915E-12   9.82468E-19   9.71250E-09   2.30519E-09   2.68787E-07   1.51336E-12   3.03041E-16   2.68786E-07   7.41412E-13   7.40384E-09   1.52323E-12   1.98049E-18   7.40232E-09
   41000   1.55102E+02   7.09126E-07   9.88109E-07  -2.78983E-07  -4.48634E-07   1.15776E-06   6.37259E-14  -5.91529E-09   1.83960E-12   1.19396E-18  -5.91713E-09   2.92059E-09  -4.18655E-07   1.87722E-12   3.49241E-16  -4.18656E-07   9.38370E-13  -6.30660E-09   1.98207E-12   2.39477E-18  -6.30858E-09
   42000   1.58885E+02   2.62417E-07   2.31749E-07   3.06680E-08  -4.71352E-07   7.33768E-07   8.16988E-14   1.43484E-08   2.52377E-12   1.56690E-18   1.43459E-08   3.70296E-09   4.10783E-07   2.54485E-12   5.05752E-16   4.10781E-07   1.23482E-12  -1.10824E-10   2.37035E-12   3.26050E-18  -1.13194E-10
   43000   1.62668E+02  -3.55118E-08   2.13046E-07  -2.48558E-07  -4.95670E-07   4.60158E-07   1.03894E-13   5.36683E-09   3.27645E-12   2.00231E-18   5.36355E-09   4.69264E-09  -6.49464E-08   3.05613E-12   6.28178E-16  -6.49494E-08   1.59807E-12   4.78831E-09   3.24699E-12   4.00641E-18   4.78506E-09
   44000   1.66451E+02   1.14888E-06   1.69557E-06  -5.46686E-07  -4.90917E-07   1.63980E-06   1.50506E-13   1.81635E-08   4.09815E-12   2.42791E-18   1.81594E-08   5.95163E-09  -1.71601E-07   3.77052E-12   7.77925E-16  -1.71604E-07   1.96947E-12  -1.40420E-08   3.96601E-12   5.06291E-18  -1.40460E-08
   45000   1.70234E+02   5.61641E-07   3.60014E-07   2.01627E-07  -4.88885E-07   1.05053E-06   2.01066E-13  -3.23568E-09   5.23966E-12   3.02059E-18  -3.24092E-09   7.54441E-09  -1.02646E-07   5.08194E-12   9.97349E-16  -1.02651E-07   2.57702E-12   1.50975E-08   5.50907E-12   6.64359E-18   1.50919E-08
   46000   1.74017E+02   8.31873E-07   1.16719E-06  -3.35314E-07  -5.11139E-07   1.34301E-06   2.11882E-13  -9.53169E-09   6.49421E-12   3.71954E-18  -9.53819E-09   9.51692E-09  -9.24069E-08   5.82540E-12   1.21751E-15  -9.24127E-08   3.26177E-12  -1.32053E-08   6.78670E-12   7.88563E-18  -1.32121E-08
   47000   1.77800E+02   1.17416E-06   1.07317E-06   1.00985E-07  -4.98335E-07   1.67249E-06   2.48703E-13  -9.77908E-09   7.97412E-12   4.75210E-18  -9.78706E-09   1.20293E-08  -9.23110E-07   8.03366E-12   1.58744E-15  -9.23118E-07   3.99329E-12   2.14608E-08   8.30929E-12   1.00269E-17   2.14525E-08
   48000   1.81583E+02   7.52835E-07   8.54578E-07  -1.01744E-07  -4.64110E-07   1.21694E-06   3.07385E-13   8.86312E-09   1.00714E-11   5.78198E-18   8.85304E-09   1.52107E-08  -3.75473E-07   1.00562E-11   1.95552E-15  -3.75483E-07   5.55740E-12  -7.61976E-09   1.03191E-11   1.30524E-17  -7.63008E-09
   49000   1.85366E+02   1.97931E-06   1.77764E-06   2.01667E-07  -4.44368E-07   2.42368E-06   2.37156E-13  -1.15526E-08   1.28424E-11   7.02304E-18  -1.15655E-08   1.92760E-08  -3.35286E-07   1.15714E-11   2.54593E-15  -3.35298E-07   6.77542E-12   4.06641E-08   1.33334E-11   1.65457E-17   4.06508E-08
   50000   1.89149E+02  -1.71767E-06  -1.36503E-06  -3.52637E-07  -4.43754E-07  -1.27391E-06   3.15647E-13   1.83401E-09   1.64623E-11   9.30112E-18   1.81755E-09   2.45102E-08   3.08930E-07   1.58668E-11   3.27069E-15   3.08914E-07   8.12886E-12  -6.12595E-08   1.69042E-11   1.99643E-17  -6.12764E-08
   51000   1.92932E+02  -7.24302E-07  -1.04886E-06   3.24562E-07  -4.03866E-07  -3.20436E-07   5.18961E-13  -1.05396E-08   2.07422E-11   1.18576E-17  -1.05603E-08   3.10460E-08  -8.81768E-07   1.97622E-11   3.98326E-15  -8.81787E-07   9.92255E-12   4.39576E-08   2.12827E-11   2.75865E-17   4.39363E-08
   52000   1.96715E+02  -1.12802E-06   3.18303E-07  -1.44632E-06  -4.03723E-07  -7.24298E-07   6.40246E-13  -1.82757E-08   2.55522E-11   1.51514E-17  -1.83013E-08   3.93024E-08   2.37941E-06   2.45484E-11   4.97842E-15   2.37939E-06   1.22628E-11  -2.45418E-08   2.60138E-11   3.33823E-17  -2.45678E-08
   53000   2.00498E+02   1.45643E-06  -2.72058E-07   1.72849E-06  -4.04660E-07   1.86109E-06   1.00171E-12  -4.01230E-08   3.31875E-11   2.00781E-17  -4.01562E-08   4.96628E-08   2.27316E-06   3.29825E-11   6.23962E-15   2.27312E-06   1.55100E-11  -4.21311E-08   3.46411E-11   4.11502E-17  -4.21657E-08
   54000   2.04281E+02  -2.55472E-07  -1.64719E-06   1.39172E-06  -4.53183E-07   1.97711E-07   1.16521E-12  -1.71679E-08   4.25722E-11   2.62287E-17  -1.72105E-08   6.28100E-08  -2.32416E-06   4.12878E-11   8.59261E-15  -2.32421E-06   1.89893E-11   2.64046E-08   4.23495E-11   5.37701E-17   2.63622E-08
   55000   2.08064E+02   9.49102E-07   3.63509E-07   5.85593E-07  -3.85104E-07   1.33421E-06   1.13323E-12  -3.46798E-08   5.22347E-11   3.28498E-17  -3.47320E-08   7.92616E-08  -1.36436E-06   5.18900E-11   1.00624E-14  -1.36441E-06   2.38461E-11  -7.00594E-10   5.02434E-11   6.80844E-17  -7.50837E-10
   56000   2.11847E+02   1.02381E-06  -2.11215E-06   3.13596E-06  -3.92148E-07   1.41596E-06   1.77573E-12   4.85301E-08   6.48832E-11   3.76113E-17   4.84652E-08   1.00336E-07   1.28559E-06   6.88975E-11   1.35666E-14   1.28552E-06   3.03458E-11   2.77507E-08   7.30899E-11   8.80436E-17   2.76776E-08
   57000   2.15630E+02  -2.77895E-07  -5.55256E-07   2.77359E-07  -3.31414E-07   5.35189E-08   1.55211E-12  -1.86826E-08   9.08954E-11   5.34804E-17  -1.87735E-08   1.27062E-07   5.75986E-06   8.13447E-11   1.65411E-14   5.75978E-06   4.01382E-11   1.37539E-07   8.50674E-11   1.08939E-16   1.37454E-07
   58000   2.19413E+02   3.92901E-06   3.37009E-06   5.58914E-07  -2.71371E-07   4.20038E-06   2.15851E-12  -9.62755E-08   1.08209E-10   6.43754E-17  -9.63837E-08   1.61105E-07   4.09955E-06   1.05715E-10   2.07542E-14   4.09944E-06   4.91414E-11   9.62181E-08   1.08513E-10   1.31569E-16   9.61096E-08
   59000   2.23196E+02  -1.18664E-06   4.51189E-07  -1.63784E-06  -3.57492E-07  -8.29151E-07   3.39238E-12   4.49527E-09   1.36720E-10   7.20631E-17   4.35855E-09   2.04373E-07  -2.06181E-06   1.38722E-10   2.69119E-14  -2.06194E-06   6.32094E-11  -7.50653E-08   1.46822E-10   1.77562E-16  -7.52121E-08
   60000   2.26979E+02  -7.25841E-06  -9.12919E-06   1.87077E-06  -3.63962E-07  -6.89445E-06   3.76098E-12   2.99234E-08   1.86246E-10   1.00799E-16   2.97372E-08   2.58832E-07  -7.80071E-07   1.63957E-10   3.27758E-14  -7.80235E-07   7.95353E-11  -2.02041E-08   1.68230E-10   2.23170E-16  -2.03723E-08
   61000   2.30762E+02   9.09370E-06   9.65063E-06  -5.56939E-07  -3.10403E-07   9.40410E-06   5.64918E-12  -2.78095E-08   2.26185E-10   1.30911E-16  -2.80357E-08   3.27712E-07   2.91873E-06   2.12360E-10   4.26264E-14   2.91851E-06   9.69121E-11  -7.67217E-08   2.27013E-10   2.76897E-16  -7.69487E-08
   62000   2.34545E+02   3.56031E-07   1.83501E-06  -1.47899E-06  -3.22374E-07   6.78406E-07   6.14058E-12  -1.20290E-07   2.75069E-10   1.60148E-16  -1.20565E-07   4.16091E-07   4.37742E-06   2.66972E-10   5.02232E-14   4.37715E-06   1.19361E-10   1.44421E-07   3.00516E-10   3.78565E-16   1.44120E-07
   63000   2.38328E+02   1.46010E-05   1.25068E-05   2.09423E-06  -9.49472E-08   1.46960E-05   6.10325E-12  -2.28684E-09   3.67016E-10   2.08815E-16  -2.65386E-09   5.26449E-07   2.03137E-06   3.34319E-10   6.89484E-14   2.03103E-06   1.61402E-10   6.30854E-08   3.49863E-10   4.52992E-16   6.27356E-08
   64000   2.42111E+02  -1.69770E-05  -1.46809E-05  -2.29609E-06   9.39767E-08  -1.70710E-05   1.13826E-11  -7.67740E-08   4.78613E-10   2.58370E-16  -7.72526E-08   6.66190E-07   1.67440E-06   4.20409E-10   8.76474E-14   1.67398E-06   2.05725E-10   4.82687E-08   4.65317E-10   5.80147E-16   4.78034E-08
   65000   2.45894E+02   1.11948E-05   6.75992E-06   4.43487E-06   2.89499E-07   1.09053E-05   1.72508E-11   1.56384E-08   6.01902E-10   3.22096E-16   1.50365E-08   8.43240E-07  -1.09230E-05   5.47161E-10   1.12276E-13  -1.09236E-05   2.61272E-10  -1.45014E-07   5.61689E-10   7.17182E-16  -1.45576E-07
   66000   2.49677E+02  -2.96540E-06  -6.72200E-06   3.75658E-06   5.76697E-07  -3.54210E-06   2.15658E-11   6.20052E-08   6.80401E-10   4.23177E-16   6.13248E-08   1.06693E-06  -5.95077E-06   7.09666E-10   1.41197E-13  -5.95148E-06   3.43735E-10  -8.45154E-08   7.25451E-10   8.87015E-16  -8.52409E-08
   67000   2.53460E+02  -1.72189E-05  -1.87030E-05   1.48410E-06   8.36988E-07  -1.80558E-05   2.41270E-11  -5.14553E-08   9.11873E-10   5.44654E-16  -5.23672E-08   1.35096E-06   8.09080E-06   8.83759E-10   1.82514E-13   8.08992E-06   4.40030E-10  -1.22256E-07   9.59547E-10   1.17137E-15  -1.23216E-07
   68000   2.57242E+02  -4.13588E-06   2.90778E-06  -7.04368E-06   1.26501E-06  -5.40089E-06   2.39860E-11   3.39922E-08   1.21238E-09   6.48387E-16   3.27798E-08   1.70773E-06   6.86088E-06   1.09718E-09   2.02988E-13   6.85978E-06   5.81717E-10   2.39599E-07   1.12900E-09   1.61894E-15   2.38470E-07
   69000   2.61025E+02   2.19612E-05   2.75973E-05  -5.63619E-06   1.85857E-06   2.01026E-05   3.38059E-11  -2.85711E-07   1.48105E-09   8.65683E-16  -2.87192E-07   2.16132E-06   9.41854E-07   1.34557E-09   2.71302E-13   9.40508E-07   7.55647E-10  -7.72134E-08   1.47640E-09   1.92836E-15  -7.86898E-08
   70000   2.64808E+02   1.68343E-05   1.24618E-05   4.37251E-06   2.68552E-06   1.41488E-05   3.00296E-11  -1.33637E-07   1.87707E-09   1.03435E-15  -1.35515E-07   2.73713E-06  -6.36958E-06   1.85796E-09   3.55424E-13  -6.37144E-06   9.29378E-10   1.70842E-07   1.95721E-09   2.36120E-15   1.68885E-07
   71000   2.68591E+02   1.13276E-05   2.00992E-05  -8.77162E-06   3.14909E-06   8.17854E-06   4.21864E-11  -9.59234E-08   2.43736E-09   1.39966E-15  -9.83608E-08   3.46628E-06   7.33906E-06   2.17276E-09   4.47471E-13   7.33689E-06   1.11245E-09  -2.35700E-07   2.40467E-09   2.84587E-15  -2.38105E-07
   72000   2.72374E+02   4.51830E-05   4.23496E-05   2.83331E-06   3.24521E-06   4.19378E-05   7.36037E-11   1.49476E-07   2.94578E-09   1.81762E-15   1.46531E-07   4.38623E-06  -2.14486E-06   2.91569E-09   5.38299E-13  -2.14778E-06   1.45989E-09   4.44885E-07   2.91635E-09   3.74272E-15   4.41969E-07
   73000   2.76157E+02  -1.91739E-05  -2.63153E-05   7.14130E-06   3.05734E-06  -2.22312E-05   9.56891E-11  -3.90034E-08   4.43674E-09   2.14344E-15  -4.34401E-08   5.53828E-06   3.93768E-05   3.66162E-09   7.99404E-13   3.93731E-05   1.82269E-09   6.18652E-07   3.74962E-09   4.61314E-15   6.14903E-07
   74000   2.79940E+02  -4.13192E-05  -4.18609E-05   5.41485E-07   2.82280E-06  -4.41420E-05   1.34845E-10   2.05591E-07   4.64665E-09   2.73730E-15   2.00944E-07   7.00425E-06   2.21782E-05   4.51577E-09   9.17336E-13   2.21737E-05   2.34997E-09   1.99266E-08   5.05244E-09   6.10186E-15   1.48742E-08
   75000   2.83723E+02   1.67248E-05   5.49600E-06   1.12287E-05   1.57412E-06   1.51507E-05   1.16326E-10  -1.43236E-07   6.27169E-09   3.74377E-15  -1.49508E-07   8.87273E-06  -2.46140E-05   5.75182E-09   1.16725E-12  -2.46197E-05   2.90764E-09   8.52062E-07   5.99887E-09   7.74500E-15   8.46063E-07
   76000   2.87506E+02  -3.26023E-05  -9.35763E-06  -2.32449E-05   4.79521E-07  -3.30818E-05   2.26925E-10   8.56642E-08   7.61340E-09   4.23246E-15   7.80508E-08   1.12264E-05  -1.48265E-05   7.38248E-09   1.59232E-12  -1.48339E-05   3.69020E-09  -6.91086E-07   7.69265E-09   9.71381E-15  -6.98778E-07
   77000   2.91289E+02  -4.79721E-05  -5.08558E-05   2.88338E-06  -1.66669E-06  -4.63054E-05   3.27801E-10   4.15932E-08   9.94350E-09   5.90745E-15   3.16497E-08   1.42112E-05  -9.99508E-06   9.30069E-09   1.89787E-12  -1.00044E-05   4.87689E-09   9.72685E-07   9.86977E-09   1.29671E-14   9.62816E-07
   78000   2.95072E+02   2.08076E-05   1.82735E-05   2.53360E-06  -3.74360E-06   2.45512E-05   4.86211E-10   4.72570E-07   1.22637E-08   7.43554E-15   4.60306E-07   1.80130E-05   5.12336E-05   1.18658E-08   2.38289E-12   5.12217E-05   6.69969E-09  -2.00545E-07   1.26593E-08   1.57598E-14  -2.13204E-07
   79000   2.98855E+02   4.84484E-05   2.59978E-05   2.24502E-05  -7.07186E-06   5.55203E-05   4.22712E-10   2.14374E-07   1.56175E-08   9.62544E-15   1.98757E-07   2.28470E-05   2.94338E-05   1.49179E-08   2.94475E-12   2.94189E-05   9.06135E-09   7.58338E-07   1.61643E-08   1.89909E-14   7.42174E-07
   80000   3.02638E+02   3.31196E-05   1.43746E-05   1.87445E-05  -9.89368E-06   4.30132E-05   4.47856E-10   1.94453E-07   1.97640E-08   1.15830E-14   1.74689E-07   2.88894E-05  -4.25869E-05   1.91847E-08   3.93981E-12  -4.26061E-05   1.15592E-08  -2.36220E-07   2.02852E-08   2.47489E-14  -2.56505E-07
   81000   3.06421E+02   1.19101E-04   1.18774E-04   3.26454E-07  -1.15958E-05   1.30697E-04   8.83278E-10  -3.92811E-07   2.48810E-08   1.56812E-14  -4.17692E-07   3.65736E-05  -5.85566E-05   2.30501E-08   4.65230E-12  -5.85797E-05   1.51310E-08  -5.80751E-07   2.54569E-08   3.22388E-14  -6.06208E-07
   82000   3.10204E+02  -1.10146E-04  -1.20128E-04   9.98115E-06  -1.39101E-05  -9.62356E-05   1.35045E-09   9.81739E-08   3.48545E-08   1.92589E-14   6.33194E-08   4.63288E-05  -9.72659E-06   2.98757E-08   6.61618E-12  -9.75648E-06   1.87371E-08  -3.37309E-07   3.15271E-08   3.74197E-14  -3.68836E-07
   83000   3.13987E+02   1.13829E-04   8.49122E-05   2.89145E-05  -1.63022E-05   1.30131E-04   2.06574E-09   2.66007E-07   3.88227E-08   2.28615E-14   2.27184E-07   5.87450E-05   4.08781E-06   3.53084E-08   7.48085E-12   4.05250E-06   2.39395E-08  -1.60542E-06   4.22711E-08   5.22331E-14  -1.64769E-06
   84000   3.17770E+02   6.51913E-05   5.44493E-05   1.07389E-05  -1.53046E-05   8.04959E-05   3.12806E-09  -9.30736E-07   5.26497E-08   3.18776E-14  -9.83386E-07   7.42625E-05   2.67869E-05   4.96386E-08   9.90751E-12   2.67372E-05   3.01000E-08   1.45522E-07   4.80740E-08   6.22869E-14   9.74477E-08
   85000   3.21553E+02  -4.66560E-05  -2.08053E-06  -4.45789E-05  -1.73012E-05  -2.93548E-05   3.40202E-09  -8.09514E-07   6.54664E-08   3.61991E-14  -8.74981E-07   9.41082E-05  -3.91326E-05   5.76691E-08   1.21240E-11  -3.91903E-05   4.22743E-08  -8.78887E-07   6.50690E-08   8.20664E-14  -9.43956E-07
   86000   3.25336E+02   1.27737E-04   1.63475E-04  -3.57453E-05  -1.62553E-05   1.43992E-04   6.56478E-09   7.50824E-07   7.51899E-08   5.03565E-14   6.75634E-07   1.19438E-04  -2.95064E-05   7.73055E-08   1.54440E-11  -2.95838E-05   6.10500E-08  -2.58944E-06   7.93773E-08   1.01497E-13  -2.66881E-06
   87000   3.29119E+02   2.30443E-04   1.72573E-04   5.78640E-05  -1.62907E-05   2.46734E-04   5.90736E-09  -2.65609E-06   1.02479E-07   6.67318E-14  -2.75857E-06   1.51388E-04  -8.31076E-05   1.05367E-07   1.99313E-11  -8.32130E-05   8.49075E-08   4.51054E-07   1.05703E-07   1.30658E-13   3.45352E-07
   88000   3.32902E+02  -1.99757E-04  -1.28131E-04  -7.16399E-05  -1.59964E-05  -1.83760E-04   1.37656E-08  -4.13281E-07   1.36539E-07   8.38766E-14  -5.49820E-07   1.92237E-04   2.66158E-05   1.25750E-07   2.53929E-11   2.64900E-05   1.14326E-07  -1.43922E-06   1.39121E-07   1.83000E-13  -1.57834E-06
   89000   3.36685E+02   1.54956E-04   2.08215E-04  -5.32757E-05  -1.32827E-05   1.68239E-04   1.71389E-08   2.84239E-06   1.67487E-07   1.05654E-13   2.67490E-06   2.42831E-04  -5.36776E-05   1.56606E-07   2.97954E-11  -5.38343E-05   1.62938E-07  -1.07650E-06   1.71414E-07   2.14384E-13  -1.24792E-06
   90000   3.40468E+02   3.49118E-05   5.40398E-05  -1.91627E-05  -1.31277E-05   4.80395E-05   3.47407E-08  -1.78277E-06   2.12002E-07   1.41057E-13  -1.99477E-06   3.06544E-04   7.30761E-05   2.02551E-07   3.99937E-11   7.28735E-05   2.39356E-07   1.97281E-06   2.03717E-07   2.80505E-13   1.76909E-06
   91000   3.44251E+02   3.16687E-04   2.30867E-04   8.57738E-05  -5.19928E-06   3.21887E-04   4.63907E-08  -1.34460E-06   2.58836E-07   1.84039E-13  -1.60344E-06   3.87035E-04  -2.41940E-04   2.60087E-07   5.05824E-11  -2.42200E-04   3.39374E-07  -7.41139E-08   2.75897E-07   3.72891E-13  -3.50011E-07
   92000   3.48034E+02   5.02554E-04   5.45211E-04  -4.27228E-05  -4.86767E-06   5.07422E-04   6.61717E-08   1.66289E-06   3.39157E-07   2.52512E-13   1.32373E-06   4.88556E-04  -6.75441E-05   3.18735E-07   6.17147E-11  -6.78629E-05   5.24626E-07  -4.65841E-06   3.25558E-07   4.60591E-13  -4.98397E-06
   93000   3.51817E+02  -1.79160E-04  -1.01003E-04  -7.82595E-05   1.55888E-06  -1.80719E-04   1.02957E-07   1.77810E-06   4.62133E-07   3.48356E-13   1.31596E-06   6.15386E-04  -1.36054E-05   3.79832E-07   8.59019E-11  -1.39853E-05   7.69086E-07  -3.00348E-06   4.26810E-07   6.09693E-13  -3.43029E-06
   94000   3.55600E+02  -3.93297E-04  -4.68828E-04   7.53522E-05   3.56656E-06  -3.96863E-04   1.79315E-07  -2.50367E-06   5.35298E-07   4.61627E-13  -3.03897E-06   7.72124E-04   1.99668E-04   5.40431E-07   9.98482E-11   1.99128E-04   1.14476E-06  -1.25933E-05   5.41244E-07   7.89165E-13  -1.31346E-05
   95000   3.59383E+02  -7.13238E-04  -7.49097E-04   3.56905E-05   1.43016E-05  -7.27539E-04   1.68478E-07   3.86288E-06   6.73487E-07   6.34885E-13   3.18939E-06   9.70489E-04  -1.09318E-04   6.32392E-07   1.29454E-10  -1.09950E-04   1.67909E-06   1.94691E-06   6.77357E-07   9.88668E-13   1.26955E-06
   96000   3.63166E+02   1.19994E-03   1.28409E-03  -8.45600E-05   1.84985E-05   1.18144E-03   4.04224E-07   9.04973E-07   8.54370E-07   8.84802E-13   5.06019E-08   1.21977E-03  -2.24704E-04   8.22177E-07   1.70627E-10  -2.25526E-04   2.54926E-06   4.71791E-06   9.17963E-07   1.38936E-12   3.79994E-06
   97000   3.66949E+02   1.03102E-03   8.23029E-04   2.07491E-04   1.51738E-05   1.01585E-03   5.01655E-07   2.78982E-06   1.06452E-06   1.22555E-12   1.72530E-06   1.52896E-03  -1.48873E-04   9.70422E-07   2.06343E-10  -1.49844E-04   3.83043E-06  -5.32633E-07   1.08339E-06   1.78824E-12  -1.61603E-06
   98000   3.70732E+02  -7.42831E-04  -6.55316E-04  -8.81811E-05   3.08550E-05  -7.73686E-04   6.65351E-07  -1.56094E-06   1.30450E-06   1.60062E-12  -2.86544E-06   1.91587E-03   2.02718E-04   1.27466E-06   2.73989E-10   2.01443E-04   5.96668E-06  -1.55793E-06   1.35475E-06   2.35077E-12  -2.91268E-06
   99000   3.74515E+02  -6.83761E-04  -6.58009E-04  -2.73115E-05   4.05526E-05  -7.24314E-04   1.55921E-06   1.21179E-05   1.74825E-06   2.63635E-12   1.03696E-05   2.38796E-03  -2.88809E-06   1.54053E-06   3.29681E-10  -4.42895E-06   8.99976E-06   6.91320E-06   1.69622E-06   3.29800E-12   5.21697E-06
  100000   3.78298E+02  -1.33771E-03  -1.07629E-03  -2.63292E-04   5.45854E-05  -1.39229E-03   1.87612E-06   6.33453E-06   2.07777E-06   3.52074E-12   4.25675E-06   2.97216E-03   3.97384E-04   2.06062E-06   3.77428E-10   3.95323E-04   1.36337E-05   2.35835E-05   2.07020E-06   3.91321E-12   2.15133E-05
  101000   3.82081E+02  -3.03169E-04  -8.65210E-04   5.58931E-04   6.72639E-05  -3.70433E-04   3.10963E-06   3.44644E-06   2.58314E-06   4.42720E-12   8.63296E-07   3.68088E-03  -6.04545E-05   2.40042E-06   4.81868E-10  -6.28554E-05   1.99823E-05   4.87136E-06   2.70720E-06   6.08257E-12   2.16416E-06
  102000   3.85864E+02   1.49371E-03   8.36499E-04   6.52111E-04   8.75722E-05   1.40614E-03   5.10329E-06   1.66222E-06   3.29384E-06   6.29800E-12  -1.63162E-06   4.53474E-03  -3.64477E-04   3.15168E-06   6.34897E-10  -3.67629E-04   3.05374E-05  -2.43122E-05   3.25580E-06   7.16314E-12  -2.75680E-05
  103000   3.89647E+02   4.11721E-04   3.97356E-04   5.05957E-06   1.01391E-04   3.10329E-04   9.30467E-06   1.11449E-05   4.01549E-06   8.90808E-12   7.12936E-06   5.54918E-03  -7.75170E-04   3.57788E-06   6.85131E-10  -7.78749E-04   4.61532E-05  -2.81889E-05   4.13795E-06   1.03592E-11  -3.23269E-05
  104000   3.93430E+02   3.47450E-03   2.69567E-03   7.67471E-04   1.14230E-04   3.36027E-03   1.13551E-05   2.03692E-05   5.12806E-06   1.48669E-11   1.52411E-05   6.74211E-03   1.22511E-04   4.80914E-06   8.99486E-10   1.17701E-04   6.71182E-05   8.77960E-06   4.77786E-06   1.37701E-11   4.00172E-06
  105000   3.97213E+02   2.13699E-03   3.58121E-03  -1.45651E-03   1.27283E-04   2.00971E-03   1.22959E-05   1.06516E-05   5.91181E-06   2.02826E-11   4.73976E-06   8.16419E-03  -8.30685E-04   5.68598E-06   1.09076E-09  -8.36372E-04   9.62752E-05   1.59265E-05   5.78645E-06   1.92071E-11   1.01401E-05
  106000   4.00996E+02   4.64246E-03   2.83011E-03   1.79359E-03   1.58074E-04   4.48439E-03   1.87597E-05   2.24798E-05   6.90645E-06   2.66051E-11   1.55734E-05   9.80721E-03  -2.82116E-04   6.58287E-06   1.30806E-09  -2.88700E-04   1.34594E-04  -1.21363E-05   6.78397E-06   2.51348E-11  -1.89203E-05
  107000   4.04779E+02  -2.97093E-03  -4.88969E-03   1.89627E-03   2.26476E-04  -3.19741E-03   2.24879E-05   3.01491E-05   9.03826E-06   4.17012E-11   2.11108E-05   1.17093E-02  -5.78477E-04   8.40137E-06   1.55389E-09  -5.86880E-04   1.88270E-04   1.57172E-05   8.89579E-06   3.25090E-11   6.82141E-06
  108000   4.08562E+02   4.38284E-03   4.00118E-03   3.39599E-04   2.47066E-04   4.13577E-03   4.20595E-05   9.62184E-07   9.97885E-06   5.56444E-11  -9.01672E-06   1.38153E-02  -5.22198E-04   9.48754E-06   1.79902E-09  -5.31687E-04   2.59476E-04   1.87557E-05   1.07174E-05   4.71664E-11   8.03822E-06
  109000   4.12345E+02   2.82271E-03   1.24857E-03   1.52211E-03   2.87571E-04   2.53514E-03   5.20306E-05   2.89536E-05   1.22234E-05   7.04602E-11   1.67301E-05   1.61234E-02  -1.91971E-04   1.10086E-05   2.00530E-09  -2.02981E-04   3.46616E-04  -6.99319E-05   1.13377E-05   5.73588E-11  -8.12697E-05
  110000   4.16128E+02   1.05354E-02   9.42210E-03   1.03291E-03   3.65850E-04   1.01695E-02   8.03838E-05   1.46051E-05   1.33406E-05   1.02385E-10   1.26440E-06   1.87381E-02   4.46697E-04   1.28370E-05   2.40688E-09   4.33857E-04   4.56921E-04   1.47622E-04   1.40215E-05   7.58745E-11   1.33600E-04
  111000   4.19911E+02  -6.46180E-03  -8.40020E-03   1.84795E-03   4.27819E-04  -6.88962E-03   9.04519E-05   1.42836E-05   1.51355E-05   1.23884E-10  -8.51998E-07   2.15792E-02   8.85681E-05   1.41030E-05   3.02702E-09   7.44621E-05   5.97161E-04   1.55312E-04   1.69442E-05   9.51167E-11   1.38368E-04
  112000   4.23693E+02  -9.94656E-04  -6.57907E-04  -5.08662E-04   4.40409E-04  -1.43507E-03   1.71913E-04   5.23091E-05   1.86710E-05   1.70220E-10   3.36379E-05   2.45595E-02   1.70361E-04   1.71926E-05   3.02879E-09   1.53165E-04   7.53155E-04  -1.31377E-05   1.92358E-05   1.23210E-10  -3.23736E-05
  113000   4.27476E+02  -2.73457E-02  -2.46869E-02  -2.81097E-03   4.53309E-04  -2.77990E-02   1.52118E-04   5.92260E-05   2.19692E-05   2.26408E-10   3.72566E-05   2.76433E-02  -7.28815E-04   2.06206E-05   3.53415E-09  -7.49439E-04   9.29284E-04  -4.31026E-05   2.19168E-05   1.57031E-10  -6.50195E-05
  114000   4.31259E+02  -1.95515E-02  -1.91870E-02  -6.46883E-04   5.38209E-04  -2.00897E-02   2.82391E-04   9.09936E-05   2.36021E-05   3.06266E-10   6.73913E-05   3.07969E-02   9.21338E-04   2.22054E-05   4.13325E-09   8.99128E-04   1.12288E-03   1.87379E-05   2.47711E-05   1.93917E-10  -6.03337E-06
  115000   4.35042E+02  -1.50669E-02  -1.85410E-02   3.27071E-03   6.35556E-04  -1.57025E-02   2.03425E-04   4.19424E-05   2.70316E-05   3.03499E-10   1.49105E-05   3.39860E-02  -1.70912E-03   2.57564E-05   4.58496E-09  -1.73488E-03   1.31526E-03   7.54368E-05   2.64140E-05   2.22273E-10   4.90226E-05
  116000   4.38825E+02  -1.48016E-02  -1.61988E-02   1.15096E-03   7.50642E-04  -1.55523E-02   2.46188E-04   3.18213E-05   2.84826E-05   3.74273E-10   3.33826E-06   3.70801E-02  -6.23305E-05   2.76733E-05   4.76889E-09  -9.00086E-05   1.54147E-03   7.53961E-05   3.04571E-05   2.67296E-10   4.49388E-05
  117000   4.42608E+02  -4.20220E-03   6.28256E-04  -5.16770E-03   7.70020E-04  -4.97222E-03   3.37244E-04   1.59343E-05   3.40415E-05   5.14135E-10  -1.81077E-05   4.00602E-02  -2.82817E-04   3.11196E-05   5.66022E-09  -3.13942E-04   1.74062E-03   2.98603E-05   3.37660E-05   3.03368E-10  -3.90603E-06
  118000   4.46391E+02   4.58209E-03   1.05448E-02  -6.30917E-03   8.06124E-04   3.77597E-03   3.46449E-04  -5.75083E-05   3.41021E-05   5.38133E-10  -9.16109E-05   4.29550E-02   1.23051E-03   3.34126E-05   5.94561E-09   1.19709E-03   1.94811E-03   2.34291E-04   3.30959E-05   3.18223E-10   2.01195E-04
  119000   4.50174E+02   1.05339E-02   4.74280E-03   5.44878E-03   8.25851E-04   9.70808E-03   3.42351E-04  -4.84865E-05   3.65076E-05   6.40676E-10  -8.49947E-05   4.55656E-02  -3.70754E-05   3.58305E-05   5.91885E-09  -7.29118E-05   2.19915E-03  -3.92490E-04   3.93564E-05   4.18847E-10  -4.31847E-04
  120000   4.53957E+02   3.98820E-02   3.02161E-02   9.34466E-03   9.28290E-04   3.89537E-02   3.21287E-04   5.89604E-05   4.30626E-05   6.68102E-10   1.58971E-05   4.78407E-02   1.26247E-03   3.71375E-05   6.22831E-09   1.22532E-03   2.37545E-03  -3.16100E-04   4.03975E-05   4.29746E-10  -3.56498E-04
  121000   4.57740E+02   9.27941E-03   8.68077E-03  -3.75357E-05   1.03062E-03   8.24879E-03   6.36172E-04  -1.28267E-04   4.38251E-05   8.57510E-10  -1.72093E-04   5.01062E-02   2.38544E-03   3.96621E-05   7.25479E-09   2.34577E-03   2.52910E-03  -1.78521E-05   4.43984E-05   4.79551E-10  -6.22509E-05
  122000   4.61523E+02  -1.03848E-02  -7.16878E-03  -3.75184E-03   1.12376E-03  -1.15085E-02   5.35843E-04   1.48104E-05   4.81566E-05   8.44144E-10  -3.33470E-05   5.20041E-02   4.17356E-04   4.48956E-05   6.76458E-09   3.72454E-04   2.67625E-03  -4.74514E-05   4.73629E-05   5.14378E-10  -9.48148E-05
  123000   4.65306E+02  -2.11375E-02  -2.14266E-02  -2.19771E-04   1.22316E-03  -2.23607E-02   5.08814E-04   3.76472E-05   4.99695E-05   9.57054E-10  -1.23233E-05   5.36710E-02  -8.42451E-04   4.56300E-05   6.46784E-09  -8.88088E-04   2.82047E-03  -1.73004E-05   4.68955E-05   5.42461E-10  -6.41964E-05
  124000   4.69089E+02   1.14406E-02   1.84944E-02  -7.84409E-03   1.40988E-03   1.00307E-02   7.90233E-04  -4.80409E-06   4.80131E-05   1.00002E-09  -5.28182E-05   5.51129E-02   2.79052E-03   4.60264E-05   6.82840E-09   2.74449E-03   3.02242E-03   1.05315E-04   5.19005E-05   5.88814E-10   5.34138E-05
  125000   4.72872E+02  -8.60260E-03  -1.32768E-02   4.17198E-03   1.69838E-03  -1.03010E-02   5.02200E-04  -1.19192E-04   4.83889E-05   1.03287E-09  -1.67582E-04   5.62923E-02   4.75103E-04   4.80725E-05   7.54466E-09   4.27023E-04   3.13202E-03  -1.14756E-04   4.71796E-05   6.11610E-10  -1.61936E-04
  126000   4.76655E+02   2.93162E-02   2.82282E-02   4.17869E-04   1.94560E-03   2.73706E-02   6.70060E-04  -4.80895E-05   4.93907E-05   1.15149E-09  -9.74813E-05   5.71412E-02  -7.98473E-04   5.16184E-05   7.91420E-09  -8.50100E-04   3.28067E-03   1.71691E-04   5.27599E-05   6.69034E-10   1.18931E-04
  127000   4.80438E+02  -1.14772E-02  -3.66373E-03  -8.57812E-03   2.12504E-03  -1.36022E-02   7.64648E-04  -1.44509E-04   5.18034E-05   1.38412E-09  -1.96314E-04   5.75213E-02  -1.34634E-03   5.04676E-05   7.35751E-09  -1.39682E-03   3.36905E-03  -1.51494E-04   5.35135E-05   7.27615E-10  -2.05008E-04
  128000   4.84221E+02  -2.40422E-03  -1.37638E-02   1.07679E-02   2.36881E-03  -4.77302E-03   5.91688E-04   5.20992E-05   4.98996E-05   1.17828E-09   2.19844E-06   5.82995E-02  -4.09232E-04   5.02311E-05   7.64240E-09  -4.59471E-04   3.38142E-03  -4.10842E-05   5.74928E-05   6.65855E-10  -9.85777E-05
  129000   4.88004E+02   9.39359E-02   8.93388E-02   3.76614E-03   2.47188E-03   9.14641E-02   8.30974E-04  -4.22598E-04   5.08830E-05   1.20824E-09  -4.73483E-04   5.84851E-02   2.79525E-04   5.22743E-05   7.78415E-09   2.27243E-04   3.50173E-03  -3.66553E-05   5.22400E-05   7.18751E-10  -8.88961E-05
  130000   4.91787E+02  -2.95542E-02  -3.07921E-02   5.12397E-04   2.67086E-03  -3.22251E-02   7.25468E-04   2.74031E-04   5.49511E-05   1.31678E-09   2.19079E-04   5.91013E-02   2.62591E-03   5.01214E-05   7.84623E-09   2.57578E-03   3.50151E-03   1.73221E-04   5.40007E-05   7.60547E-10   1.19220E-04
  131000   4.95570E+02  -8.75684E-02  -1.11589E-01   2.31051E-02   2.85080E-03  -9.04192E-02   9.15533E-04  -1.34363E-04   4.85157E-05   1.15351E-09  -1.82880E-04   5.93646E-02  -2.63953E-03   5.16914E-05   8.66889E-09  -2.69123E-03   3.59320E-03  -5.95713E-06   5.63650E-05   8.71439E-10  -6.23230E-05
  132000   4.99353E+02  -6.78996E-02  -5.56550E-02  -1.29718E-02   2.94289E-03  -7.08425E-02   7.27296E-04  -9.77118E-05   5.22489E-05   1.28178E-09  -1.49962E-04   5.97528E-02  -3.12046E-05   5.26789E-05   7.82689E-09  -8.38914E-05   3.57501E-03   4.34799E-04   5.53056E-05   7.44070E-10   3.79492E-04
  133000   5.03136E+02   4.46337E-02   4.40757E-02  -3.41095E-04   3.14749E-03   4.14862E-02   8.99020E-04   1.51998E-04   5.04098E-05   1.22626E-09   1.01587E-04   6.00587E-02  -8.94858E-05   5.26331E-05   7.75559E-09  -1.42127E-04   3.45067E-03   5.94901E-05   5.41349E-05   8.21147E-10   5.35448E-06
  134000   5.06919E+02   1.54927E-02   1.34255E-02   1.30804E-03   3.08222E-03   1.24105E-02   7.59191E-04  -1.68202E-04   5.12147E-05   1.18224E-09  -2.19418E-04   6.01205E-02  -2.23241E-04   4.60019E-05   7.57496E-09  -2.69250E-04   3.48399E-03   1.07118E-04   5.39243E-05   7.40217E-10   5.31927E-05
  135000   5.10702E+02   2.89441E-02   3.30283E-02  -4.74253E-03   3.31770E-03   2.56264E-02   6.58346E-04   3.15800E-05   5.29552E-05   1.18732E-09  -2.13764E-05   6.01950E-02   8.18390E-04   5.20223E-05   8.25257E-09   7.66359E-04   3.47201E-03  -3.17267E-04   5.05684E-05   8.73203E-10  -3.67836E-04
  136000   5.14485E+02   2.27370E-02   2.56810E-02  -3.66809E-03   3.28592E-03   1.94511E-02   7.24030E-04   7.18190E-05   5.05693E-05   1.28505E-09   2.12483E-05   6.00927E-02   1.28555E-03   4.76501E-05   8.46043E-09   1.23789E-03   3.40778E-03   1.42098E-04   5.06395E-05   8.73969E-10   9.14580E-05
  137000   5.18268E+02  -8.10587E-04  -1.66652E-02   1.51381E-02   3.52168E-03  -4.33226E-03   7.16478E-04  -3.46601E-05   5.02309E-05   1.15828E-09  -8.48921E-05   5.98586E-02  -1.97542E-03   5.09179E-05   8.14125E-09  -2.02635E-03   3.38337E-03  -6.55476E-05   5.26641E-05   7.75251E-10  -1.18212E-04
  138000   5.22051E+02  -2.23651E-02  -2.61418E-02   2.97956E-03   3.72729E-03  -2.60924E-02   7.97123E-04   6.88590E-05   5.55428E-05   1.21490E-09   1.33150E-05   5.95847E-02  -1.93700E-03   4.45431E-05   7.38512E-09  -1.98155E-03   3.14157E-03  -1.25665E-04   5.30840E-05   8.01862E-10  -1.78750E-04
  139000   5.25834E+02   2.84410E-02   2.19376E-02   5.79661E-03   3.87943E-03   2.45616E-02   7.06820E-04  -5.23313E-05   5.26698E-05   1.19743E-09  -1.05002E-04   5.84308E-02   4.71525E-04   4.86391E-05   7.77166E-09   4.22878E-04   3.09760E-03  -2.49539E-05   5.41208E-05   7.65548E-10  -7.90755E-05
  140000   5.29617E+02   7.16313E-02   5.06473E-02   2.02753E-02   4.02299E-03   6.76083E-02   7.08705E-04   5.73043E-05   4.89373E-05   1.12343E-09   8.36588E-06   5.70136E-02  -3.58114E-04   4.58128E-05   7.36012E-09  -4.03935E-04   3.02193E-03  -6.56415E-06   4.86172E-05   7.75326E-10  -5.51821E-05
  141000   5.33400E+02  -5.80456E-02  -5.24104E-02  -6.12857E-03   4.24292E-03  -6.22885E-02   4.93345E-04  -2.61340E-04   5.01213E-05   1.13655E-09  -3.11462E-04   5.53409E-02   1.61510E-04   4.72561E-05   8.11711E-09   1.14246E-04   2.88830E-03   2.26749E-05   4.97259E-05   7.64070E-10  -2.70517E-05
  142000   5.37183E+02   1.44115E-02   2.27857E-02  -9.08808E-03   4.45300E-03   9.95854E-03   7.13939E-04   1.53612E-04   4.72739E-05   1.17486E-09   1.06337E-04   5.36158E-02   1.17956E-03   4.52638E-05   7.17116E-09   1.13429E-03   2.76243E-03  -1.39421E-04   4.60386E-05   7.33494E-10  -1.85460E-04
  143000   5.40966E+02  -6.11874E-03  -6.64199E-03  -1.26006E-04   4.60661E-03  -1.07253E-02   6.49259E-04  -7.70276E-05   4.87850E-05   8.57247E-10  -1.25813E-04   5.17456E-02  -2.35951E-03   4.59341E-05   6.99925E-09  -2.40545E-03   2.55394E-03   3.58496E-04   4.54052E-05   6.68457E-10   3.13090E-04
  144000   5.44749E+02  -4.28256E-02  -5.42910E-02   1.05439E-02   4.75895E-03  -4.75846E-02   9.21477E-04  -1.23520E-04   4.51053E-05   9.04190E-10  -1.68626E-04   4.95003E-02   4.85576E-04   4.22085E-05   6.61980E-09   4.43361E-04   2.48481E-03   2.22722E-04   4.71653E-05   7.07935E-10   1.75556E-04
  145000   5.48532E+02  -1.73009E-02  -2.67575E-02   8.51831E-03   4.75065E-03  -2.20516E-02   9.38253E-04  -7.92921E-05   4.43421E-05   9.18206E-10  -1.23635E-04   4.70524E-02   4.80807E-04   4.35425E-05   6.58498E-09   4.37258E-04   2.29900E-03   5.70978E-05   4.45751E-05   6.53956E-10   1.25220E-05
  146000   5.52315E+02   4.69282E-02   4.80038E-02  -1.65320E-03   4.99308E-03   4.19351E-02   5.77590E-04   1.18574E-04   4.06929E-05   7.60644E-10   7.78801E-05   4.42209E-02  -1.92374E-04   4.12570E-05   6.29988E-09  -2.33638E-04   2.12275E-03   2.64100E-04   4.32692E-05   5.99786E-10   2.20830E-04
  147000   5.56098E+02   8.99736E-02   8.27359E-02   6.75427E-03   5.13556E-03   8.48380E-02   4.83379E-04  -1.63597E-04   4.08890E-05   6.91024E-10  -2.04487E-04   4.13798E-02  -1.68297E-03   3.70481E-05   5.80624E-09  -1.72003E-03   1.99746E-03  -5.68492E-05   3.95854E-05   5.76749E-10  -9.64352E-05
  148000   5.59881E+02   2.43360E-02   1.68902E-02   6.90101E-03   5.33751E-03   1.89985E-02   5.44815E-04  -6.69684E-05   3.90262E-05   5.84189E-10  -1.05995E-04   3.82996E-02  -1.12346E-03   3.81588E-05   5.34680E-09  -1.16162E-03   1.71769E-03  -1.74080E-06   3.76006E-05   5.17342E-10  -3.93419E-05
  149000   5.63664E+02  -3.47626E-03   1.16664E-02  -1.57809E-02   5.62299E-03  -9.09926E-03   6.38285E-04   6.22098E-05   3.40506E-05   5.79653E-10   2.81586E-05   3.49012E-02  -7.05702E-04   3.50821E-05   4.62355E-09  -7.40789E-04   1.57350E-03   2.61448E-04   3.75403E-05   4.70505E-10   2.23908E-04
  150000   5.67447E+02   8.41470E-03   3.99446E-03   3.95856E-03   5.90035E-03   2.51435E-03   4.61684E-04   4.78353E-05   2.83633E-05   4.61051E-10   1.94715E-05   3.16558E-02  -1.22583E-03   3.13924E-05   4.26852E-09  -1.25723E-03   1.35346E-03  -2.36930E-04   3.34794E-05   4.13530E-10  -2.70410E-04
  151000   5.71230E+02   2.08518E-02   2.83687E-02  -7.91784E-03   6.21770E-03   1.46341E-02   4.00967E-04  -4.53679E-05   3.06255E-05   4.34238E-10  -7.59939E-05   2.84489E-02   3.77045E-04   2.90192E-05   3.59230E-09   3.48022E-04   1.19000E-03   2.62170E-04   3.05568E-05   3.91651E-10   2.31613E-04
  152000   5.75013E+02   4.91152E-02   4.92171E-02  -5.07569E-04   6.36725E-03   4.27480E-02   4.05695E-04   1.20863E-04   2.59763E-05   3.61086E-10   9.48866E-05   2.52390E-02  -6.03195E-05   2.62062E-05   3.30632E-09  -8.65290E-05   1.12424E-03   1.03193E-04   2.67043E-05   3.61938E-10   7.64885E-05
  153000   5.78796E+02  -4.01200E-02  -4.54846E-02   5.00442E-03   6.58191E-03  -4.67019E-02   3.60195E-04   1.13154E-04   2.29577E-05   3.15263E-10   9.01964E-05   2.23936E-02   1.20183E-03   2.44533E-05   3.06188E-09   1.17738E-03   9.07953E-04  -1.66350E-06   2.43554E-05   3.35030E-10  -2.60192E-05
  154000   5.82579E+02   1.34962E-02   1.29034E-02   2.13376E-04   6.74758E-03   6.74862E-03   3.79379E-04   8.91237E-05   2.25696E-05   2.95693E-10   6.65539E-05   1.96316E-02   4.30532E-04   2.10424E-05   2.90995E-09   4.09487E-04   8.19670E-04   3.04968E-05   2.21334E-05   2.96719E-10   8.36308E-06
  155000   5.86362E+02   4.38748E-02   4.80467E-02  -4.43954E-03   6.91966E-03   3.69552E-02   2.67675E-04   8.07059E-05   1.87059E-05   2.43409E-10   6.19998E-05   1.71954E-02  -8.06673E-04   1.82430E-05   2.30311E-09  -8.24918E-04   6.73765E-04  -6.16540E-06   1.88075E-05   2.84427E-10  -2.49732E-05
  156000   5.90145E+02  -9.29551E-02  -1.00846E-01   7.67787E-03   7.19192E-03  -1.00147E-01   2.12735E-04   1.01890E-04   1.73685E-05   2.07070E-10   8.45218E-05   1.52377E-02   4.64498E-04   1.60276E-05   2.40440E-09   4.48468E-04   4.96915E-04   6.82396E-05   1.68750E-05   2.55414E-10   5.13643E-05
  157000   5.93927E+02   1.19036E-02   1.16280E-02  -2.72282E-06   7.59011E-03   4.31344E-03   2.78261E-04   5.25025E-05   1.38021E-05   1.73758E-10   3.87002E-05   1.32292E-02   8.98463E-04   1.42546E-05   1.83794E-09   8.84207E-04   4.25333E-04   1.66453E-04   1.47341E-05   2.55336E-10   1.51719E-04
  158000   5.97710E+02   4.16912E-02   2.36202E-02   1.77914E-02   7.75360E-03   3.39376E-02   2.79626E-04   7.21485E-05   1.32526E-05   1.60231E-10   5.88957E-05   1.16254E-02  -2.99298E-04   1.25873E-05   1.71938E-09  -3.11887E-04   3.04863E-04  -6.11997E-06   1.26176E-05   2.22731E-10  -1.87378E-05
  159000   6.01493E+02   4.80634E-02   4.97679E-02  -1.93790E-03   7.99362E-03   4.00698E-02   2.33395E-04   1.40642E-04   1.14329E-05   1.37500E-10   1.29209E-04   1.02813E-02  -4.18058E-04   1.13307E-05   1.55430E-09  -4.29391E-04   2.61887E-04   1.02308E-04   1.21466E-05   2.11348E-10   9.01613E-05
  160000   6.05276E+02  -3.24793E-02  -3.21644E-02  -4.73901E-04   8.27583E-03  -4.07552E-02   1.58952E-04   1.81740E-05   9.74983E-06   1.18991E-10   8.42405E-06   9.23266E-03   4.68516E-04   9.79999E-06   1.32870E-09   4.58715E-04   2.27818E-04   9.99315E-05   1.05061E-05   2.11489E-10   8.94252E-05
  161000   6.09059E+02   3.91583E-02   4.13714E-02  -2.36948E-03   8.56932E-03   3.05890E-02   1.56385E-04   5.87352E-05   9.15776E-06   1.19677E-10   4.95774E-05   8.64177E-03   1.62179E-04   9.25300E-06   1.36392E-09   1.52924E-04   1.85656E-04   6.10494E-05   9.64579E-06   2.04825E-10   5.14034E-05
  162000   6.12842E+02   1.30306E-02   1.15696E-02   1.24752E-03   8.89454E-03   4.13609E-03   2.13551E-04  -4.98146E-05   8.99399E-06   1.14932E-10  -5.88087E-05   8.38491E-03   4.71639E-04   8.59996E-06   1.26874E-09   4.63037E-04   1.78941E-04  -2.07963E-05   8.84172E-06   2.02138E-10  -2.96382E-05
  163000   6.16625E+02   4.45132E-02   3.81124E-02   6.24588E-03   9.05911E-03   3.54541E-02   1.54925E-04   2.91771E-05   8.04909E-06   1.10345E-10   2.11279E-05   8.47850E-03  -9.67014E-04   7.83037E-06   1.34407E-09  -9.74846E-04   1.61015E-04  -5.22912E-05   8.29398E-06   1.99731E-10  -6.05854E-05
  164000   6.20408E+02  -2.18603E-02  -1.44473E-02  -7.64799E-03   9.46439E-03  -3.13247E-02   2.34951E-04   9.34568E-05   8.01712E-06   1.21507E-10   8.54396E-05   8.83531E-03   7.10767E-04   7.83666E-06   1.28441E-09   7.02929E-04   1.48809E-04  -4.89678E-05   8.32386E-06   2.04042E-10  -5.72918E-05
  165000   6.24191E+02   4.61030E-02   5.23921E-02  -6.43271E-03   9.77852E-03   3.63244E-02   1.43604E-04  -9.15087E-05   7.36915E-06   1.22085E-10  -9.88780E-05   9.17358E-03  -6.87194E-05   8.41238E-06   1.38779E-09  -7.71332E-05   1.43052E-04   6.26319E-05   8.05224E-06   1.93077E-10   5.45794E-05
  166000   6.27974E+02   2.02187E-02   2.21371E-02  -2.08747E-03   9.96890E-03   1.02498E-02   1.69042E-04   1.24453E-05   8.12376E-06   1.18747E-10   4.32138E-06   9.52747E-03   1.64015E-04   8.23948E-06   1.46824E-09   1.55774E-04   1.42485E-04  -1.83237E-05   8.34040E-06   2.05138E-10  -2.66643E-05
  167000   6.31757E+02  -7.12315E-02  -8.32883E-02   1.19068E-02   1.00613E-02  -8.12928E-02   1.49919E-04  -1.27533E-05   8.45986E-06   1.19821E-10  -2.12133E-05   9.64344E-03  -1.01581E-04   8.87196E-06   1.37208E-09  -1.10454E-04   1.57845E-04   2.60320E-05   8.90757E-06   2.07579E-10   1.71242E-05
  168000   6.35540E+02  -4.41017E-02  -3.59385E-02  -8.31184E-03   1.03548E-02  -5.44565E-02   1.48704E-04   7.60964E-06   8.42834E-06   1.25954E-10  -8.18828E-07   9.61468E-03  -6.92793E-04   8.83464E-06   1.42473E-09  -7.01629E-04   1.55158E-04  -7.64240E-05   8.87819E-06   2.10244E-10  -8.53024E-05
  169000   6.39323E+02   1.24479E-02   2.16278E-02  -9.40719E-03   1.04868E-02   1.96111E-03   2.27277E-04   2.84713E-05   8.67197E-06   1.23404E-10   1.97992E-05   9.50036E-03  -1.92762E-04   9.00346E-06   1.44072E-09  -2.01767E-04   1.56676E-04   3.89419E-05   9.85620E-06   2.06077E-10   2.90855E-05
  170000   6.43106E+02   7.50429E-02   7.03234E-02   4.55030E-03   1.06829E-02   6.43600E-02   1.69183E-04  -4.52904E-05   9.15009E-06   1.14563E-10  -5.44406E-05   9.24065E-03   9.17694E-04   9.23963E-06   1.39033E-09   9.08453E-04   1.59538E-04   8.49783E-05   9.31191E-06   2.09586E-10   7.56662E-05
  171000   6.46889E+02  -1.51127E-02  -2.35620E-02   8.26398E-03   1.09589E-02  -2.60716E-02   1.85254E-04  -1.31371E-05   9.12392E-06   1.19105E-10  -2.22612E-05   8.88640E-03  -4.16476E-04   8.88635E-06   1.30733E-09  -4.25364E-04   1.54329E-04  -2.04197E-05   9.12783E-06   2.03216E-10  -2.95477E-05
  172000   6.50672E+02   5.82362E-02   5.02808E-02   7.75960E-03   1.10908E-02   4.71454E-02   1.95790E-04  -2.93710E-05   8.91261E-06   1.30727E-10  -3.82837E-05   8.71082E-03   3.17066E-04   8.36357E-06   1.19856E-09   3.08702E-04   1.46081E-04   6.02996E-05   9.03439E-06   1.98567E-10   5.12651E-05
  173000   6.54455E+02   1.29867E-02   1.05789E-02   2.27395E-03   1.13218E-02   1.66488E-03   1.33839E-04   3.91600E-06   8.29444E-06   1.20512E-10  -4.37856E-06   8.52891E-03  -6.21293E-04   8.20785E-06   1.30286E-09  -6.29502E-04   1.32111E-04  -3.64578E-05   8.22344E-06   2.06130E-10  -4.46814E-05
  174000   6.58238E+02  -1.83483E-02  -3.19386E-02   1.34386E-02   1.15008E-02  -2.98492E-02   1.51616E-04   1.34080E-05   8.18614E-06   1.22931E-10   5.22173E-06   8.40877E-03  -9.68906E-04   7.64910E-06   1.18024E-09  -9.76557E-04   1.32362E-04  -1.79040E-05   8.49402E-06   2.09552E-10  -2.63982E-05
  175000   6.62021E+02  -5.61316E-02  -4.97318E-02  -6.54061E-03   1.18075E-02  -6.79391E-02   1.40816E-04  -4.18043E-05   7.71345E-06   1.14324E-10  -4.95179E-05   8.28199E-03   1.11703E-03   7.47037E-06   1.37838E-09   1.10956E-03   1.43563E-04   9.70595E-05   7.79118E-06   2.04226E-10   8.92681E-05
  176000   6.65804E+02   1.42606E-02   3.07435E-02  -1.66046E-02   1.22064E-02   2.05423E-03   1.21721E-04   1.27368E-05   7.71524E-06   1.25628E-10   5.02146E-06   8.11166E-03  -9.38727E-05   6.99331E-06   1.11701E-09  -1.00867E-04   1.46125E-04  -1.84294E-05   7.36282E-06   2.00820E-10  -2.57925E-05
  177000   6.69587E+02   2.30562E-02   2.62654E-02  -3.34079E-03   1.25245E-02   1.05318E-02   1.31616E-04  -6.30221E-05   7.31265E-06   1.22025E-10  -7.03349E-05   7.96963E-03  -1.10861E-04   7.04049E-06   1.22877E-09  -1.17903E-04   1.40246E-04   5.97514E-05   7.73766E-06   2.06192E-10   5.20136E-05
  178000   6.73370E+02   5.83586E-02   5.05351E-02   7.66745E-03   1.28461E-02   4.55125E-02   1.55991E-04   1.28653E-05   7.67049E-06   1.14713E-10   5.19465E-06   7.71519E-03   3.43150E-04   6.98817E-06   1.15660E-09   3.36161E-04   1.26920E-04   1.00436E-05   7.31670E-06   2.09003E-10   2.72671E-06
  179000   6.77153E+02  -1.69484E-02  -2.30268E-02   5.91863E-03   1.31898E-02  -3.01382E-02   1.59797E-04   8.97275E-05   7.27937E-06   1.14094E-10   8.24480E-05   7.49704E-03   3.52450E-04   6.62753E-06   1.11943E-09   3.45822E-04   1.27594E-04   2.75787E-05   7.25781E-06   2.07737E-10   2.03207E-05
  180000   6.80936E+02  -4.15662E-02  -3.97290E-02  -2.01080E-03   1.34323E-02  -5.49985E-02   1.73531E-04  -4.79293E-05   6.99957E-06   1.14685E-10  -5.49290E-05   7.23991E-03  -2.32905E-04   6.60535E-06   1.11028E-09  -2.39512E-04   1.27388E-04   6.17370E-05   6.77756E-06   2.07882E-10   5.49592E-05
  181000   6.84719E+02   1.86580E-02   1.49506E-02   3.55272E-03   1.37628E-02   4.89526E-03   1.54732E-04  -9.17215E-05   6.44511E-06   1.14118E-10  -9.81667E-05   7.12022E-03   1.33396E-03   6.00422E-06   1.10107E-09   1.32795E-03   1.29258E-04   3.20272E-05   6.39799E-06   1.96820E-10   2.56290E-05
  182000   6.88502E+02   3.18598E-02   1.16065E-02   2.01033E-02   1.40722E-02   1.77877E-02   1.50051E-04   4.94752E-05   6.08819E-06   1.21149E-10   4.33869E-05   7.10666E-03   3.05820E-04   5.70874E-06   1.02862E-09   3.00110E-04   1.36039E-04   4.15858E-05   6.18875E-06   1.99039E-10   3.53969E-05
  183000   6.92285E+02  -1.55162E-02  -2.36920E-02   8.04318E-03   1.44135E-02  -2.99297E-02   1.32622E-04  -7.42761E-06   5.70481E-06   1.22734E-10  -1.31325E-05   7.08490E-03   7.04715E-04   5.72079E-06   1.03730E-09   6.98993E-04   1.39985E-04  -3.79825E-05   6.09368E-06   2.10193E-10  -4.40764E-05
  184000   6.96068E+02   7.35435E-03  -5.69776E-03   1.29204E-02   1.47033E-02  -7.34894E-03   1.31695E-04  -1.98199E-05   5.66681E-06   1.12730E-10  -2.54868E-05   7.04132E-03  -7.12499E-04   5.41935E-06   1.06235E-09  -7.17919E-04   1.26768E-04  -1.73521E-05   5.97181E-06   1.99327E-10  -2.33241E-05
  185000   6.99851E+02   1.12205E-01   1.13151E-01  -1.10032E-03   1.51407E-02   9.70646E-02   1.54250E-04   5.71024E-05   5.69710E-06   1.16466E-10   5.14052E-05   6.95152E-03   8.25039E-05   5.69552E-06   1.04917E-09   7.68073E-05   1.18114E-04   6.59159E-05   5.58714E-06   2.02615E-10   6.03285E-05
  186000   7.03634E+02  -1.80748E-02  -2.12041E-02   3.00798E-03   1.53921E-02  -3.34669E-02   1.21339E-04   2.64395E-05   5.73241E-06   1.15041E-10   2.07070E-05   6.77770E-03   1.32667E-03   5.21992E-06   1.08095E-09   1.32145E-03   1.09207E-04  -2.22318E-05   5.52997E-06   1.96728E-10  -2.77619E-05
  187000   7.07417E+02   4.75339E-05  -9.35871E-03   9.27445E-03   1.55194E-02  -1.54718E-02   1.31788E-04  -2.31503E-05   5.65982E-06   1.27083E-10  -2.88103E-05   6.46270E-03   1.82228E-05   5.57364E-06   9.86001E-10   1.26482E-05   1.02139E-04  -9.58962E-06   5.58001E-06   1.99095E-10  -1.51698E-05
  188000   7.11200E+02   9.01251E-02   8.47234E-02   5.27184E-03   1.57195E-02   7.44056E-02   1.29874E-04  -3.39673E-05   5.25837E-06   1.05079E-10  -3.92258E-05   6.15840E-03  -4.59954E-04   5.18441E-06   9.39419E-10  -4.65139E-04   1.01037E-04   4.01131E-05   5.56675E-06   2.03128E-10   3.45462E-05
  189000   7.14983E+02  -3.17036E-02  -3.02803E-02  -1.56927E-03   1.60332E-02  -4.77368E-02   1.45987E-04   1.99995E-05   5.08912E-06   1.04977E-10   1.49103E-05   5.87707E-03   6.07036E-04   5.09423E-06   9.10085E-10   6.01941E-04   1.02061E-04  -1.40501E-05   5.51350E-06   2.06891E-10  -1.95638E-05
  190000   7.18766E+02   3.03522E-02   4.04626E-02  -1.02383E-02   1.61516E-02   1.42006E-02   1.27968E-04  -5.24625E-05   5.32358E-06   1.09441E-10  -5.77861E-05   5.59961E-03  -2.18906E-04   4.79657E-06   8.07682E-10  -2.23703E-04   1.01970E-04  -2.71323E-05   5.28046E-06   1.99103E-10  -3.24130E-05
  191000   7.22549E+02  -1.63191E-02  -2.19099E-02   5.44695E-03   1.64485E-02  -3.27677E-02   1.43799E-04   1.58736E-05   4.81380E-06   1.04721E-10   1.10597E-05   5.34008E-03   3.85788E-04   5.02711E-06   8.23972E-10   3.80760E-04   9.88945E-05   3.89241E-05   5.26204E-06   1.98395E-10   3.36618E-05
  192000   7.26332E+02  -5.56679E-02  -7.19762E-02   1.61830E-02   1.66452E-02  -7.23131E-02   1.25264E-04  -2.61031E-05   4.79730E-06   1.04508E-10  -3.09005E-05   5.06046E-03  -5.10642E-04   4.73200E-06   7.76193E-10  -5.15375E-04   9.76213E-05  -8.57489E-05   4.99054E-06   2.01347E-10  -9.07396E-05
  193000   7.30115E+02   2.30913E-02   2.52027E-02  -2.24520E-03   1.71017E-02   5.98967E-03   1.33778E-04   6.66261E-05   4.40406E-06   1.10587E-10   6.22219E-05   4.74946E-03   2.62246E-04   4.69830E-06   8.05460E-10   2.57547E-04   9.04436E-05  -5.59922E-05   4.68235E-06   1.87645E-10  -6.06748E-05
  194000   7.33898E+02  -1.92382E-02  -1.03106E-02  -9.05032E-03   1.73827E-02  -3.66209E-02   1.22728E-04  -7.40525E-05   4.31841E-06   1.10736E-10  -7.83710E-05   4.39586E-03  -2.86130E-04   4.09615E-06   6.72653E-10  -2.90227E-04   9.06320E-05  -1.68121E-05   4.54657E-06   1.96133E-10  -2.13589E-05
  195000   7.37681E+02   1.02256E-01   1.01295E-01   8.15751E-04   1.76173E-02   8.46388E-02   1.45699E-04   4.88873E-05   4.28268E-06   1.07480E-10   4.46045E-05   4.10053E-03   6.11878E-04   4.25290E-06   6.92897E-10   6.07624E-04   8.58787E-05   8.76187E-05   4.42478E-06   1.89867E-10   8.31937E-05
  196000   7.41464E+02  -2.00819E-03  -1.07929E-02   8.62392E-03   1.78575E-02  -1.98657E-02   1.60816E-04   9.55145E-05   4.15986E-06   1.20514E-10   9.13545E-05   3.77481E-03  -4.06775E-05   3.81311E-06   6.43348E-10  -4.44913E-05   8.83417E-05  -6.89551E-05   4.43356E-06   1.90724E-10  -7.33889E-05
  197000   7.45247E+02   5.45816E-02   5.82946E-02  -3.84779E-03   1.82688E-02   3.63128E-02   1.34822E-04  -3.74544E-05   3.92920E-06   1.23471E-10  -4.13837E-05   3.49194E-03   1.39745E-04   3.89466E-06   5.85084E-10   1.35849E-04   9.26179E-05  -1.27836E-04   4.12407E-06   1.87448E-10  -1.31960E-04
  198000   7.49030E+02   2.45445E-02   2.13757E-02   3.06062E-03   1.87056E-02   5.83886E-03   1.08212E-04   7.43322E-05   3.77616E-06   1.20415E-10   7.05560E-05   3.28986E-03  -5.13843E-04   3.54895E-06   5.95156E-10  -5.17392E-04   1.00263E-04  -6.54309E-05   3.73062E-06   1.97554E-10  -6.91618E-05
  199000   7.52813E+02  -4.32132E-02  -3.90053E-02  -4.31642E-03   1.89430E-02  -6.21563E-02   1.08527E-04   4.55976E-05   3.36604E-06   1.16324E-10   4.22315E-05   3.12767E-03  -1.24191E-04   3.41718E-06   5.61721E-10  -1.27609E-04   1.08890E-04  -4.40478E-06   3.35891E-06   1.99599E-10  -7.76389E-06
  200000   7.56596E+02   2.60271E-02   3.42418E-02  -8.34159E-03   1.92375E-02   6.78960E-03   1.26907E-04  -2.56768E-05   3.26012E-06   1.26912E-10  -2.89371E-05   3.00185E-03   3.73807E-05   3.13580E-06   5.37500E-10   3.42443E-05   9.73586E-05   2.12627E-06   3.46155E-06   1.86034E-10  -1.33547E-06
  201000   7.60379E+02   5.97052E-03  -8.53828E-03   1.43861E-02   1.95308E-02  -1.35603E-02   1.22741E-04  -1.69071E-05   3.02472E-06   1.14226E-10  -1.99319E-05   2.91141E-03   8.86928E-05   3.09701E-06   5.27234E-10   8.55952E-05   8.61506E-05   2.73299E-06   3.05478E-06   1.80846E-10  -3.21975E-07
  202000   7.64161E+02  -3.62333E-02  -3.70581E-02   6.91178E-04   1.98495E-02  -5.60828E-02   1.33634E-04   5.91665E-06   3.13241E-06   1.21707E-10   2.78412E-06   2.73993E-03  -8.88855E-05   3.07068E-06   5.10515E-10  -9.19567E-05   7.87586E-05  -4.10090E-05   3.25104E-06   1.91009E-10  -4.42603E-05
  203000   7.67944E+02  -7.32964E-02  -7.38924E-02   4.69776E-04   2.01725E-02  -9.34689E-02   1.26229E-04   3.81387E-05   3.18064E-06   1.18749E-10   3.49579E-05   2.54749E-03  -1.10219E-04   2.97199E-06   4.91045E-10  -1.13192E-04   7.84304E-05  -9.60262E-06   3.15577E-06   1.89345E-10  -1.27586E-05
  204000   7.71727E+02   2.41983E-02   1.06523E-02   1.34104E-02   2.05951E-02   3.60322E-03   1.35559E-04  -5.84236E-05   2.94735E-06   1.04980E-10  -6.13710E-05   2.39333E-03   2.41807E-05   2.83665E-06   4.65355E-10   2.13435E-05   8.20340E-05   7.08885E-05   3.22458E-06   1.88138E-10   6.76637E-05
  205000   7.75510E+02  -4.82691E-02  -4.75637E-02  -8.15094E-04   2.09269E-02  -6.91960E-02   1.09664E-04   1.41883E-05   2.92936E-06   1.04445E-10   1.12588E-05   2.21805E-03   1.06810E-04   2.99317E-06   4.41060E-10   1.03817E-04   9.17121E-05   1.89794E-05   3.11173E-06   1.88626E-10   1.58675E-05
  206000   7.79293E+02  -1.00822E-02  -1.57686E-02   5.55354E-03   2.11274E-02  -3.12096E-02   1.32896E-04   1.15902E-05   2.89501E-06   1.09230E-10   8.69507E-06   2.12057E-03   4.71540E-04   2.55559E-06   4.16770E-10   4.68984E-04   8.69848E-05  -4.40307E-05   2.95620E-06   1.86586E-10  -4.69871E-05
  207000   7.83076E+02   6.08560E-03   1.42452E-02  -8.30750E-03   2.15807E-02  -1.54951E-02   1.47947E-04  -8.90840E-07   2.64203E-06   1.15597E-10  -3.53298E-06   2.07457E-03  -4.10181E-04   2.65818E-06   4.23132E-10  -4.12839E-04   8.71609E-05   3.54944E-05   2.65727E-06   1.87110E-10   3.28370E-05
  208000   7.86859E+02  -5.10427E-02  -5.82009E-02   7.04954E-03   2.17648E-02  -7.28075E-02   1.08660E-04   2.61836E-05   2.65918E-06   1.09726E-10   2.35243E-05   2.12066E-03  -1.64449E-05   2.33232E-06   4.45864E-10  -1.87776E-05   8.55600E-05   1.46117E-05   2.80494E-06   1.87190E-10   1.18065E-05
  209000   7.90642E+02   4.53376E-02   4.57272E-02  -5.02956E-04   2.20844E-02   2.32532E-02   1.13365E-04   2.96254E-05   2.46006E-06   1.18107E-10   2.71652E-05   2.20916E-03  -1.63676E-04   2.41091E-06   4.73845E-10  -1.66088E-04   8.68573E-05   1.92598E-05   2.43884E-06   1.86202E-10   1.68207E-05
  210000   7.94425E+02  -9.92044E-02  -1.09846E-01   1.05207E-02   2.24259E-02  -1.21630E-01   1.20978E-04   5.69802E-05   2.49044E-06   1.21492E-10   5.44897E-05   2.36080E-03  -3.05499E-04   2.21489E-06   4.74000E-10  -3.07714E-04   8.85698E-05   4.37719E-05   2.38525E-06   1.94698E-10   4.13865E-05
  211000   7.98208E+02  -5.17464E-02  -4.48901E-02  -7.00729E-03   2.27748E-02  -7.45212E-02   1.51023E-04   1.19003E-04   2.18401E-06   1.18541E-10   1.16818E-04   2.54830E-03   5.77010E-05   2.20150E-06   5.08737E-10   5.54990E-05   7.96211E-05  -3.44692E-05   2.27833E-06   1.88273E-10  -3.67477E-05
  212000   8.01991E+02  -6.34897E-03  -5.06440E-04  -5.99495E-03   2.28854E-02  -2.92343E-02   1.52418E-04  -2.56062E-05   2.14139E-06   1.23601E-10  -2.77477E-05   2.70146E-03   7.44005E-06   2.22555E-06   5.44829E-10   5.21396E-06   7.61135E-05  -7.68409E-06   2.38858E-06   1.90145E-10  -1.00729E-05
  213000   8.05774E+02   1.15063E-02   1.72052E-02  -5.82886E-03   2.30155E-02  -1.15092E-02   1.29955E-04   3.93884E-05   2.26134E-06   1.27867E-10   3.71269E-05   2.88773E-03   1.07585E-04   2.30591E-06   5.59721E-10   1.05279E-04   7.95081E-05   8.03804E-05   2.34285E-06   1.76518E-10   7.80373E-05
  214000   8.09557E+02   7.95049E-02   8.20474E-02  -2.67077E-03   2.31808E-02   5.63242E-02   1.28324E-04   5.72545E-05   2.34457E-06   1.30468E-10   5.49098E-05   3.07180E-03   2.08341E-05   2.19334E-06   5.22208E-10   1.86402E-05   8.70639E-05   2.06767E-05   2.53500E-06   1.87427E-10   1.81416E-05
  215000   8.13340E+02   4.36183E-02   3.19131E-02   1.15265E-02   2.34416E-02   2.01767E-02   1.78665E-04   2.24690E-05   2.51193E-06   1.29486E-10   1.99570E-05   3.23213E-03  -3.47141E-04   2.50834E-06   5.87316E-10  -3.49650E-04   8.91517E-05   7.91738E-05   2.59773E-06   1.84820E-10   7.65758E-05
  216000   8.17123E+02   3.33376E-02   4.17571E-02  -8.54851E-03   2.37905E-02   9.54711E-03   1.29080E-04  -2.97115E-05   2.68022E-06   1.24531E-10  -3.23919E-05   3.39855E-03  -4.55876E-04   2.58200E-06   5.92275E-10  -4.58458E-04   8.52950E-05   5.18377E-05   2.89159E-06   1.97151E-10   4.89459E-05
  217000   8.20906E+02   4.61766E-02   5.26399E-02  -6.59049E-03   2.41219E-02   2.20547E-02   1.27200E-04   3.62555E-05   2.78267E-06   1.15640E-10   3.34727E-05   3.55609E-03  -2.75121E-04   2.70473E-06   6.13226E-10  -2.77827E-04   8.16095E-05   4.88196E-05   2.86007E-06   1.94282E-10   4.59594E-05
  218000   8.24689E+02  -1.81079E-02  -1.97765E-02   1.54422E-03   2.44195E-02  -4.25274E-02   1.24390E-04   5.86270E-05   2.97625E-06   1.09231E-10   5.56507E-05   3.65764E-03   4.22530E-04   2.86131E-06   6.49372E-10   4.19668E-04   7.65713E-05   7.85756E-05   3.06551E-06   1.92689E-10   7.55099E-05
  219000   8.28472E+02  -4.78355E-02  -5.73208E-02   9.39403E-03   2.48053E-02  -7.26409E-02   9.12023E-05   3.06581E-05   2.90224E-06   1.05919E-10   2.77558E-05   3.72530E-03   8.90324E-05   2.90146E-06   6.56430E-10   8.61303E-05   7.83253E-05  -6.04582E-05   3.05898E-06   1.95641E-10  -6.35174E-05
  220000   8.32255E+02   2.24815E-02   2.12884E-02   1.09157E-03   2.50695E-02  -2.58792E-03   1.01562E-04  -1.01640E-05   3.00401E-06   9.79224E-11  -1.31681E-05   3.86024E-03   4.12859E-04   2.91937E-06   6.78584E-10   4.09939E-04   8.12038E-05  -6.21538E-06   3.16813E-06   1.86522E-10  -9.38370E-06
  221000   8.36038E+02  -1.13244E-02   1.96394E-03  -1.34067E-02   2.51779E-02  -3.65023E-02   1.18287E-04   1.39268E-04   3.35192E-06   1.09762E-10   1.35916E-04   3.97545E-03  -5.54635E-04   3.18886E-06   6.74408E-10  -5.57825E-04   8.36637E-05  -1.70613E-05   3.33486E-06   1.96300E-10  -2.03964E-05
  222000   8.39821E+02   3.06214E-02   2.37234E-02   6.74284E-03   2.54976E-02   5.12383E-03   1.55219E-04  -6.28230E-06   3.43637E-06   1.07110E-10  -9.71877E-06   4.04232E-03  -2.03580E-04   3.48247E-06   6.30627E-10  -2.07063E-04   8.78470E-05  -2.76298E-06   3.64347E-06   1.98123E-10  -6.40664E-06
  223000   8.43604E+02  -9.01709E-03  -1.18519E-02   2.71991E-03   2.57592E-02  -3.47763E-02   1.14910E-04  -4.76367E-05   3.40148E-06   1.07805E-10  -5.10382E-05   3.95323E-03   1.98389E-04   3.63090E-06   6.51603E-10   1.94758E-04   9.17962E-05   6.22587E-06   3.75898E-06   1.90685E-10   2.46670E-06
  224000   8.47387E+02  -6.76910E-03  -8.64080E-03   1.74068E-03   2.61177E-02  -3.28868E-02   1.31033E-04   1.22720E-04   3.54362E-06   1.17575E-10   1.19176E-04   3.80943E-03   1.89168E-04   3.62972E-06   6.78375E-10   1.85537E-04   9.05548E-05   3.83665E-05   3.84684E-06   1.85518E-10   3.45194E-05
  225000   8.51170E+02  -7.10840E-03  -3.24240E-03  -3.98290E-03   2.64665E-02  -3.35749E-02   1.16903E-04  -3.02454E-05   3.79295E-06   1.25690E-10  -3.40385E-05   3.65978E-03  -5.75861E-05   3.58491E-06   6.50893E-10  -6.11716E-05   8.84214E-05   4.70627E-05   3.74203E-06   1.90152E-10   4.33204E-05
  226000   8.54953E+02  -2.61013E-03   6.58729E-04  -3.40264E-03   2.66802E-02  -2.92903E-02   1.33782E-04   3.07818E-05   3.58459E-06   1.24151E-10   2.71971E-05   3.41840E-03  -3.12910E-04   3.83402E-06   6.02260E-10  -3.16745E-04   9.16081E-05   1.27025E-05   3.84587E-06   1.85692E-10   8.85647E-06
  227000   8.58736E+02  -2.77695E-02  -3.18010E-02   3.89145E-03   2.70162E-02  -5.47857E-02   1.39992E-04   8.12477E-05   3.45271E-06   1.44828E-10   7.77948E-05   3.15621E-03   1.68274E-04   3.46537E-06   5.61605E-10   1.64808E-04   9.18749E-05   3.14494E-05   3.65522E-06   2.09006E-10   2.77939E-05
  228000   8.62519E+02  -6.22198E-02  -7.22876E-02   9.97123E-03   2.72134E-02  -8.94332E-02   9.66606E-05  -4.34228E-05   3.19438E-06   1.34520E-10  -4.66174E-05   2.86035E-03   1.32809E-04   3.22078E-06   5.15902E-10   1.29588E-04   8.82164E-05  -6.74153E-05   3.40782E-06   1.93368E-10  -7.08233E-05
  229000   8.66302E+02   3.94256E-02   3.82485E-02   1.04753E-03   2.75770E-02   1.18485E-02   1.29502E-04   2.86291E-06   3.09793E-06   1.26482E-10  -2.35155E-07   2.61689E-03  -2.65821E-04   2.88855E-06   4.74162E-10  -2.68710E-04   8.37521E-05   5.27101E-05   3.23321E-06   1.93796E-10   4.94767E-05
  230000   8.70085E+02   6.35608E-02   6.12670E-02   2.14294E-03   2.78506E-02   3.57102E-02   1.50862E-04   5.80775E-05   2.86432E-06   1.20107E-10   5.52131E-05   2.40175E-03  -1.97940E-05   2.79398E-06   4.73067E-10  -2.25885E-05   7.69809E-05   7.72119E-05   3.00775E-06   1.82493E-10   7.42040E-05
  231000   8.73868E+02   7.03618E-02   7.05193E-02  -2.76609E-04   2.81198E-02   4.22419E-02   1.19021E-04   7.71360E-05   2.72661E-06   1.15219E-10   7.44093E-05   2.19019E-03  -3.38556E-04   2.61450E-06   4.59106E-10  -3.41171E-04   6.80808E-05   2.03324E-05   2.67401E-06   1.80488E-10   1.76582E-05
  232000   8.77651E+02   9.97557E-02   9.20523E-02   7.57265E-03   2.83244E-02   7.14312E-02   1.30690E-04   3.42987E-05   2.38131E-06   1.09333E-10   3.19173E-05   1.95668E-03   2.63986E-04   2.29829E-06   4.22257E-10   2.61687E-04   6.86664E-05  -2.47488E-05   2.49212E-06   2.03465E-10  -2.72411E-05
  233000   8.81434E+02  -8.65492E-02  -1.00180E-01   1.35470E-02   2.86306E-02  -1.15180E-01   8.37333E-05  -8.75916E-06   2.37083E-06   1.07454E-10  -1.11301E-05   1.77082E-03   5.29829E-05   2.13742E-06   3.94308E-10   5.08451E-05   6.56374E-05  -4.07353E-05   2.31443E-06   1.99008E-10  -4.30499E-05
  234000   8.85217E+02  -2.01672E-02  -2.86884E-02   8.41704E-03   2.88272E-02  -4.89944E-02   1.04075E-04   9.85501E-05   2.08778E-06   1.18003E-10   9.64622E-05   1.59221E-03   3.29396E-05   1.92082E-06   3.50480E-10   3.10184E-05   6.62686E-05  -5.50397E-06   2.11029E-06   1.87880E-10  -7.61445E-06
  235000   8.89000E+02  -2.02466E-02  -1.16983E-02  -8.67353E-03   2.91806E-02  -4.94271E-02   1.25235E-04   4.34039E-05   1.79806E-06   1.18965E-10   4.16057E-05   1.43726E-03  -1.29156E-04   1.78636E-06   3.36914E-10  -1.30942E-04   7.24690E-05  -4.64493E-06   1.85573E-06   1.86539E-10  -6.50085E-06
  236000   8.92783E+02  -1.73757E-02  -6.08400E-03  -1.14136E-02   2.95762E-02  -4.69519E-02   1.21920E-04   2.59346E-05   1.72528E-06   1.03649E-10   2.42092E-05   1.31728E-03   9.56071E-05   1.69216E-06   3.11549E-10   9.39146E-05   7.67681E-05  -3.00974E-05   1.69142E-06   1.78404E-10  -3.17890E-05
  237000   8.96566E+02   5.84133E-03   1.37315E-02  -8.02029E-03   2.97911E-02  -2.39498E-02   1.30090E-04   4.83141E-05   1.53214E-06   1.11732E-10   4.67818E-05   1.17163E-03   3.95865E-05   1.49700E-06   3.08543E-10   3.80892E-05   7.41836E-05   5.81741E-05   1.50843E-06   1.88054E-10   5.66655E-05
  238000   9.00349E+02   5.42078E-02   4.46079E-02   9.48496E-03   3.02125E-02   2.39953E-02   1.14899E-04  -2.51445E-05   1.32619E-06   1.15139E-10  -2.64708E-05   1.08525E-03  -5.60435E-05   1.37433E-06   3.11639E-10  -5.74182E-05   6.78025E-05  -1.07693E-06   1.38996E-06   1.98019E-10  -2.46710E-06
  239000   9.04132E+02   7.01439E-02   7.97080E-02  -9.69836E-03   3.04299E-02   3.97140E-02   1.34256E-04   2.25591E-05   1.30216E-06   1.26129E-10   2.12568E-05   9.88444E-04  -1.12484E-04   1.23059E-06   2.98872E-10  -1.13715E-04   6.44152E-05  -7.93861E-06   1.30109E-06   1.85737E-10  -9.23989E-06
  240000   9.07915E+02  -1.74340E-02  -1.50043E-02  -2.56539E-03   3.06733E-02  -4.81072E-02   1.35701E-04  -1.84997E-05   1.15218E-06   1.23614E-10  -1.96520E-05   9.33402E-04  -1.36328E-04   1.10263E-06   2.73732E-10  -1.37431E-04   6.25670E-05   1.12479E-05   1.21731E-06   1.96429E-10   1.00304E-05
  241000   9.11698E+02  -6.83431E-02  -6.36677E-02  -4.76995E-03   3.09019E-02  -9.92451E-02   9.44699E-05   1.03039E-04   1.05939E-06   1.27566E-10   1.01979E-04   8.96450E-04  -3.93430E-05   1.06389E-06   2.70266E-10  -4.04072E-05   6.65798E-05   6.47681E-06   1.11208E-06   1.89502E-10   5.36455E-06
  242000   9.15481E+02  -5.51839E-02  -5.53059E-02   1.60014E-05   3.10331E-02  -8.62170E-02   1.06030E-04   5.45821E-05   1.03028E-06   1.22697E-10   5.35517E-05   8.74511E-04   2.70025E-05   1.13468E-06   2.51652E-10   2.58676E-05   6.65538E-05   3.94518E-05   1.08008E-06   1.85470E-10   3.83715E-05
  243000   9.19264E+02  -9.48254E-02  -1.08411E-01   1.34946E-02   3.12119E-02  -1.26037E-01   9.05836E-05  -4.08683E-05   1.08334E-06   1.34927E-10  -4.19518E-05   8.39651E-04  -4.11093E-05   1.06052E-06   2.59647E-10  -4.21701E-05   6.80338E-05  -1.08631E-05   1.10779E-06   1.80128E-10  -1.19711E-05
  244000   9.23047E+02  -2.44577E-03  -9.38068E-03   6.81289E-03   3.14660E-02  -3.39117E-02   1.22019E-04   6.32224E-05   1.00207E-06   1.18228E-10   6.22202E-05   7.79382E-04  -2.27315E-04   9.99602E-07   2.56749E-10  -2.28315E-04   7.29976E-05   3.93683E-05   1.03535E-06   1.89150E-10   3.83328E-05
  245000   9.26830E+02  -5.58592E-02  -7.65456E-02   2.05899E-02   3.16315E-02  -8.74906E-02   9.65096E-05  -1.54437E-05   9.22239E-07   1.19448E-10  -1.63660E-05   7.58917E-04   2.78911E-04   8.85688E-07   2.54547E-10   2.78025E-04   7.19232E-05  -1.43108E-05   9.81780E-07   1.88259E-10  -1.52927E-05
  246000   9.30612E+02  -1.87815E-02  -3.88339E-02   1.99139E-02   3.17978E-02  -5.05793E-02   1.38494E-04  -5.31088E-05   9.90552E-07   1.14724E-10  -5.40995E-05   7.44543E-04   1.13261E-04   9.86740E-07   2.57827E-10   1.12274E-04   6.77940E-05   1.46929E-05   1.01690E-06   1.83315E-10   1.36758E-05
  247000   9.34395E+02  -1.35812E-02  -2.75449E-02   1.38489E-02   3.20402E-02  -4.56214E-02   1.14858E-04  -6.67734E-05   9.78365E-07   1.16374E-10  -6.77519E-05   7.32027E-04  -4.58511E-05   9.71763E-07   2.45092E-10  -4.68231E-05   7.32415E-05   5.25408E-05   1.01778E-06   1.82239E-10   5.15229E-05
  248000   9.38178E+02   1.87380E-03  -2.27308E-02   2.45114E-02   3.23203E-02  -3.04465E-02   9.31267E-05   7.20570E-05   1.01760E-06   1.06063E-10   7.10393E-05   7.47870E-04   1.44423E-05   9.66635E-07   2.53667E-10   1.34755E-05   7.35978E-05   3.88687E-05   1.06523E-06   1.85066E-10   3.78032E-05
  249000   9.41961E+02  -1.22932E-02  -8.20553E-04  -1.15800E-02   3.27289E-02  -4.50221E-02   1.07447E-04   2.06901E-05   1.07547E-06   1.03396E-10   1.96145E-05   7.31273E-04  -1.18367E-04   9.74061E-07   2.44156E-10  -1.19341E-04   7.33072E-05   1.62458E-05   1.07971E-06   1.88346E-10   1.51659E-05
  250000   9.45744E+02  -5.10798E-02  -5.74300E-02   6.26121E-03   3.29044E-02  -8.39842E-02   8.89511E-05   5.27880E-05   1.02116E-06   1.14737E-10   5.17668E-05   7.26323E-04  -1.58680E-04   1.03243E-06   2.48583E-10  -1.59713E-04   7.23298E-05  -7.13575E-06   1.05452E-06   1.77688E-10  -8.19045E-06
