 kstep wat kin_energy mag_energy ep_energy ion_energy ep_energy_trns ion_energy_trns elcl_energy_trns mag_int mag_ideal dssp_energy total_energy
         0   0.00000E+00   0.00000E+00   3.04886E-12   1.33118E-14   6.03413E-15   0.00000E+00   0.00000E+00   0.00000E+00   0.00000E+00   0.00000E+00   0.00000E+00   3.04886E-12
      1000   3.78298E+00   1.49428E-12  -5.29059E-10  -6.28545E-12   8.91235E-10   5.39827E-10   2.08604E-10   2.08609E-10  -7.01966E-10  -3.81432E-10   1.48723E-10   5.78200E-10
      2000   7.56596E+00   1.37093E-12  -2.85652E-09  -2.59176E-10   2.46362E-09   2.03459E-09   8.79964E-10   8.79980E-10  -3.10235E-09  -1.62771E-09   1.23189E-09   2.17127E-09
      3000   1.13489E+01   1.01452E-12  -2.99396E-09  -1.01354E-09   3.26518E-09   6.85024E-11   5.17218E-10   5.17246E-10  -3.17783E-09  -4.95862E-10   2.50545E-09   6.15474E-10
      4000   1.51319E+01   1.09351E-12  -3.63749E-09  -1.78851E-09   4.85108E-09   6.06941E-10   6.12403E-10   6.12435E-10  -3.67966E-09  -2.14307E-10   3.42547E-09   1.62085E-09
      5000   1.89149E+01   8.67901E-13  -5.29362E-09  -2.33388E-09   7.00327E-09  -2.64870E-10   8.77892E-10   8.77895E-10  -5.21593E-09  -4.62795E-10   4.83244E-09   1.03061E-09
      6000   2.26979E+01   9.84222E-13  -1.06893E-08  -3.09026E-09   1.04093E-08   3.56901E-09   2.33572E-09   2.33570E-09  -1.05338E-08  -3.01564E-09   7.67604E-09   5.22819E-09
      7000   2.64808E+01   8.66455E-13  -1.18741E-08  -3.82690E-09   1.26885E-08   1.66147E-09   2.53962E-09   2.53960E-09  -1.15399E-08  -2.49423E-09   9.38292E-09   4.25036E-09
      8000   3.02638E+01   9.90777E-13  -1.27158E-08  -4.50437E-09   1.47440E-08   3.53336E-09   2.40649E-09   2.40649E-09  -1.23038E-08  -1.68866E-09   1.10301E-08   6.66162E-09
      9000   3.40468E+01   1.19192E-12  -1.57593E-08  -5.01742E-09   1.75939E-08   2.49154E-09   3.09747E-09   3.09749E-09  -1.53793E-08  -3.06816E-09   1.26915E-08   5.61992E-09
     10000   3.78298E+01   1.17682E-12  -2.16445E-08  -5.52287E-09   2.16916E-08   8.60683E-09   5.17877E-09   5.17878E-09  -2.12460E-08  -6.56056E-09   1.50798E-08   1.24008E-08
     11000   4.16128E+01   1.54836E-12  -1.98466E-08  -5.91945E-09   2.11899E-08   9.58754E-10   2.71894E-09   2.71895E-09  -1.94705E-08  -9.75999E-11   1.97383E-08   6.28993E-09
     12000   4.53957E+01   1.67410E-12  -2.08730E-08  -5.98260E-09   2.38555E-08   5.24529E-09   3.40411E-09   3.40412E-09  -2.05340E-08  -6.29489E-10   2.02339E-08   1.14160E-08
     13000   4.91787E+01   1.96958E-12  -2.90643E-08  -5.81289E-09   2.85412E-08   9.83980E-09   6.14431E-09   6.14434E-09  -2.88798E-08  -6.73765E-09   2.23236E-08   1.53898E-08
     14000   5.29617E+01   2.53902E-12  -3.22685E-08  -5.86353E-09   3.09163E-08   8.31351E-09   6.76083E-09   6.76087E-09  -3.18731E-08  -7.56104E-09   2.47224E-08   1.42916E-08
     15000   5.67447E+01   2.92602E-12  -2.89715E-08  -5.79676E-09   3.19329E-08   1.15711E-08   6.09078E-09   6.09081E-09  -2.86786E-08  -4.58885E-09   2.44111E-08   1.91951E-08
     16000   6.05276E+01   3.79793E-12  -2.53899E-08  -5.38589E-09   3.09213E-08   1.84260E-09   3.34696E-09   3.34699E-09  -2.49344E-08   1.06143E-09   2.64893E-08   9.63976E-09
     17000   6.43106E+01   4.63818E-12  -4.30594E-08  -5.34693E-09   3.89763E-08   1.67835E-08   9.95542E-09   9.95543E-09  -4.26323E-08  -1.29676E-08   3.01288E-08   2.37684E-08
     18000   6.80936E+01   5.80891E-12  -4.32159E-08  -5.34653E-09   4.07772E-08   1.53908E-08   1.03787E-08   1.03787E-08  -4.24203E-08  -1.24103E-08   3.08503E-08   2.37884E-08
     19000   7.18766E+01   7.52635E-12  -2.73269E-08  -5.28720E-09   3.48057E-08   2.41314E-09   3.01908E-09   3.01913E-09  -2.69403E-08   4.30715E-09   3.16920E-08   1.28240E-08
     20000   7.56596E+01   9.32542E-12  -4.11847E-08  -5.53461E-09   4.17000E-08   1.24472E-08   8.67374E-09   8.67381E-09  -4.02613E-08  -8.54706E-09   3.27057E-08   2.13251E-08
     21000   7.94425E+01   1.19711E-11  -5.45984E-08  -5.61992E-09   4.83847E-08   2.00946E-08   1.41935E-08   1.41936E-08  -5.40451E-08  -1.99236E-08   3.47506E-08   2.86458E-08
     22000   8.32255E+01   1.51049E-11  -4.48029E-08  -5.17547E-09   4.48721E-08   1.34623E-08   9.29124E-09   9.29126E-09  -4.39265E-08  -7.82133E-09   3.70565E-08   2.43136E-08
     23000   8.70085E+01   1.91359E-11  -4.00414E-08  -4.20375E-09   4.31482E-08   7.85503E-09   5.85582E-09   5.85585E-09  -3.79720E-08  -1.46111E-10   3.99703E-08   1.95148E-08
     24000   9.07915E+01   2.44555E-11  -6.07792E-08  -4.38186E-09   5.53200E-08   2.86096E-08   1.68400E-08   1.68401E-08  -5.98733E-08  -2.34652E-08   3.73812E-08   3.89162E-08
     25000   9.45744E+01   3.07981E-11  -5.86859E-08  -4.62779E-09   5.55524E-08   2.13162E-08   1.60502E-08   1.60504E-08  -5.65027E-08  -2.22401E-08   3.65077E-08   3.12694E-08
     26000   9.83574E+01   3.93223E-11  -4.20776E-08  -4.65789E-09   5.01472E-08   1.94044E-08   9.36270E-09   9.36284E-09  -4.06837E-08  -7.02731E-09   3.50986E-08   3.11903E-08
     27000   1.02140E+02   4.94357E-11  -4.08158E-08  -3.61780E-09   5.23132E-08   1.31359E-08   9.73699E-09   9.73705E-09  -4.02168E-08  -6.40712E-09   3.44495E-08   2.62930E-08
     28000   1.05923E+02   6.27930E-11  -6.56296E-08  -3.99887E-09   6.39191E-08   3.65008E-08   1.99463E-08   1.99463E-08  -6.38604E-08  -2.74976E-08   3.81622E-08   4.89887E-08
     29000   1.09706E+02   7.93672E-11  -5.72127E-08  -4.83871E-09   6.02737E-08   2.12556E-08   1.49463E-08   1.49464E-08  -5.62893E-08  -1.82311E-08   3.90049E-08   3.30199E-08
     30000   1.13489E+02   1.00059E-10  -5.00834E-08  -4.16752E-09   5.78625E-08   9.84502E-09   1.11471E-08   1.11473E-08  -4.84324E-08  -9.08468E-09   4.10174E-08   2.31734E-08
     31000   1.17272E+02   1.27341E-10  -6.62420E-08  -4.87797E-09   6.76521E-08   4.08886E-08   2.03359E-08   2.03362E-08  -6.61399E-08  -2.59052E-08   4.03632E-08   5.58092E-08
     32000   1.21055E+02   1.61012E-10  -4.78003E-08  -2.63678E-09   6.07253E-08   3.73098E-09   1.19775E-08   1.19778E-08  -4.90679E-08  -8.93205E-09   3.89105E-08   1.89574E-08
     33000   1.24838E+02   2.04293E-10  -7.25805E-08  -1.60277E-09   7.26472E-08   6.64336E-08   2.18160E-08   2.18163E-08  -6.91666E-08  -2.93914E-08   4.32407E-08   8.09304E-08
     34000   1.28621E+02   2.59461E-10  -4.35163E-08  -2.36247E-09   6.02332E-08  -2.03397E-08   7.70801E-09   7.70824E-09  -4.14095E-08  -1.63165E-09   4.19533E-08  -6.22697E-09
     35000   1.32404E+02   3.27806E-10  -7.58069E-08  -5.20414E-09   7.67892E-08   4.98490E-08   2.36772E-08   2.36774E-08  -7.26677E-08  -3.23769E-08   4.35238E-08   6.52483E-08
     36000   1.36187E+02   4.16923E-10  -2.78272E-08  -4.68121E-09   5.45194E-08  -2.77790E-08  -4.25557E-11  -4.18410E-11  -2.47531E-08   1.62101E-08   4.41678E-08  -1.11059E-08
     37000   1.39970E+02   5.27322E-10  -3.51579E-08  -6.19753E-09   5.85088E-08  -8.47887E-09   3.44002E-09   3.44112E-09  -3.31635E-08   8.91656E-09   4.42484E-08   8.02008E-09
     38000   1.43753E+02   6.68936E-10  -7.07703E-08  -6.59423E-09   7.72553E-08   4.37432E-08   2.08644E-08   2.08656E-08  -6.90289E-08  -2.42550E-08   4.67439E-08   6.21156E-08
     39000   1.47536E+02   8.49274E-10  -3.65244E-08  -9.52479E-09   6.13346E-08  -4.22676E-08   4.12730E-09   4.12825E-09  -3.58727E-08   1.06439E-08   4.74625E-08  -2.22247E-08
     40000   1.51319E+02   1.07933E-09  -3.71389E-08  -1.38941E-08   6.24109E-08   2.84730E-09   5.00375E-09   5.00455E-09  -3.81478E-08   8.62443E-09   4.61328E-08   2.29288E-08
     41000   1.55102E+02   1.36503E-09  -4.27078E-08  -1.42898E-08   6.24399E-08  -5.68439E-08   5.51357E-09   5.51525E-09  -4.00793E-08   7.40615E-09   5.05845E-08  -3.65732E-08
     42000   1.58885E+02   1.73812E-09  -6.61611E-08  -1.19094E-08   7.60381E-08   4.96664E-08   1.69988E-08   1.70021E-08  -6.06353E-08  -1.44436E-08   5.23088E-08   7.15531E-08
     43000   1.62668E+02   2.19923E-09  -1.85628E-08  -5.53258E-09   6.33972E-08  -7.64927E-08   1.30226E-09   1.30692E-09  -2.54595E-08   2.03673E-08   3.96822E-08  -5.05649E-08
     44000   1.66451E+02   2.78801E-09  -1.66576E-07  -2.72855E-10   1.36902E-07   1.50803E-07   7.10713E-08   7.10760E-08  -1.68483E-07  -1.22650E-07   4.48767E-08   1.74039E-07
     45000   1.70234E+02   3.53375E-09  -7.47953E-08  -2.21227E-09   9.93215E-08   6.63422E-10   3.05614E-08   3.05649E-08  -8.63945E-08  -4.23375E-08   3.36557E-08   2.41840E-08
     46000   1.74017E+02   4.45472E-09   1.68642E-08  -1.31562E-08   4.88773E-08  -1.51461E-07  -1.83037E-08  -1.82984E-08   1.49283E-08   6.04523E-08   4.50916E-08  -1.21653E-07
     47000   1.77800E+02   5.64137E-09  -8.05634E-08  -2.86197E-08   1.00828E-07   5.27303E-08   3.72338E-08   3.72398E-08  -9.14583E-08  -4.81926E-08   3.42619E-08   8.65437E-08
     48000   1.81583E+02   7.12542E-09   4.39272E-08  -3.25338E-08   3.13118E-08  -2.73406E-07  -3.43367E-08  -3.43270E-08   5.11928E-08   9.52718E-08   5.37184E-08  -2.37299E-07
     49000   1.85366E+02   9.03517E-09   5.83289E-08  -3.97856E-08   3.22778E-08  -1.19549E-07  -3.15277E-08  -3.15160E-08   4.65641E-08   9.36370E-08   3.82931E-08  -7.69355E-08
     50000   1.89149E+02   1.14555E-08   1.54404E-07  -2.94318E-08  -2.56788E-08  -4.06848E-07  -8.95164E-08  -8.95093E-08   1.67359E-07   2.17319E-07   6.66660E-08  -3.53348E-07
     51000   1.92932E+02   1.45194E-08   1.39827E-07  -2.79801E-08  -2.17130E-08  -1.61317E-07  -8.31906E-08  -8.31781E-08   1.62224E-07   2.14438E-07   7.93408E-08  -9.39985E-08
     52000   1.96715E+02   1.83806E-08   2.94841E-07  -3.17303E-08  -8.64438E-08  -4.48871E-07  -1.49977E-07  -1.49959E-07   3.00338E-07   3.55978E-07   6.71048E-08  -3.68481E-07
     53000   2.00498E+02   2.32888E-08   8.77330E-08  -3.35230E-08   1.97610E-08  -2.65049E-07  -5.24311E-08  -5.24062E-08   1.04252E-07   1.62741E-07   8.25509E-08  -1.76314E-07
     54000   2.04281E+02   2.93662E-08  -2.30328E-07  -3.88840E-08   1.61918E-07  -1.63447E-07   8.56013E-08   8.56237E-08  -1.79345E-07  -1.19468E-07   1.20403E-07  -7.27814E-08
     55000   2.08064E+02   3.72236E-08  -1.93578E-07  -4.87586E-08   1.33104E-07  -9.38851E-08   5.85957E-08   5.86351E-08  -1.23699E-07  -5.93432E-08   1.46319E-07   1.33102E-08
     56000   2.11847E+02   4.70431E-08   1.17850E-07  -1.94470E-08   2.51037E-08  -5.56297E-07  -6.60442E-08  -6.59541E-08   1.32168E-07   2.08333E-07   1.05778E-07  -4.17624E-07
     57000   2.15630E+02   5.94467E-08  -4.60196E-07   3.94848E-08   3.21997E-07   2.91533E-07   2.04652E-07   2.04758E-07  -4.16488E-07  -3.24807E-07   1.54747E-07   4.54941E-07
     58000   2.19413E+02   7.55255E-08  -4.37378E-07   6.14247E-08   3.04474E-07  -1.34101E-07   1.82523E-07   1.82668E-07  -3.78121E-07  -2.69372E-07   1.92510E-07   6.17473E-08
     59000   2.23196E+02   9.53640E-08  -3.11401E-07   6.67264E-08   2.62409E-07   1.70415E-07   1.48773E-07   1.48967E-07  -2.96092E-07  -1.72433E-07   1.69971E-07   4.22089E-07
     60000   2.26979E+02   1.21218E-07   1.07614E-07   9.79499E-08   1.09076E-07  -6.82274E-07  -1.44034E-08  -1.41747E-08   7.12705E-08   2.04470E-07   1.36095E-07  -3.45925E-07
     61000   2.30762E+02   1.53492E-07  -1.19545E-07   8.55691E-08   2.26654E-07   1.04215E-07   9.83793E-08   9.86644E-08  -9.69965E-08   4.35557E-08   2.12772E-07   5.47978E-07
     62000   2.34545E+02   1.94717E-07   6.75145E-07   4.41027E-08  -1.75823E-07  -1.57408E-06  -2.88163E-07  -2.87925E-07   7.22180E-07   8.75701E-07   2.63477E-07  -1.01682E-06
     63000   2.38328E+02   2.46420E-07   2.14625E-07   2.42137E-08   8.98923E-08  -5.96710E-07  -1.48597E-08  -1.46437E-08   2.41409E-07   4.16636E-07   2.81722E-07   1.16554E-07
     64000   2.42111E+02   3.12357E-07  -4.05675E-08   5.91575E-08   2.75699E-07  -6.92648E-07   1.34198E-07   1.34496E-07   7.96428E-10   2.06839E-07   3.48406E-07   1.96242E-07
     65000   2.45894E+02   3.94370E-07   3.77421E-07   1.29330E-08   3.76375E-08  -1.84861E-06  -1.16587E-07  -1.16252E-07   5.57345E-07   8.02322E-07   5.52850E-07  -7.56805E-07
     66000   2.49677E+02   4.99643E-07   9.65473E-07  -3.86783E-08  -8.32133E-08  -1.84498E-06  -2.21785E-07  -2.21156E-07   8.93395E-07   1.18212E-06   3.78641E-07  -4.44162E-07
     67000   2.53460E+02   6.31378E-07   2.02807E-06   1.87762E-08  -5.93423E-07  -3.78991E-06  -7.39184E-07  -7.38694E-07   2.12132E-06   2.46601E-06   6.43161E-07  -1.96517E-06
     68000   2.57242E+02   8.00007E-07   7.56164E-07   7.13196E-08   1.21831E-07  -2.48448E-06  -4.46011E-08  -4.45019E-08   8.78025E-07   1.30289E-06   8.06536E-07  -2.10880E-07
     69000   2.61025E+02   1.01300E-06   1.53957E-06  -2.09695E-09  -1.99483E-07  -3.96313E-06  -3.49294E-07  -3.48961E-07   1.68098E-06   2.20722E-06   9.96472E-07  -1.11235E-06
     70000   2.64808E+02   1.27832E-06   3.42621E-06   2.53533E-08  -8.84894E-07  -6.83300E-06  -1.05363E-06  -1.05302E-06   3.40468E-06   4.05063E-06   1.04056E-06  -3.19455E-06
     71000   2.68591E+02   1.62483E-06   2.51086E-06   9.25240E-08  -2.61485E-07  -4.76073E-06  -5.16928E-07  -5.16090E-07   2.72338E-06   3.49482E-06   1.51081E-06  -1.47238E-07
     72000   2.72374E+02   2.05238E-06   2.84892E-06   3.45516E-07  -8.82090E-08  -7.89630E-06  -4.73108E-07  -4.71747E-07   3.10241E-06   4.03094E-06   1.84868E-06  -2.09118E-06
     73000   2.76157E+02   2.59648E-06   1.73699E-06   2.29862E-07   6.44470E-07  -6.04740E-06   3.01357E-07   3.03740E-07   2.09611E-06   3.22248E-06   2.32901E-06   1.22018E-06
     74000   2.79940E+02   3.27580E-06   6.12177E-06   1.82075E-07  -1.00834E-06  -1.34037E-05  -1.36116E-06  -1.35782E-06   6.29339E-06   7.64692E-06   2.59263E-06  -4.13244E-06
     75000   2.83723E+02   4.15171E-06   6.97034E-06   1.78162E-07  -9.06379E-07  -1.32999E-05  -1.30255E-06  -1.29847E-06   7.36231E-06   8.97134E-06   3.35204E-06  -1.42681E-06
     76000   2.87506E+02   5.24266E-06   7.14179E-06   2.37146E-07  -3.71508E-07  -1.78230E-05  -8.47610E-07  -8.43202E-07   7.80861E-06   9.69528E-06   4.26288E-06  -2.86648E-06
     77000   2.91289E+02   6.65431E-06   4.97765E-06   1.19650E-07   1.29712E-06  -1.71140E-05   6.97391E-07   7.03922E-07   6.29487E-06   8.50419E-06   5.68985E-06   1.60912E-06
     78000   2.95072E+02   8.43510E-06   7.83084E-06   1.85834E-07   1.01318E-06  -2.53359E-05   2.49782E-07   2.63429E-07   9.46670E-06   1.21081E-05   7.01539E-06  -1.54140E-06
     79000   2.98855E+02   1.06688E-05   1.08472E-05   1.35584E-07   1.16837E-06  -2.92905E-05   3.27536E-07   3.50321E-07   1.23015E-05   1.55255E-05   8.14437E-06   1.04781E-06
     80000   3.02638E+02   1.35314E-05   1.90112E-05   3.25153E-07  -1.06845E-06  -4.68287E-05  -2.16835E-06  -2.13805E-06   2.07070E-05   2.46322E-05   1.00100E-05  -8.58252E-06
     81000   3.06421E+02   1.71609E-05   1.80479E-05   7.69635E-07   2.06978E-06  -4.45157E-05   6.10995E-07   6.50166E-07   1.95441E-05   2.43080E-05   1.18185E-05   3.77272E-06
     82000   3.10204E+02   2.16699E-05   2.15642E-05   1.33694E-06   3.23835E-06  -6.02172E-05   1.41355E-06   1.45950E-06   2.37961E-05   2.96273E-05   1.51012E-05   9.91081E-07
     83000   3.13987E+02   2.75714E-05   2.27362E-05   9.78713E-07   6.05841E-06  -6.63564E-05   4.10167E-06   4.15972E-06   2.55990E-05   3.28639E-05   1.90385E-05   1.12511E-05
     84000   3.17770E+02   3.48024E-05   3.90436E-05   5.24961E-07   1.94205E-06  -1.00859E-04  -3.33967E-07  -2.40238E-07   4.33807E-05   5.25906E-05   2.48343E-05  -2.75325E-06
     85000   3.21553E+02   4.40534E-05   4.47843E-05   9.39234E-07   5.15878E-06  -1.20567E-04   2.14173E-06   2.24358E-06   4.97439E-05   6.14358E-05   3.09465E-05   3.60230E-06
     86000   3.25336E+02   5.59008E-05   4.84994E-05   1.96696E-06   1.05401E-05  -1.45156E-04   6.47639E-06   6.58385E-06   5.53295E-05   7.02603E-05   3.98590E-05   1.21631E-05
     87000   3.29119E+02   7.08434E-05   6.93379E-05   2.88624E-06   8.80647E-06  -1.93126E-04   3.53010E-06   3.64595E-06   7.94698E-05   9.84990E-05   5.20733E-05   6.30416E-06
     88000   3.32902E+02   9.01310E-05   9.65130E-05   4.73414E-06   7.87281E-06  -2.47773E-04   1.16789E-06   1.28068E-06   1.07937E-04   1.32128E-04   6.46383E-05   5.95750E-06
     89000   3.36685E+02   1.13509E-04   1.18534E-04   6.76117E-06   1.25942E-05  -3.18535E-04   3.73820E-06   3.91006E-06   1.31631E-04   1.62400E-04   8.06397E-05   1.79600E-06
     90000   3.40468E+02   1.43772E-04   1.34996E-04   1.02287E-05   2.50673E-05  -3.76390E-04   1.28712E-05   1.31093E-05   1.48886E-04   1.87904E-04   9.95150E-05   2.78740E-05
     91000   3.44251E+02   1.81569E-04   1.67928E-04   1.42942E-05   3.28378E-05  -4.72673E-04   1.64412E-05   1.67680E-05   1.87693E-04   2.37115E-04   1.28214E-04   3.82478E-05
     92000   3.48034E+02   2.28729E-04   1.99139E-04   1.72552E-05   4.77184E-05  -5.86068E-04   2.74248E-05   2.78916E-05   2.23540E-04   2.86047E-04   1.61625E-04   5.87421E-05
     93000   3.51817E+02   2.89127E-04   2.48595E-04   2.14015E-05   5.84330E-05  -7.46205E-04   3.31974E-05   3.36096E-05   2.84001E-04   3.62911E-04   2.08798E-04   6.71211E-05
     94000   3.55600E+02   3.62229E-04   3.52360E-04   2.60780E-05   5.62245E-05  -9.71542E-04   2.47697E-05   2.52492E-05   3.93332E-04   4.92645E-04   2.59611E-04   5.26764E-05
     95000   3.59383E+02   4.55840E-04   4.40901E-04   3.42958E-05   7.24803E-05  -1.21821E-03   3.17192E-05   3.22759E-05   4.94409E-04   6.19476E-04   3.29162E-04   7.16888E-05
     96000   3.63166E+02   5.74431E-04   4.84098E-04   4.55389E-05   1.26540E-04  -1.46292E-03   7.46881E-05   7.51865E-05   5.49474E-04   7.07421E-04   4.13234E-04   1.58721E-04
     97000   3.66949E+02   7.19952E-04   6.03947E-04   5.86753E-05   1.61467E-04  -1.83481E-03   9.52519E-05   9.60636E-05   6.86890E-04   8.86151E-04   5.21391E-04   2.01800E-04
     98000   3.70732E+02   9.03571E-04   8.06876E-04   7.39507E-05   1.78020E-04  -2.36611E-03   9.54460E-05   9.55093E-05   9.13373E-04   1.16519E-03   6.59118E-04   1.94410E-04
     99000   3.74515E+02   1.13196E-03   1.00750E-03   8.88353E-05   2.23351E-04  -2.97043E-03   1.20324E-04   1.20242E-04   1.13844E-03   1.45647E-03   8.27000E-04   2.36587E-04
    100000   3.78298E+02   1.40493E-03   1.20423E-03   1.17153E-04   3.09107E-04  -3.65059E-03   1.78186E-04   1.78889E-04   1.37090E-03   1.77021E-03   1.04034E-03   3.55994E-04
    101000   3.82081E+02   1.74922E-03   1.50682E-03   1.61552E-04   3.82526E-04  -4.54478E-03   2.14644E-04   2.15047E-04   1.71565E-03   2.21913E-03   1.30649E-03   4.47436E-04
    102000   3.85864E+02   2.16520E-03   1.87554E-03   2.01014E-04   4.66675E-04  -5.66686E-03   2.54649E-04   2.57612E-04   2.14108E-03   2.77338E-03   1.64068E-03   5.26828E-04
    103000   3.89647E+02   2.65358E-03   2.23482E-03   2.39507E-04   6.14716E-04  -6.93210E-03   3.52712E-04   3.55618E-04   2.57481E-03   3.36577E-03   2.05719E-03   7.21818E-04
    104000   3.93430E+02   3.24656E-03   2.76643E-03   2.85589E-04   7.37383E-04  -8.58993E-03   4.18890E-04   4.19155E-04   3.17862E-03   4.16677E-03   2.55165E-03   8.12749E-04
    105000   3.97213E+02   3.95114E-03   3.44151E-03   3.40020E-04   8.71060E-04  -1.05705E-02   4.79227E-04   4.84498E-04   3.95445E-03   5.18018E-03   3.16419E-03   9.50061E-04
    106000   4.00996E+02   4.76081E-03   4.14965E-03   4.04897E-04   1.07880E-03  -1.28422E-02   5.94973E-04   6.03861E-04   4.79178E-03   6.30910E-03   3.91649E-03   1.18355E-03
    107000   4.04779E+02   5.75185E-03   5.01689E-03   4.97005E-04   1.29439E-03  -1.57263E-02   6.97955E-04   7.08235E-04   5.81560E-03   7.68350E-03   4.82484E-03   1.27344E-03
    108000   4.08562E+02   6.81415E-03   5.94361E-03   6.08488E-04   1.59101E-03  -1.87941E-02   8.63844E-04   8.72820E-04   6.92585E-03   9.23307E-03   5.92966E-03   1.62994E-03
    109000   4.12345E+02   8.04460E-03   6.87155E-03   7.36158E-04   1.95120E-03  -2.24298E-02   1.08311E-03   1.08187E-03   8.09950E-03   1.09280E-02   7.27221E-03   1.92353E-03
    110000   4.16128E+02   9.44110E-03   8.00483E-03   8.71476E-04   2.36149E-03  -2.64865E-02   1.31761E-03   1.31874E-03   9.49450E-03   1.29348E-02   8.82802E-03   2.42376E-03
    111000   4.19911E+02   1.08859E-02   9.52787E-03   1.02231E-03   2.73292E-03  -3.15226E-02   1.47146E-03   1.48270E-03   1.13546E-02   1.55185E-02   1.06877E-02   2.53301E-03
    112000   4.23693E+02   1.26108E-02   1.07509E-02   1.17694E-03   3.26523E-03  -3.67937E-02   1.76462E-03   1.78486E-03   1.29876E-02   1.79804E-02   1.28617E-02   2.97918E-03
    113000   4.27476E+02   1.42745E-02   1.21568E-02   1.35365E-03   3.87697E-03  -4.27569E-02   2.09349E-03   2.13585E-03   1.48837E-02   2.08560E-02   1.54156E-02   3.31939E-03
    114000   4.31259E+02   1.60517E-02   1.33791E-02   1.55010E-03   4.63065E-03  -4.88960E-02   2.55705E-03   2.60853E-03   1.66814E-02   2.37692E-02   1.83479E-02   4.04828E-03
    115000   4.35042E+02   1.79995E-02   1.45667E-02   1.76053E-03   5.40557E-03  -5.56765E-02   3.01715E-03   3.08443E-03   1.85340E-02   2.68601E-02   2.16741E-02   4.66546E-03
    116000   4.38825E+02   1.96530E-02   1.62993E-02   1.96595E-03   6.08621E-03  -6.32434E-02   3.33375E-03   3.44536E-03   2.10712E-02   3.07794E-02   2.54721E-02   4.96008E-03
    117000   4.42608E+02   2.14625E-02   1.75222E-02   2.16469E-03   6.93460E-03  -7.12865E-02   3.77548E-03   3.94914E-03   2.32378E-02   3.44496E-02   2.97208E-02   5.14363E-03
    118000   4.46391E+02   2.32751E-02   1.83963E-02   2.38531E-03   8.01100E-03  -7.89323E-02   4.37069E-03   4.65280E-03   2.51779E-02   3.80282E-02   3.44140E-02   6.17661E-03
    119000   4.50174E+02   2.46798E-02   2.00940E-02   2.65669E-03   8.81428E-03  -8.83785E-02   4.68048E-03   5.05067E-03   2.80567E-02   4.27120E-02   3.95758E-02   5.70222E-03
    120000   4.53957E+02   2.63488E-02   2.03982E-02   2.89236E-03   9.98641E-03  -9.61995E-02   5.35178E-03   5.82945E-03   2.97163E-02   4.62736E-02   4.51922E-02   6.92094E-03
    121000   4.57740E+02   2.76227E-02   2.14789E-02   3.13108E-03   1.09519E-02  -1.05813E-01   5.79261E-03   6.41062E-03   3.22944E-02   5.09116E-02   5.12759E-02   6.76757E-03
    122000   4.61523E+02   2.87468E-02   2.16412E-02   3.36658E-03   1.23310E-02  -1.14382E-01   6.60640E-03   7.39348E-03   3.40361E-02   5.47994E-02   5.76790E-02   7.68473E-03
    123000   4.65306E+02   3.00605E-02   2.17428E-02   3.58489E-03   1.35883E-02  -1.23340E-01   7.22314E-03   8.25733E-03   3.58352E-02   5.87815E-02   6.43680E-02   8.31182E-03
    124000   4.69089E+02   3.08956E-02   2.31490E-02   3.84664E-03   1.44486E-02  -1.33801E-01   7.38785E-03   8.68696E-03   3.90156E-02   6.41910E-02   7.13180E-02   7.63690E-03
    125000   4.72872E+02   3.16302E-02   2.24403E-02   4.08015E-03   1.61477E-02  -1.41808E-01   8.39928E-03   9.98119E-03   4.02298E-02   6.77090E-02   7.85834E-02   9.22620E-03
    126000   4.76655E+02   3.24721E-02   2.19351E-02   4.30099E-03   1.75893E-02  -1.50930E-01   9.06642E-03   1.09886E-02   4.17127E-02   7.15263E-02   8.60152E-02   9.54702E-03
    127000   4.80438E+02   3.25016E-02   2.26174E-02   4.50337E-03   1.86623E-02  -1.60287E-01   9.37681E-03   1.16627E-02   4.44945E-02   7.66654E-02   9.36278E-02   9.49945E-03
    128000   4.84221E+02   3.31537E-02   2.13061E-02   4.70764E-03   2.04557E-02  -1.68911E-01   1.03506E-02   1.30441E-02   4.52898E-02   7.98246E-02   1.01298E-01   1.02413E-02
    129000   4.88004E+02   3.32087E-02   2.13634E-02   4.92293E-03   2.18251E-02  -1.77119E-01   1.08441E-02   1.39900E-02   4.73723E-02   8.42388E-02   1.08896E-01   1.11831E-02
    130000   4.91787E+02   3.33436E-02   2.18593E-02   5.18157E-03   2.28649E-02  -1.87898E-01   1.10448E-02   1.46110E-02   5.00713E-02   8.92979E-02   1.16740E-01   9.70095E-03
    131000   4.95570E+02   3.39161E-02   1.92232E-02   5.36850E-03   2.53284E-02  -1.93234E-01   1.26662E-02   1.66473E-02   4.95523E-02   9.11878E-02   1.24542E-01   1.37609E-02
    132000   4.99353E+02   3.34592E-02   2.12858E-02   5.61824E-03   2.57910E-02  -2.05689E-01   1.22159E-02   1.66617E-02   5.37891E-02   9.78357E-02   1.32412E-01   1.03459E-02
    133000   5.03136E+02   3.39823E-02   1.93317E-02   5.78870E-03   2.78324E-02  -2.11818E-01   1.33017E-02   1.82243E-02   5.39837E-02   1.00389E-01   1.40191E-01   1.32127E-02
    134000   5.06919E+02   3.36807E-02   1.89829E-02   5.97773E-03   2.93368E-02  -2.20912E-01   1.38698E-02   1.92933E-02   5.57935E-02   1.04563E-01   1.47959E-01   1.28734E-02
    135000   5.10702E+02   3.33974E-02   1.89635E-02   6.10478E-03   3.05855E-02  -2.29208E-01   1.41026E-02   2.00723E-02   5.79795E-02   1.09137E-01   1.55798E-01   1.31264E-02
    136000   5.14485E+02   3.37333E-02   1.72835E-02   6.21181E-03   3.22913E-02  -2.37070E-01   1.48375E-02   2.13032E-02   5.83657E-02   1.11898E-01   1.63445E-01   1.35331E-02
    137000   5.18268E+02   3.27767E-02   1.70925E-02   6.31860E-03   3.38409E-02  -2.44706E-01   1.53781E-02   2.23495E-02   6.02731E-02   1.16171E-01   1.71100E-01   1.39913E-02
    138000   5.22051E+02   3.29009E-02   1.63474E-02   6.51527E-03   3.50064E-02  -2.53301E-01   1.54858E-02   2.29897E-02   6.14536E-02   1.19748E-01   1.78571E-01   1.29935E-02
    139000   5.25834E+02   3.23545E-02   1.46035E-02   6.67979E-03   3.68872E-02  -2.59000E-01   1.62924E-02   2.43299E-02   6.15631E-02   1.22196E-01   1.85873E-01   1.44537E-02
    140000   5.29617E+02   3.11573E-02   1.34871E-02   6.84109E-03   3.83771E-02  -2.66119E-01   1.66903E-02   2.53032E-02   6.23936E-02   1.25353E-01   1.93190E-01   1.37089E-02
    141000   5.33400E+02   3.12798E-02   1.07329E-02   6.90645E-03   3.99203E-02  -2.71212E-01   1.72001E-02   2.63664E-02   6.14593E-02   1.26678E-01   2.00267E-01   1.46342E-02
    142000   5.37183E+02   2.89397E-02   1.11253E-02   7.01649E-03   4.10253E-02  -2.78467E-01   1.72414E-02   2.69461E-02   6.36141E-02   1.31071E-01   2.07154E-01   1.29389E-02
    143000   5.40966E+02   2.89307E-02   7.69090E-03   7.04166E-03   4.27351E-02  -2.82255E-01   1.79202E-02   2.81719E-02   6.17766E-02   1.31423E-01   2.13735E-01   1.41936E-02
    144000   5.44749E+02   2.74305E-02   6.54166E-03   7.13186E-03   4.39556E-02  -2.88449E-01   1.81700E-02   2.89114E-02   6.22144E-02   1.33972E-01   2.20156E-01   1.27608E-02
    145000   5.48532E+02   2.56797E-02   4.78936E-03   7.19138E-03   4.53918E-02  -2.91331E-01   1.86287E-02   2.98790E-02   6.18667E-02   1.35705E-01   2.26241E-01   1.38869E-02
    146000   5.52315E+02   2.53938E-02   2.00749E-03   7.29117E-03   4.63302E-02  -2.96467E-01   1.86363E-02   3.04035E-02   6.04330E-02   1.36199E-01   2.32032E-01   1.20059E-02
    147000   5.56098E+02   2.24506E-02   5.29506E-04   7.33094E-03   4.79240E-02  -2.97657E-01   1.93574E-02   3.15806E-02   6.01850E-02   1.37827E-01   2.37517E-01   1.37775E-02
    148000   5.59881E+02   2.17015E-02  -1.78831E-03   7.33670E-03   4.85013E-02  -3.01827E-01   1.91511E-02   3.17719E-02   5.90488E-02   1.38499E-01   2.42756E-01   1.17644E-02
    149000   5.63664E+02   1.96478E-02  -3.88661E-03   7.32012E-03   4.93620E-02  -3.03581E-01   1.92404E-02   3.22775E-02   5.81295E-02   1.39245E-01   2.47700E-01   1.13974E-02
    150000   5.67447E+02   1.71306E-02  -6.02603E-03   7.32888E-03   5.05524E-02  -3.04496E-01   1.97402E-02   3.31317E-02   5.69829E-02   1.39760E-01   2.52253E-01   1.17335E-02
    151000   5.71230E+02   1.64723E-02  -8.85463E-03   7.32327E-03   5.10484E-02  -3.06545E-01   1.96507E-02   3.33401E-02   5.49102E-02   1.39110E-01   2.56195E-01   1.02583E-02
    152000   5.75013E+02   1.36635E-02  -9.47465E-03   7.31792E-03   5.15854E-02  -3.06461E-01   1.96309E-02   3.35451E-02   5.51497E-02   1.40695E-01   2.59982E-01   1.08857E-02
    153000   5.78796E+02   1.24757E-02  -1.10472E-02   7.30012E-03   5.16899E-02  -3.08997E-01   1.92721E-02   3.33629E-02   5.41824E-02   1.40967E-01   2.63259E-01   8.32551E-03
    154000   5.82579E+02   1.11356E-02  -1.43986E-02   7.22909E-03   5.29719E-02  -3.06901E-01   2.01284E-02   3.43737E-02   5.13909E-02   1.39262E-01   2.66193E-01   1.05305E-02
    155000   5.86362E+02   9.02818E-03  -1.37050E-02   7.25601E-03   5.27398E-02  -3.09736E-01   1.94452E-02   3.38239E-02   5.26033E-02   1.41529E-01   2.68889E-01   7.74513E-03
    156000   5.90145E+02   8.76588E-03  -1.65552E-02   7.23799E-03   5.33408E-02  -3.08789E-01   1.96617E-02   3.41076E-02   5.03234E-02   1.40132E-01   2.71348E-01   8.53867E-03
    157000   5.93927E+02   7.01692E-03  -1.77727E-02   7.23393E-03   5.40217E-02  -3.09028E-01   2.00662E-02   3.45021E-02   4.94974E-02   1.40112E-01   2.73415E-01   8.20000E-03
    158000   5.97710E+02   6.25939E-03  -1.85246E-02   7.19631E-03   5.40344E-02  -3.09132E-01   1.98220E-02   3.42074E-02   4.90813E-02   1.40427E-01   2.75236E-01   7.86818E-03
    159000   6.01493E+02   5.69567E-03  -1.94248E-02   7.19819E-03   5.41948E-02  -3.10498E-01   1.97394E-02   3.40576E-02   4.85840E-02   1.40550E-01   2.76945E-01   6.51497E-03
    160000   6.05276E+02   4.76889E-03  -2.07768E-02   7.16107E-03   5.48770E-02  -3.09210E-01   2.01424E-02   3.44350E-02   4.76938E-02   1.40247E-01   2.78598E-01   7.95787E-03
    161000   6.09059E+02   4.62262E-03  -2.09364E-02   7.18502E-03   5.48032E-02  -3.12312E-01   1.97716E-02   3.40419E-02   4.78790E-02   1.40953E-01   2.80032E-01   5.21927E-03
    162000   6.12842E+02   4.29913E-03  -2.18323E-02   7.14548E-03   5.55361E-02  -3.10555E-01   2.01966E-02   3.44436E-02   4.72881E-02   1.40827E-01   2.81327E-01   7.87923E-03
    163000   6.16625E+02   4.34404E-03  -2.03346E-02   7.20897E-03   5.49641E-02  -3.15963E-01   1.93116E-02   3.35178E-02   4.90874E-02   1.43073E-01   2.82568E-01   3.44401E-03
    164000   6.20408E+02   4.42345E-03  -2.27057E-02   7.24549E-03   5.65286E-02  -3.13187E-01   2.05596E-02   3.47126E-02   4.70506E-02   1.41441E-01   2.83782E-01   7.58505E-03
    165000   6.24191E+02   4.61244E-03  -2.15758E-02   7.33148E-03   5.62072E-02  -3.17494E-01   1.99031E-02   3.40087E-02   4.85917E-02   1.43408E-01   2.85083E-01   4.53724E-03
    166000   6.27974E+02   4.72863E-03  -2.10791E-02   7.28699E-03   5.64511E-02  -3.18737E-01   1.98411E-02   3.38881E-02   4.92314E-02   1.44434E-01   2.86079E-01   4.72054E-03
    167000   6.31757E+02   4.76197E-03  -2.20233E-02   7.22216E-03   5.73010E-02  -3.19645E-01   2.03581E-02   3.43761E-02   4.85987E-02   1.44219E-01   2.87295E-01   5.12258E-03
    168000   6.35540E+02   4.91168E-03  -2.14110E-02   7.25102E-03   5.71013E-02  -3.23051E-01   1.98180E-02   3.37988E-02   4.95852E-02   1.45636E-01   2.88602E-01   2.66849E-03
    169000   6.39323E+02   4.76891E-03  -2.20422E-02   7.29734E-03   5.78166E-02  -3.22913E-01   2.02561E-02   3.41527E-02   4.92073E-02   1.45686E-01   2.89804E-01   4.02643E-03
    170000   6.43106E+02   4.68707E-03  -2.18377E-02   7.37267E-03   5.78034E-02  -3.25701E-01   1.99826E-02   3.37988E-02   4.98190E-02   1.46731E-01   2.91172E-01   2.10222E-03
    171000   6.46889E+02   4.53867E-03  -2.27488E-02   7.40499E-03   5.83637E-02  -3.25687E-01   2.03189E-02   3.40409E-02   4.93094E-02   1.46655E-01   2.92537E-01   2.99991E-03
    172000   6.50672E+02   4.47470E-03  -2.31366E-02   7.46308E-03   5.87094E-02  -3.27266E-01   2.04011E-02   3.40577E-02   4.92854E-02   1.47031E-01   2.93823E-01   2.35469E-03
    173000   6.54455E+02   4.29830E-03  -2.29614E-02   7.48240E-03   5.88181E-02  -3.28840E-01   2.02625E-02   3.38471E-02   4.97885E-02   1.47922E-01   2.95045E-01   1.65062E-03
    174000   6.58238E+02   4.26544E-03  -2.28935E-02   7.47064E-03   5.90341E-02  -3.30177E-01   2.02811E-02   3.37556E-02   5.01064E-02   1.48569E-01   2.96107E-01   1.33932E-03
    175000   6.62021E+02   4.15601E-03  -2.29116E-02   7.50703E-03   5.91812E-02  -3.32166E-01   2.02276E-02   3.35823E-02   5.03952E-02   1.49191E-01   2.97209E-01   9.72621E-05
    176000   6.65804E+02   4.08386E-03  -2.41148E-02   7.47263E-03   6.00021E-02  -3.31665E-01   2.08525E-02   3.40864E-02   4.94815E-02   1.48596E-01   2.98266E-01   1.50866E-03
    177000   6.69587E+02   4.01499E-03  -2.29480E-02   7.44094E-03   5.95622E-02  -3.34786E-01   2.02044E-02   3.33431E-02   5.09367E-02   1.50402E-01   2.99344E-01  -8.28379E-04
    178000   6.73370E+02   3.83472E-03  -2.33829E-02   7.43780E-03   5.98837E-02  -3.35664E-01   2.03047E-02   3.33474E-02   5.08546E-02   1.50684E-01   3.00495E-01  -1.06525E-03
    179000   6.77153E+02   3.73407E-03  -2.48000E-02   7.44889E-03   6.07076E-02  -3.35385E-01   2.08997E-02   3.38447E-02   4.97001E-02   1.49909E-01   3.01556E-01  -1.50601E-04
    180000   6.80936E+02   3.54638E-03  -2.37362E-02   7.51699E-03   6.03058E-02  -3.38175E-01   2.02565E-02   3.31072E-02   5.10412E-02   1.51625E-01   3.02609E-01  -2.39233E-03
    181000   6.84719E+02   3.54138E-03  -2.41443E-02   7.55066E-03   6.06111E-02  -3.38542E-01   2.03472E-02   3.30884E-02   5.10015E-02   1.51959E-01   3.03727E-01  -1.98228E-03
    182000   6.88502E+02   3.49778E-03  -2.48440E-02   7.54380E-03   6.11039E-02  -3.39898E-01   2.06284E-02   3.32732E-02   5.05290E-02   1.51839E-01   3.04664E-01  -2.67780E-03
    183000   6.92285E+02   3.39444E-03  -2.52665E-02   7.53482E-03   6.14729E-02  -3.40200E-01   2.08022E-02   3.33245E-02   5.04378E-02   1.52096E-01   3.05681E-01  -2.26400E-03
    184000   6.96068E+02   3.36378E-03  -2.41686E-02   7.55871E-03   6.11379E-02  -3.42700E-01   2.02735E-02   3.26672E-02   5.17043E-02   1.53677E-01   3.06493E-01  -4.07117E-03
    185000   6.99851E+02   3.34677E-03  -2.48922E-02   7.62820E-03   6.15878E-02  -3.42847E-01   2.05276E-02   3.27861E-02   5.13092E-02   1.53587E-01   3.07446E-01  -3.63302E-03
    186000   7.03634E+02   3.21569E-03  -2.60100E-02   7.67886E-03   6.23222E-02  -3.43328E-01   2.10846E-02   3.31981E-02   5.03950E-02   1.52952E-01   3.08244E-01  -3.59538E-03
    187000   7.07417E+02   3.09526E-03  -2.55277E-02   7.66974E-03   6.22080E-02  -3.44101E-01   2.07785E-02   3.27676E-02   5.11097E-02   1.53938E-01   3.09058E-01  -3.92896E-03
    188000   7.11200E+02   2.97972E-03  -2.47339E-02   7.67321E-03   6.19042E-02  -3.46856E-01   2.02956E-02   3.21470E-02   5.21686E-02   1.55254E-01   3.09888E-01  -6.27990E-03
    189000   7.14983E+02   2.80352E-03  -2.69459E-02   7.62036E-03   6.30953E-02  -3.45084E-01   2.13005E-02   3.30411E-02   5.02273E-02   1.53572E-01   3.10725E-01  -4.16009E-03
    190000   7.18766E+02   2.72934E-03  -2.62479E-02   7.60336E-03   6.28288E-02  -3.47819E-01   2.08449E-02   3.24798E-02   5.10819E-02   1.54696E-01   3.11450E-01  -6.56306E-03
    191000   7.22549E+02   2.66427E-03  -2.54601E-02   7.57378E-03   6.25876E-02  -3.49019E-01   2.04085E-02   3.19410E-02   5.20998E-02   1.55967E-01   3.12227E-01  -7.23798E-03
    192000   7.26332E+02   2.53746E-03  -2.63458E-02   7.57785E-03   6.30750E-02  -3.49945E-01   2.06986E-02   3.21394E-02   5.15193E-02   1.55637E-01   3.13069E-01  -7.84567E-03
    193000   7.30115E+02   2.46544E-03  -2.78022E-02   7.54336E-03   6.37697E-02  -3.49785E-01   2.12727E-02   3.25743E-02   5.03277E-02   1.54687E-01   3.13853E-01  -7.42242E-03
    194000   7.33898E+02   2.27217E-03  -2.66401E-02   7.54341E-03   6.33003E-02  -3.51214E-01   2.06482E-02   3.18180E-02   5.16602E-02   1.56245E-01   3.14511E-01  -8.60503E-03
    195000   7.37681E+02   2.17628E-03  -2.58855E-02   7.60983E-03   6.28968E-02  -3.53999E-01   2.01296E-02   3.11305E-02   5.26915E-02   1.57490E-01   3.15256E-01  -1.11922E-02
    196000   7.41464E+02   2.06472E-03  -2.86507E-02   7.62303E-03   6.43348E-02  -3.50886E-01   2.14933E-02   3.23150E-02   5.01434E-02   1.55137E-01   3.15915E-01  -7.74869E-03
    197000   7.45247E+02   1.93390E-03  -2.73344E-02   7.67732E-03   6.36386E-02  -3.54073E-01   2.07509E-02   3.13534E-02   5.17061E-02   1.56868E-01   3.16573E-01  -1.07968E-02
    198000   7.49030E+02   1.82810E-03  -2.72000E-02   7.70402E-03   6.36903E-02  -3.54137E-01   2.07334E-02   3.11311E-02   5.20223E-02   1.57327E-01   3.17130E-01  -1.05135E-02
    199000   7.52813E+02   1.68655E-03  -2.84101E-02   7.72658E-03   6.43685E-02  -3.54159E-01   2.13730E-02   3.15431E-02   5.10946E-02   1.56534E-01   3.17767E-01  -1.01997E-02
    200000   7.56596E+02   1.67442E-03  -2.83169E-02   7.72851E-03   6.43543E-02  -3.55073E-01   2.12984E-02   3.12680E-02   5.12849E-02   1.56854E-01   3.18199E-01  -1.09507E-02
    201000   7.60379E+02   1.61314E-03  -2.75530E-02   7.74909E-03   6.41093E-02  -3.56638E-01   2.10224E-02   3.07576E-02   5.22731E-02   1.57975E-01   3.18753E-01  -1.20441E-02
    202000   7.64161E+02   1.50402E-03  -2.81362E-02   7.77176E-03   6.45086E-02  -3.56184E-01   2.13564E-02   3.08919E-02   5.18228E-02   1.57645E-01   3.19195E-01  -1.13726E-02
    203000   7.67944E+02   1.41316E-03  -2.89186E-02   7.78948E-03   6.48921E-02  -3.57261E-01   2.16550E-02   3.10191E-02   5.12774E-02   1.57228E-01   3.19747E-01  -1.23453E-02
    204000   7.71727E+02   1.29629E-03  -2.90021E-02   7.74851E-03   6.49795E-02  -3.57081E-01   2.16646E-02   3.08606E-02   5.14404E-02   1.57514E-01   3.20300E-01  -1.19616E-02
    205000   7.75510E+02   1.22762E-03  -2.77694E-02   7.73836E-03   6.44217E-02  -3.60018E-01   2.09985E-02   3.00443E-02   5.28290E-02   1.59033E-01   3.20770E-01  -1.47472E-02
    206000   7.79293E+02   1.16853E-03  -2.92914E-02   7.69447E-03   6.52638E-02  -3.58311E-01   2.17660E-02   3.06491E-02   5.15290E-02   1.57849E-01   3.21286E-01  -1.27327E-02
    207000   7.83076E+02   1.12909E-03  -2.82056E-02   7.70901E-03   6.47378E-02  -3.61412E-01   2.11295E-02   2.98670E-02   5.28297E-02   1.59279E-01   3.21802E-01  -1.56903E-02
    208000   7.86859E+02   1.18986E-03  -2.82797E-02   7.64007E-03   6.48482E-02  -3.61303E-01   2.11847E-02   2.97425E-02   5.29210E-02   1.59490E-01   3.22253E-01  -1.52127E-02
    209000   7.90642E+02   1.15597E-03  -2.84752E-02   7.60392E-03   6.51070E-02  -3.62068E-01   2.13831E-02   2.97557E-02   5.28866E-02   1.59590E-01   3.22707E-01  -1.55417E-02
    210000   7.94425E+02   1.27775E-03  -2.77965E-02   7.63398E-03   6.47698E-02  -3.64071E-01   2.10032E-02   2.91450E-02   5.37986E-02   1.60652E-01   3.23240E-01  -1.72012E-02
    211000   7.98208E+02   1.31630E-03  -2.86105E-02   7.67297E-03   6.53065E-02  -3.63610E-01   2.15195E-02   2.94163E-02   5.31233E-02   1.60127E-01   3.23675E-01  -1.62933E-02
    212000   8.01991E+02   1.38848E-03  -2.86447E-02   7.76840E-03   6.54953E-02  -3.64293E-01   2.16662E-02   2.93156E-02   5.32079E-02   1.60359E-01   3.24085E-01  -1.64818E-02
    213000   8.05774E+02   1.55539E-03  -2.78657E-02   7.86961E-03   6.52172E-02  -3.66220E-01   2.13614E-02   2.87487E-02   5.41302E-02   1.61413E-01   3.24506E-01  -1.79137E-02
    214000   8.09557E+02   1.59060E-03  -2.88086E-02   7.89651E-03   6.57676E-02  -3.65723E-01   2.19070E-02   2.90321E-02   5.34873E-02   1.60904E-01   3.25090E-01  -1.69120E-02
    215000   8.13340E+02   1.68810E-03  -2.88293E-02   7.90854E-03   6.58694E-02  -3.66919E-01   2.20124E-02   2.88691E-02   5.35893E-02   1.61117E-01   3.25480E-01  -1.76995E-02
    216000   8.17123E+02   1.74948E-03  -2.83165E-02   7.87948E-03   6.57536E-02  -3.68334E-01   2.18890E-02   2.85000E-02   5.43021E-02   1.61929E-01   3.25942E-01  -1.85703E-02
    217000   8.20906E+02   1.72009E-03  -2.81392E-02   7.82154E-03   6.58961E-02  -3.68744E-01   2.19725E-02   2.83848E-02   5.46534E-02   1.62371E-01   3.26376E-01  -1.84294E-02
    218000   8.24689E+02   1.82180E-03  -2.83444E-02   7.75459E-03   6.60225E-02  -3.70603E-01   2.20112E-02   2.82640E-02   5.46869E-02   1.62514E-01   3.26902E-01  -1.99483E-02
    219000   8.28472E+02   1.79172E-03  -2.87959E-02   7.72046E-03   6.64844E-02  -3.70288E-01   2.23418E-02   2.84644E-02   5.44026E-02   1.62361E-01   3.27384E-01  -1.91018E-02
    220000   8.32255E+02   1.87462E-03  -2.72831E-02   7.78167E-03   6.58858E-02  -3.73050E-01   2.15905E-02   2.75693E-02   5.61773E-02   1.64294E-01   3.27991E-01  -2.13068E-02
    221000   8.36038E+02   1.97374E-03  -2.81689E-02   7.83368E-03   6.65036E-02  -3.73376E-01   2.20636E-02   2.79017E-02   5.53972E-02   1.63696E-01   3.28479E-01  -2.11269E-02
    222000   8.39821E+02   2.00446E-03  -2.94478E-02   7.87477E-03   6.73042E-02  -3.72501E-01   2.27582E-02   2.84275E-02   5.43086E-02   1.62810E-01   3.29074E-01  -1.96842E-02
    223000   8.43604E+02   2.05379E-03  -2.69695E-02   7.90512E-03   6.60673E-02  -3.76619E-01   2.14317E-02   2.69068E-02   5.70728E-02   1.65768E-01   3.29767E-01  -2.34295E-02
    224000   8.47387E+02   1.97750E-03  -2.83418E-02   7.87721E-03   6.68328E-02  -3.75714E-01   2.21415E-02   2.74063E-02   5.59165E-02   1.64819E-01   3.30406E-01  -2.21244E-02
    225000   8.51170E+02   1.96731E-03  -2.98822E-02   7.84947E-03   6.75644E-02  -3.75647E-01   2.28520E-02   2.78894E-02   5.46004E-02   1.63698E-01   3.31047E-01  -2.17739E-02
    226000   8.54953E+02   1.84055E-03  -2.82579E-02   7.83135E-03   6.67112E-02  -3.77955E-01   2.19809E-02   2.67905E-02   5.64753E-02   1.65767E-01   3.31715E-01  -2.38861E-02
    227000   8.58736E+02   1.71737E-03  -2.84820E-02   7.83057E-03   6.68021E-02  -3.78535E-01   2.20830E-02   2.66424E-02   5.65405E-02   1.66006E-01   3.32396E-01  -2.41781E-02
    228000   8.62519E+02   1.65854E-03  -2.98323E-02   7.85626E-03   6.74474E-02  -3.78040E-01   2.27279E-02   2.70469E-02   5.52827E-02   1.64919E-01   3.32867E-01  -2.35721E-02
    229000   8.66302E+02   1.49891E-03  -2.91777E-02   7.87830E-03   6.71414E-02  -3.79727E-01   2.24407E-02   2.65009E-02   5.61506E-02   1.65932E-01   3.33420E-01  -2.50441E-02
    230000   8.70085E+02   1.36417E-03  -2.90963E-02   7.88809E-03   6.71344E-02  -3.79789E-01   2.24056E-02   2.62560E-02   5.64182E-02   1.66333E-01   3.33924E-01  -2.49360E-02
    231000   8.73868E+02   1.26678E-03  -2.98067E-02   7.91431E-03   6.74638E-02  -3.80688E-01   2.27168E-02   2.63538E-02   5.59298E-02   1.65958E-01   3.34432E-01  -2.57261E-02
    232000   8.77651E+02   1.08514E-03  -3.09296E-02   7.92291E-03   6.81010E-02  -3.79247E-01   2.33190E-02   2.67665E-02   5.49936E-02   1.65118E-01   3.34872E-01  -2.41343E-02
    233000   8.81434E+02   1.02455E-03  -2.92263E-02   7.99402E-03   6.72524E-02  -3.82360E-01   2.24044E-02   2.56726E-02   5.69084E-02   1.67116E-01   3.35312E-01  -2.71728E-02
    234000   8.85217E+02   9.44097E-04  -2.98281E-02   7.98863E-03   6.76106E-02  -3.81751E-01   2.27218E-02   2.58072E-02   5.64696E-02   1.66743E-01   3.35677E-01  -2.64295E-02
    235000   8.89000E+02   8.14706E-04  -3.08877E-02   7.94681E-03   6.81591E-02  -3.81710E-01   2.32084E-02   2.61330E-02   5.56454E-02   1.65984E-01   3.36102E-01  -2.63397E-02
    236000   8.92783E+02   7.82191E-04  -2.99381E-02   7.87820E-03   6.77020E-02  -3.83465E-01   2.26797E-02   2.54584E-02   5.67245E-02   1.67141E-01   3.36426E-01  -2.80569E-02
    237000   8.96566E+02   7.32409E-04  -2.98839E-02   7.80742E-03   6.77559E-02  -3.83420E-01   2.26976E-02   2.52855E-02   5.69604E-02   1.67456E-01   3.36794E-01  -2.77940E-02
    238000   9.00349E+02   6.91734E-04  -3.01853E-02   7.79344E-03   6.78148E-02  -3.84912E-01   2.26944E-02   2.51205E-02   5.69033E-02   1.67503E-01   3.37242E-01  -2.93480E-02
    239000   9.04132E+02   6.50816E-04  -3.09382E-02   7.78849E-03   6.82302E-02  -3.84106E-01   2.31145E-02   2.53227E-02   5.62655E-02   1.66979E-01   3.37560E-01  -2.83954E-02
    240000   9.07915E+02   6.20498E-04  -2.98679E-02   7.85600E-03   6.76894E-02  -3.85736E-01   2.25489E-02   2.45549E-02   5.75135E-02   1.68345E-01   3.37938E-01  -2.99412E-02
    241000   9.11698E+02   6.14769E-04  -2.98133E-02   7.92185E-03   6.76714E-02  -3.86812E-01   2.25249E-02   2.43090E-02   5.76776E-02   1.68628E-01   3.38243E-01  -3.09339E-02
    242000   9.15481E+02   6.10840E-04  -3.18154E-02   7.91758E-03   6.86699E-02  -3.84603E-01   2.35586E-02   2.50985E-02   5.58851E-02   1.66935E-01   3.38625E-01  -2.85255E-02
    243000   9.19264E+02   5.82295E-04  -2.98464E-02   7.94282E-03   6.76596E-02  -3.88648E-01   2.25392E-02   2.38640E-02   5.79879E-02   1.69120E-01   3.38916E-01  -3.25931E-02
    244000   9.23047E+02   5.59742E-04  -3.05864E-02   7.89596E-03   6.81355E-02  -3.86679E-01   2.30575E-02   2.41459E-02   5.73295E-02   1.68523E-01   3.39132E-01  -3.03701E-02
    245000   9.26830E+02   5.06655E-04  -3.08980E-02   7.89315E-03   6.82568E-02  -3.88525E-01   2.31613E-02   2.40666E-02   5.72466E-02   1.68484E-01   3.39475E-01  -3.22131E-02
    246000   9.30612E+02   5.01200E-04  -3.13934E-02   7.89825E-03   6.85044E-02  -3.87558E-01   2.33982E-02   2.41051E-02   5.69898E-02   1.68266E-01   3.39822E-01  -3.11249E-02
    247000   9.34395E+02   4.78200E-04  -3.03579E-02   7.93550E-03   6.81224E-02  -3.89575E-01   2.29797E-02   2.35032E-02   5.80831E-02   1.69398E-01   3.39989E-01  -3.29831E-02
    248000   9.38178E+02   4.72571E-04  -3.06915E-02   7.93944E-03   6.83081E-02  -3.89692E-01   2.31213E-02   2.34928E-02   5.79405E-02   1.69295E-01   3.40289E-01  -3.30081E-02
    249000   9.41961E+02   4.67149E-04  -3.10137E-02   7.93236E-03   6.85235E-02  -3.89924E-01   2.33088E-02   2.35078E-02   5.77995E-02   1.69201E-01   3.40590E-01  -3.30639E-02
    250000   9.45744E+02   4.59632E-04  -3.04452E-02   7.93564E-03   6.83462E-02  -3.90776E-01   2.30624E-02   2.31125E-02   5.84350E-02   1.69887E-01   3.40782E-01  -3.38043E-02
