 kstep wat kin_energy mag_energy ep_energy ion_energy ep_energy_trns ion_energy_trns elcl_energy_trns mag_int mag_ideal dssp_energy total_energy
         0   0.00000E+00   0.00000E+00   3.04886E-12   1.32858E-14   6.00735E-15   0.00000E+00   0.00000E+00   0.00000E+00   0.00000E+00   0.00000E+00   0.00000E+00   3.04886E-12
      1000   3.78298E+00   1.49464E-12   3.97909E-11   3.92877E-09  -2.52559E-08  -5.96460E-10  -1.73732E-10  -1.73727E-10  -1.31879E-10   4.03089E-10   3.66981E-10  -5.35653E-10
      2000   7.56596E+00   1.37137E-12  -1.96132E-10   3.32390E-10  -4.73235E-08  -5.07013E-10  -3.19351E-10  -3.19335E-10  -4.42252E-10   8.86490E-10   1.08810E-09  -2.52364E-10
      3000   1.13489E+01   1.01295E-12  -1.12071E-09   1.49956E-08  -5.79773E-08  -3.25137E-10   4.18507E-11   4.18793E-11  -1.31800E-09   4.27076E-10   1.55262E-09   1.91521E-10
      4000   1.51319E+01   1.08520E-12  -1.73979E-09  -7.30917E-09  -5.87344E-08   1.54711E-10   3.66448E-10   3.66482E-10  -1.80720E-09   7.94152E-11   1.82325E-09   9.72185E-10
      5000   1.89149E+01   8.57338E-13  -2.88907E-09  -4.80705E-08  -5.34286E-08  -5.17685E-11   4.70006E-10   4.70012E-10  -2.85010E-09   5.65590E-11   2.95110E-09   9.51144E-10
      6000   2.26979E+01   9.71195E-13  -7.31674E-09  -9.41499E-08  -3.76452E-08   2.54590E-09   1.55940E-09   1.55939E-09  -7.19051E-09  -1.68866E-09   5.63421E-09   3.98313E-09
      7000   2.64808E+01   8.50992E-13  -7.19367E-09  -1.00620E-07  -4.15574E-08   1.09326E-09   1.65747E-09   1.65746E-09  -6.82646E-09  -9.38829E-10   6.26876E-09   3.48413E-09
      8000   3.02638E+01   9.70907E-13  -9.21552E-09  -1.13579E-07  -4.32715E-08   3.38060E-09   1.90548E-09   1.90550E-09  -8.96857E-09  -1.38566E-09   7.84991E-09   5.82694E-09
      9000   3.40468E+01   1.16933E-12  -1.44662E-08  -9.74191E-08  -4.50674E-08   4.95827E-09   3.37987E-09   3.37989E-09  -1.42317E-08  -4.15889E-09   1.03234E-08   7.57633E-09
     10000   3.78298E+01   1.15022E-12  -1.39306E-08  -1.11007E-07  -4.43333E-08   6.39773E-09   3.85436E-09   3.85438E-09  -1.38327E-08  -3.90067E-09   1.00396E-08   1.02167E-08
     11000   4.16128E+01   1.52333E-12  -7.86739E-09  -1.37604E-07  -1.07621E-08   2.55400E-09   1.41448E-09   1.41450E-09  -7.63858E-09   1.90483E-09   9.77294E-09   7.29005E-09
     12000   4.53957E+01   1.63846E-12  -1.35758E-08  -1.37605E-07   2.10933E-08   5.38293E-09   3.39307E-09   3.39311E-09  -1.37770E-08  -2.54484E-09   1.10314E-08   9.62633E-09
     13000   4.91787E+01   1.92993E-12  -2.18149E-08  -1.61960E-07  -6.76507E-09   1.20199E-08   6.49830E-09   6.49834E-09  -2.17584E-08  -7.61644E-09   1.42118E-08   1.74153E-08
     14000   5.29617E+01   2.49187E-12  -1.42497E-08  -1.63639E-07  -4.16927E-08   5.34362E-09   3.31282E-09   3.31287E-09  -1.43876E-08   1.27676E-10   1.44037E-08   1.21259E-08
     15000   5.67447E+01   2.86669E-12  -1.43350E-08  -2.04912E-07  -3.40599E-08   5.90537E-09   2.76237E-09   2.76242E-09  -1.39044E-08   6.36485E-10   1.50040E-08   1.21021E-08
     16000   6.05276E+01   3.74655E-12  -2.73825E-08  -2.44262E-07   5.97698E-08   1.57820E-08   8.86220E-09   8.86224E-09  -2.63598E-08  -1.21891E-08   1.52322E-08   2.13599E-08
     17000   6.43106E+01   4.57476E-12  -2.44782E-08  -3.30082E-07   7.16880E-08   1.25868E-08   7.50384E-09   7.50388E-09  -2.34786E-08  -7.94713E-09   1.65737E-08   1.96945E-08
     18000   6.80936E+01   5.70999E-12  -1.15886E-08  -4.16608E-07   1.77888E-08   3.29075E-09   2.06777E-09   2.06781E-09  -1.06728E-08   4.63678E-09   1.62677E-08   1.21112E-08
     19000   7.18766E+01   7.43031E-12  -2.70081E-08  -4.41570E-07  -3.26912E-08   1.33758E-08   7.63082E-09   7.63090E-09  -2.58800E-08  -7.72740E-09   1.93259E-08   2.09627E-08
     20000   7.56596E+01   9.19496E-12  -3.93640E-08  -3.66618E-07  -2.35713E-08   2.46318E-08   1.34382E-08   1.34383E-08  -3.83261E-08  -1.92264E-08   2.01886E-08   3.23423E-08
     21000   7.94425E+01   1.17923E-11  -2.15656E-08  -3.25978E-07   5.04187E-08   7.12941E-09   5.21907E-09   5.21917E-09  -2.04788E-08  -2.32336E-10   2.13890E-08   1.74029E-08
     22000   8.32255E+01   1.48942E-11  -2.20298E-08  -4.12365E-07   1.05042E-07   1.37054E-08   4.90825E-09   4.90831E-09  -2.11865E-08   5.82315E-10   2.26736E-08   2.41806E-08
     23000   8.70085E+01   1.87935E-11  -3.82294E-08  -4.31779E-07   6.61005E-08   1.80800E-08   1.29476E-08   1.29476E-08  -3.67756E-08  -1.68500E-08   2.14454E-08   2.72100E-08
     24000   9.07915E+01   2.39455E-11  -4.11127E-08  -4.14871E-07   1.69141E-08   3.34689E-08   1.60146E-08   1.60147E-08  -4.07334E-08  -2.23470E-08   1.88289E-08   4.32384E-08
     25000   9.45744E+01   3.02749E-11  -1.26533E-08  -3.81244E-07   3.18258E-08   5.36965E-09   3.84058E-09   3.84078E-09  -1.26348E-08   3.71703E-09   1.64329E-08   1.68609E-08
     26000   9.83574E+01   3.84338E-11  -2.69386E-08  -4.79854E-07   1.15480E-07   2.61908E-08   1.15556E-08   1.15558E-08  -2.63429E-08  -1.23243E-08   1.46714E-08   3.70734E-08
     27000   1.02140E+02   4.85411E-11  -5.25530E-08  -6.32984E-07   3.14200E-07   4.76783E-08   2.30876E-08   2.30878E-08  -5.06011E-08  -3.65993E-08   1.59975E-08   5.73467E-08
     28000   1.05923E+02   6.15976E-11  -2.25414E-08  -5.60634E-07   2.80324E-07   1.36003E-08   9.30973E-09   9.30990E-09  -2.15616E-08  -6.86100E-09   1.57119E-08   2.54520E-08
     29000   1.09706E+02   7.78604E-11  -1.80729E-08   1.62948E-07   1.76746E-07   1.61934E-08   7.67515E-09   7.67540E-09  -1.69730E-08  -1.84296E-09   1.62512E-08   2.98002E-08
     30000   1.13489E+02   9.85381E-11  -2.45832E-08   1.54808E-07   2.26156E-08   1.15181E-08   1.06580E-08   1.06584E-08  -2.19547E-08  -8.80213E-09   1.57988E-08   2.41485E-08
     31000   1.17272E+02   1.25008E-10  -3.19129E-08   3.28631E-07   1.38396E-07   2.90984E-08   1.43577E-08   1.43582E-08  -2.88765E-08  -1.69512E-08   1.49788E-08   4.10053E-08
     32000   1.21055E+02   1.57734E-10  -1.18278E-08   2.29439E-07   3.95811E-07   8.10762E-09   6.56507E-09   6.56554E-09  -1.00136E-08  -2.50741E-10   1.15963E-08   2.11645E-08
     33000   1.24838E+02   2.01161E-10   1.44429E-09   4.65319E-07   6.38414E-07  -5.64305E-09   1.48078E-09   1.48138E-09   2.18391E-09   1.16072E-08   1.01905E-08   9.15504E-09
     34000   1.28621E+02   2.54794E-10  -5.69434E-09   4.53634E-07   4.10207E-07  -2.48032E-09   5.89382E-09   5.89445E-09  -7.04203E-09   2.67663E-09   8.40831E-09   1.22767E-08
     35000   1.32404E+02   3.24835E-10  -1.80879E-08   3.28611E-07  -6.53603E-08   1.48942E-08   8.16406E-09   8.16505E-09  -1.46030E-08  -2.75143E-09   1.53922E-08   2.88525E-08
     36000   1.36187E+02   4.09794E-10  -6.07260E-09   8.93471E-07  -4.20581E-07  -1.44661E-08   4.07963E-09   4.08099E-09  -5.49375E-09   5.98971E-09   1.21410E-08   1.72686E-10
     37000   1.39970E+02   5.17822E-10   5.09145E-09   7.08254E-07   2.07866E-07  -8.99516E-10  -6.55753E-10  -6.54568E-10   7.09253E-09   1.73732E-08   1.23900E-08   1.57894E-08
     38000   1.43753E+02   6.57573E-10   8.68059E-09  -9.91140E-07   9.79036E-07  -4.00191E-08  -3.99164E-09  -3.98998E-09   1.42865E-08   2.36544E-08   1.51255E-08  -2.35371E-08
     39000   1.47536E+02   8.26533E-10  -9.58412E-09  -2.76254E-06   1.12887E-06  -5.25281E-10   9.39542E-09   9.39716E-09  -1.12482E-08  -6.37681E-09   3.41546E-09   1.29252E-08
     40000   1.51319E+02   1.04947E-09  -1.11769E-08  -4.85010E-06   1.82026E-07  -2.00750E-08   8.73465E-09   8.73710E-09  -9.10523E-09  -4.42447E-09   7.03243E-09  -5.69830E-09
     41000   1.55102E+02   1.33068E-09  -2.58380E-08  -4.53133E-06  -8.58244E-07   2.60656E-08   1.66247E-08   1.66289E-08  -2.30550E-08  -1.88119E-08   7.39532E-09   4.22073E-08
     42000   1.58885E+02   1.68086E-09  -4.60813E-08  -2.90548E-06  -3.43882E-07  -6.72889E-09   2.77264E-08   2.77304E-08  -4.20699E-08  -4.04095E-08   6.15518E-09   1.04827E-08
     43000   1.62668E+02   2.13649E-09   4.01472E-08   1.14576E-06   1.09675E-06  -3.63549E-08  -1.34409E-08  -1.34370E-08   4.44521E-08   4.58309E-08   6.31362E-09  -1.46356E-08
     44000   1.66451E+02   2.70080E-09   1.77048E-07   4.38686E-06   1.63596E-06  -2.75939E-07  -7.92143E-08  -7.92101E-08   1.83086E-07   1.83614E-07   7.37849E-09  -2.47237E-07
     45000   1.70234E+02   3.43871E-09   4.79581E-08   4.23918E-06   9.19805E-07  -8.73268E-09  -5.09266E-09  -5.09001E-09   3.68496E-08   3.42281E-08  -1.26823E-08   1.97991E-08
     46000   1.74017E+02   4.36139E-09   1.93316E-08   1.64981E-06  -1.33883E-06  -5.21733E-08   1.00825E-08   1.00886E-08   6.74540E-09   6.18011E-11  -1.79260E-08  -2.62352E-08
     47000   1.77800E+02   5.54244E-09  -7.26435E-08  -6.29666E-06  -8.53034E-07   1.38937E-07   5.46781E-08   5.46871E-08  -7.83207E-08  -8.84207E-08  -1.40596E-08   1.67142E-07
     48000   1.81583E+02   7.02335E-09  -6.68346E-08  -1.05195E-05   1.58955E-06   3.28580E-08   5.56763E-08   5.56849E-08  -7.30986E-08  -8.63002E-08  -1.72705E-08   6.71376E-08
     49000   1.85366E+02   8.88773E-09  -1.04297E-07  -9.58356E-06   1.93652E-06   1.55282E-07   7.27391E-08   7.27513E-08  -9.89045E-08  -1.17392E-07  -1.02914E-08   1.95072E-07
     50000   1.89149E+02   1.12638E-08   3.59108E-08  -3.52391E-06  -2.46042E-07  -1.11888E-08   2.08494E-08   2.08547E-08   1.60339E-08  -9.62234E-09  -4.19570E-08   3.57329E-08
     51000   1.92932E+02   1.42562E-08   1.46375E-07   1.13657E-06  -3.32071E-06  -1.26753E-07  -3.07627E-08  -3.07555E-08   1.34410E-07   1.02682E-07  -3.91397E-08  -6.67802E-08
     52000   1.96715E+02   1.80786E-08  -7.45582E-09   1.65599E-06  -2.10041E-06   6.67531E-08   4.61555E-08   4.61794E-08  -8.51358E-09  -4.72026E-08  -3.39615E-08   1.35749E-07
     53000   2.00498E+02   2.29036E-08   2.25853E-07  -1.28642E-06   1.74286E-06  -2.41533E-07  -6.25981E-08  -6.25719E-08   2.26280E-07   1.78942E-07  -3.95637E-08  -1.57510E-07
     54000   2.04281E+02   2.90997E-08   2.05662E-07   5.39703E-06   2.94859E-06  -4.02126E-08  -3.25801E-08  -3.25318E-08   1.92367E-07   1.36344E-07  -5.99918E-08   6.94457E-08
     55000   2.08064E+02   3.67955E-08   1.81052E-07   1.09468E-05  -2.89436E-06  -3.40305E-08  -2.06064E-08  -2.05435E-08   1.82833E-07   1.19888E-07  -4.93233E-08   9.33435E-08
     56000   2.11847E+02   4.68142E-08   3.14890E-07   1.68908E-05  -5.92939E-06  -3.01558E-07  -6.17947E-08  -6.17386E-08   2.82352E-07   2.15836E-07  -8.40407E-08  -1.47428E-07
     57000   2.15630E+02   5.92851E-08   8.47659E-08   1.20357E-05  -2.93929E-06  -1.83510E-07   3.13312E-08   3.14339E-08   1.12641E-07   5.05998E-08  -1.51227E-08   8.18385E-09
     58000   2.19413E+02   7.53309E-08   4.53611E-07   1.24496E-05   4.76665E-06  -2.82252E-07  -1.14692E-07  -1.14520E-07   4.33440E-07   3.78535E-07  -5.09135E-08  -3.34360E-08
     59000   2.23196E+02   9.52830E-08   8.54121E-07   1.70827E-05   5.35116E-06  -1.16130E-06  -2.90044E-07  -2.89782E-07   8.05497E-07   7.59820E-07  -6.36414E-08  -8.55368E-07
     60000   2.26979E+02   1.21000E-07  -1.66216E-07   3.44579E-06  -1.77599E-06   6.07523E-07   2.21685E-07   2.22067E-07  -2.02498E-07  -2.38423E-07  -3.33269E-08   9.72733E-07
     61000   2.30762E+02   1.53204E-07   6.98033E-07  -1.42168E-05  -1.46916E-05  -1.59212E-06  -2.25039E-07  -2.24628E-07   7.13670E-07   6.84064E-07   3.53703E-08  -1.15518E-06
     62000   2.34545E+02   1.94746E-07   1.73391E-07  -8.43262E-06  -1.26131E-05  -4.36360E-07   2.59498E-08   2.64624E-08   2.62956E-07   2.45076E-07   1.34294E-07   1.18484E-07
     63000   2.38328E+02   2.46940E-07   1.45774E-06   2.98164E-05   1.37904E-06  -2.50056E-06  -5.49899E-07  -5.49321E-07   1.51625E-06   1.50899E-06   1.30728E-07  -1.76436E-06
     64000   2.42111E+02   3.12402E-07   1.66460E-06   4.99870E-05   8.21787E-06  -2.42292E-06  -5.94467E-07  -5.93969E-07   1.71004E-06   1.70884E-06   1.45053E-07  -1.48929E-06
     65000   2.45894E+02   3.97496E-07   9.04443E-07   1.51848E-05  -4.94316E-06  -1.71971E-06  -2.54731E-07  -2.53960E-07   1.12990E-06   1.13266E-06   3.56082E-07  -5.70376E-07
     66000   2.49677E+02   5.02056E-07   5.40827E-07   4.57369E-06  -2.98349E-05  -1.88482E-06  -1.45898E-08  -1.36921E-08   7.54969E-07   7.73459E-07   3.94780E-07  -4.75438E-07
     67000   2.53460E+02   6.39572E-07   1.32017E-07   4.40370E-05  -3.79943E-05  -1.17874E-06   3.34234E-07   3.34890E-07   2.84261E-07   3.14602E-07   3.88278E-07   6.50253E-07
     68000   2.57242E+02   8.13141E-07   2.51739E-06   6.20837E-05  -7.51581E-06  -3.44398E-06  -6.01543E-07  -6.00615E-07   2.46836E-06   2.49840E-06   2.42007E-07  -1.07359E-06
     69000   2.61025E+02   1.02954E-06   1.88372E-06   4.20918E-05   1.54872E-05  -3.77884E-06  -2.49862E-07  -2.49543E-07   2.07677E-06   2.10625E-06   5.53491E-07  -8.11494E-07
     70000   2.64808E+02   1.31737E-06   8.54850E-08   4.18071E-05   1.15747E-05  -1.06592E-06   7.74030E-07   7.75654E-07   3.86526E-07   4.39424E-07   7.73937E-07   2.66056E-06
     71000   2.68591E+02   1.67371E-06   2.01609E-06   2.53070E-05  -1.25375E-05  -5.02919E-06   1.43887E-07   1.47875E-07   2.16849E-06   2.24692E-06   7.64103E-07  -2.83521E-07
     72000   2.72374E+02   2.13077E-06   1.35143E-06   5.56275E-06  -3.61906E-05  -3.16845E-06   6.86494E-07   6.90652E-07   1.76143E-06   1.86860E-06   1.19467E-06   2.88556E-06
     73000   2.76157E+02   2.72418E-06   2.66606E-06  -8.91129E-05  -2.28870E-05  -8.48578E-06   4.86306E-07   4.91871E-07   2.95225E-06   3.12827E-06   1.32386E-06  -7.93510E-07
     74000   2.79940E+02   3.44769E-06  -6.49132E-07  -6.91334E-05   2.20292E-05  -1.90183E-06   2.50515E-06   2.51120E-06  -2.20636E-07   8.74989E-08   1.83216E-06   7.74524E-06
     75000   2.83723E+02   4.37935E-06   5.32197E-06  -2.87026E-05   1.87864E-05  -1.38456E-05  -1.83231E-08  -1.14131E-08   6.02729E-06   6.54259E-06   2.61335E-06  -1.56063E-06
     76000   2.87506E+02   5.55367E-06   5.63268E-06  -1.68122E-04   4.35418E-06  -1.32586E-05   4.37632E-07   4.46231E-07   6.50444E-06   7.32553E-06   3.46366E-06   2.27526E-06
     77000   2.91289E+02   7.04815E-06   3.57038E-06  -3.53730E-04  -5.19574E-05  -1.64546E-05   2.41943E-06   2.42850E-06   4.20029E-06   5.46616E-06   4.14652E-06   3.15836E-06
     78000   2.95072E+02   8.93933E-06   4.59106E-06  -2.49051E-04  -3.49228E-05  -2.02558E-05   2.57193E-06   2.58417E-06   5.93114E-06   7.79878E-06   6.06758E-06   4.49826E-06
     79000   2.98855E+02   1.13653E-05   1.13804E-05  -1.43445E-04   1.72458E-05  -2.91906E-05   6.56402E-07   6.74378E-07   1.27146E-05   1.53626E-05   7.61485E-06   2.50078E-06
     80000   3.02638E+02   1.43419E-05   1.36377E-05  -5.38051E-07   5.31868E-05  -3.56504E-05   1.33879E-06   1.35253E-06   1.51280E-05   1.87429E-05   9.71684E-06   4.73732E-06
     81000   3.06421E+02   1.82822E-05   1.98529E-05   2.44841E-05   2.75588E-05  -5.35494E-05   1.97437E-07   2.14506E-07   2.19068E-05   2.66467E-05   1.26491E-05  -2.35324E-06
     82000   3.10204E+02   2.31082E-05   1.70794E-05  -1.02199E-04  -3.65976E-05  -5.28341E-05   3.56589E-06   3.59609E-06   2.06061E-05   2.67138E-05   1.70659E-05   1.15814E-05
     83000   3.13987E+02   2.92456E-05   2.27927E-05  -2.70573E-04  -6.44946E-05  -7.64783E-05   4.66848E-06   4.71405E-06   2.58592E-05   3.37041E-05   2.03363E-05   5.27886E-06
     84000   3.17770E+02   3.71547E-05   2.76292E-05  -7.76808E-04   7.76242E-05  -9.03796E-05   6.61927E-06   6.68758E-06   3.10415E-05   4.11302E-05   2.54521E-05   1.31633E-05
     85000   3.21553E+02   4.68927E-05   3.49133E-05  -1.30018E-03   2.55110E-04  -1.16282E-04   8.59291E-06   8.67638E-06   3.85172E-05   5.13966E-05   3.16330E-05   1.44265E-05
     86000   3.25336E+02   5.96617E-05   4.79016E-05  -1.34611E-03   2.30831E-04  -1.59133E-04   8.08683E-06   8.22498E-06   5.42106E-05   7.06726E-05   4.19794E-05   6.72116E-06
     87000   3.29119E+02   7.54413E-05   5.80267E-05  -1.59199E-03  -4.43733E-05  -1.85650E-04   1.14103E-05   1.15814E-05   6.65758E-05   8.75610E-05   5.38910E-05   2.47011E-05
     88000   3.32902E+02   9.52115E-05   6.67643E-05  -1.95467E-03  -2.22207E-04  -2.34675E-04   1.81687E-05   1.83531E-05   7.67094E-05   1.03422E-04   6.75197E-05   3.13427E-05
     89000   3.36685E+02   1.20752E-04   7.13129E-05  -2.03740E-03  -6.99956E-05  -2.62971E-04   2.87195E-05   2.89391E-05   8.53382E-05   1.19118E-04   8.68809E-05   7.36337E-05
     90000   3.40468E+02   1.52441E-04   1.28866E-04  -2.26449E-03   3.51961E-04  -4.10973E-04   1.77272E-05   1.78657E-05   1.47236E-04   1.89585E-04   1.10183E-04   1.61113E-05
     91000   3.44251E+02   1.93470E-04   1.29671E-04  -2.45594E-03   5.16091E-04  -4.43620E-04   4.03076E-05   4.04720E-05   1.51492E-04   2.04570E-04   1.37528E-04   9.78288E-05
     92000   3.48034E+02   2.44472E-04   1.93712E-04  -1.76114E-03   2.78576E-05  -6.28845E-04   3.54071E-05   3.57581E-05   2.23876E-04   2.90458E-04   1.75983E-04   5.64870E-05
     93000   3.51817E+02   3.09208E-04   2.35383E-04  -1.30256E-03  -3.47976E-04  -7.49444E-04   5.11230E-05   5.13461E-05   2.70753E-04   3.54549E-04   2.19416E-04   1.17032E-04
     94000   3.55600E+02   3.90685E-04   2.94002E-04  -1.00605E-03  -5.94998E-05  -9.46172E-04   6.64778E-05   6.68723E-05   3.39665E-04   4.44798E-04   2.77638E-04   1.49503E-04
     95000   3.59383E+02   4.91150E-04   4.23869E-04  -1.01508E-03   4.75624E-04  -1.26465E-03   5.82470E-05   5.87840E-05   4.82851E-04   6.15017E-04   3.51464E-04   1.18864E-04
     96000   3.63166E+02   6.20141E-04   4.92637E-04  -2.73325E-03   4.36709E-04  -1.52330E-03   9.19247E-05   9.22589E-05   5.69742E-04   7.36141E-04   4.46002E-04   2.19665E-04
     97000   3.66949E+02   7.77832E-04   6.09155E-04  -3.96845E-03   1.51697E-04  -1.93010E-03   1.26052E-04   1.27169E-04   6.96065E-04   9.05663E-04   5.52011E-04   2.62122E-04
     98000   3.70732E+02   9.75364E-04   8.08918E-04  -4.03662E-03  -1.44193E-04  -2.43410E-03   1.38627E-04   1.40432E-04   9.13923E-04   1.17866E-03   6.91778E-04   3.21016E-04
     99000   3.74515E+02   1.22284E-03   1.07434E-03  -4.60345E-03   2.67681E-04  -3.17862E-03   1.40676E-04   1.42982E-04   1.20843E-03   1.54347E-03   8.74596E-04   2.76817E-04
    100000   3.78298E+02   1.52835E-03   1.27366E-03  -6.04007E-03   6.86379E-04  -3.88304E-03   2.09150E-04   2.12164E-04   1.44602E-03   1.86952E-03   1.10536E-03   4.45640E-04
    101000   3.82081E+02   1.90420E-03   1.59318E-03  -6.86566E-03   9.30797E-04  -4.90950E-03   2.56616E-04   2.59554E-04   1.81904E-03   2.35468E-03   1.40046E-03   5.04502E-04
    102000   3.85864E+02   2.36509E-03   2.02575E-03  -7.39153E-03   3.05948E-04  -6.11638E-03   2.93475E-04   2.97430E-04   2.30440E-03   2.98270E-03   1.75683E-03   6.22180E-04
    103000   3.89647E+02   2.91815E-03   2.51453E-03  -3.81117E-03   6.43987E-04  -7.64300E-03   3.59959E-04   3.64076E-04   2.86032E-03   3.71394E-03   2.19734E-03   7.11063E-04
    104000   3.93430E+02   3.57765E-03   3.06339E-03  -3.38764E-03   1.29475E-03  -9.34946E-03   4.53135E-04   4.56828E-04   3.51437E-03   4.58457E-03   2.76353E-03   9.65075E-04
    105000   3.97213E+02   4.34917E-03   3.77107E-03  -3.61194E-03   2.00972E-03  -1.16458E-02   5.30144E-04   5.34672E-04   4.34231E-03   5.68309E-03   3.45421E-03   9.93413E-04
    106000   4.00996E+02   5.26603E-03   4.47467E-03  -4.24121E-03   1.94662E-03  -1.39578E-02   6.94035E-04   7.02162E-04   5.18182E-03   6.84478E-03   4.27701E-03   1.45611E-03
    107000   4.04779E+02   6.31978E-03   5.49633E-03  -5.98917E-03   1.92695E-03  -1.71932E-02   7.79298E-04   7.91008E-04   6.37466E-03   8.42921E-03   5.28039E-03   1.47365E-03
    108000   4.08562E+02   7.50383E-03   6.31758E-03  -5.54775E-03   2.91194E-03  -2.02997E-02   1.06179E-03   1.07509E-03   7.40628E-03   9.93316E-03   6.49311E-03   2.15168E-03
    109000   4.12345E+02   8.84058E-03   7.55551E-03  -1.89202E-03   4.09015E-03  -2.45861E-02   1.20027E-03   1.21745E-03   8.89631E-03   1.19901E-02   7.94449E-03   2.17217E-03
    110000   4.16128E+02   1.03393E-02   8.94273E-03   6.21208E-03   4.11829E-03  -2.91631E-02   1.35997E-03   1.38701E-03   1.06000E-02   1.43663E-02   9.68264E-03   2.54861E-03
    111000   4.19911E+02   1.19218E-02   1.04250E-02   7.64956E-03   4.59259E-03  -3.46120E-02   1.57498E-03   1.60967E-03   1.24614E-02   1.70061E-02   1.17227E-02   2.64206E-03
    112000   4.23693E+02   1.37176E-02   1.15401E-02   4.56531E-03   4.15422E-03  -3.99465E-02   2.01703E-03   2.06361E-03   1.40101E-02   1.94728E-02   1.41073E-02   3.49918E-03
    113000   4.27476E+02   1.55527E-02   1.31461E-02   3.61953E-03   5.19505E-03  -4.65120E-02   2.31922E-03   2.38676E-03   1.61740E-02   2.26949E-02   1.69176E-02   3.81035E-03
    114000   4.31259E+02   1.74451E-02   1.49286E-02   9.32567E-03   7.05292E-03  -5.36169E-02   2.59673E-03   2.69237E-03   1.86269E-02   2.63497E-02   2.01636E-02   4.20950E-03
    115000   4.35042E+02   1.94639E-02   1.62895E-02   1.08861E-02   7.98615E-03  -6.13423E-02   3.04998E-03   3.19213E-03   2.07771E-02   2.98317E-02   2.38539E-02   4.50717E-03
    116000   4.38825E+02   2.12639E-02   1.76201E-02   7.21886E-03   1.11660E-02  -6.89800E-02   3.57230E-03   3.77265E-03   2.30503E-02   3.35926E-02   2.80364E-02   5.28523E-03
    117000   4.42608E+02   2.32966E-02   1.90480E-02   6.79333E-03   1.11881E-02  -7.77017E-02   3.97849E-03   4.25672E-03   2.54531E-02   3.76537E-02   3.26291E-02   5.50727E-03
    118000   4.46391E+02   2.49820E-02   2.02611E-02  -3.90443E-03   1.26825E-02  -8.62709E-02   4.57409E-03   4.93464E-03   2.78790E-02   4.18705E-02   3.78007E-02   6.28159E-03
    119000   4.50174E+02   2.66812E-02   2.12061E-02  -1.52999E-02   1.04847E-02  -9.55698E-02   5.20121E-03   5.66974E-03   3.01562E-02   4.60592E-02   4.34124E-02   6.60075E-03
    120000   4.53957E+02   2.84275E-02   2.19759E-02  -6.58040E-03   1.06226E-02  -1.04859E-01   5.83923E-03   6.47662E-03   3.24680E-02   5.03838E-02   4.95131E-02   7.37376E-03
    121000   4.57740E+02   2.98733E-02   2.34867E-02  -1.08203E-02   1.26290E-02  -1.15199E-01   6.26077E-03   7.08497E-03   3.56117E-02   5.56432E-02   5.59906E-02   7.49776E-03
    122000   4.61523E+02   3.14723E-02   2.38056E-02  -1.97317E-02   1.76273E-02  -1.25084E-01   7.00690E-03   8.05354E-03   3.77065E-02   5.99873E-02   6.29109E-02   8.16497E-03
    123000   4.65306E+02   3.24851E-02   2.38218E-02  -1.57238E-02   2.12010E-02  -1.34399E-01   7.98006E-03   9.27952E-03   3.97383E-02   6.43159E-02   7.03014E-02   9.46912E-03
    124000   4.69089E+02   3.36729E-02   2.45144E-02  -1.42522E-02   2.18137E-02  -1.45157E-01   8.41893E-03   9.98889E-03   4.24757E-02   6.94176E-02   7.79399E-02   9.37776E-03
    125000   4.72872E+02   3.45215E-02   2.47700E-02  -1.11289E-02   1.94161E-02  -1.55595E-01   9.07347E-03   1.09996E-02   4.48711E-02   7.42302E-02   8.58428E-02   9.61244E-03
    126000   4.76655E+02   3.51122E-02   2.42012E-02  -1.07295E-03   1.77030E-02  -1.64704E-01   1.00503E-02   1.23583E-02   4.65639E-02   7.83793E-02   9.39969E-02   1.10143E-02
    127000   4.80438E+02   3.56281E-02   2.46924E-02   3.39701E-03   2.18133E-02  -1.76036E-01   1.03801E-02   1.31117E-02   4.94526E-02   8.37556E-02   1.02374E-01   1.01503E-02
    128000   4.84221E+02   3.59512E-02   2.40049E-02   1.66002E-02   2.82553E-02  -1.84861E-01   1.13402E-02   1.45354E-02   5.11572E-02   8.79844E-02   1.10849E-01   1.18203E-02
    129000   4.88004E+02   3.63085E-02   2.36551E-02   6.41230E-04   3.28045E-02  -1.95462E-01   1.19346E-02   1.55790E-02   5.32367E-02   9.26230E-02   1.19423E-01   1.14383E-02
    130000   4.91787E+02   3.63151E-02   2.23980E-02  -2.10061E-02   3.44139E-02  -2.04069E-01   1.29133E-02   1.71151E-02   5.44271E-02   9.63566E-02   1.28024E-01   1.26959E-02
    131000   4.95570E+02   3.60194E-02   2.16371E-02  -3.46305E-02   3.38350E-02  -2.13060E-01   1.36699E-02   1.84615E-02   5.61828E-02   1.00711E-01   1.36750E-01   1.34779E-02
    132000   4.99353E+02   3.62698E-02   2.12847E-02  -4.54109E-02   3.43849E-02  -2.23283E-01   1.39881E-02   1.93630E-02   5.82261E-02   1.05305E-01   1.45315E-01   1.29379E-02
    133000   5.03136E+02   3.58323E-02   1.97309E-02  -4.86422E-02   3.89708E-02  -2.31122E-01   1.50596E-02   2.09915E-02   5.90031E-02   1.08665E-01   1.53810E-01   1.43030E-02
    134000   5.06919E+02   3.53681E-02   1.84382E-02  -5.59185E-02   4.39411E-02  -2.39282E-01   1.57061E-02   2.21918E-02   6.01170E-02   1.12302E-01   1.62284E-01   1.47062E-02
    135000   5.10702E+02   3.50023E-02   1.79199E-02  -4.05317E-02   4.51391E-02  -2.48227E-01   1.58402E-02   2.29457E-02   6.18905E-02   1.16617E-01   1.70630E-01   1.41105E-02
    136000   5.14485E+02   3.40657E-02   1.67236E-02  -2.41486E-02   4.55264E-02  -2.55266E-01   1.65561E-02   2.42730E-02   6.27916E-02   1.20019E-01   1.78663E-01   1.50158E-02
    137000   5.18268E+02   3.34189E-02   1.53905E-02  -2.26621E-02   4.71546E-02  -2.62598E-01   1.69073E-02   2.52017E-02   6.35462E-02   1.23222E-01   1.86550E-01   1.48696E-02
    138000   5.22051E+02   3.26341E-02   1.40944E-02  -4.15688E-02   5.07310E-02  -2.70054E-01   1.71418E-02   2.60324E-02   6.43725E-02   1.26455E-01   1.94371E-01   1.42198E-02
    139000   5.25834E+02   3.11448E-02   1.20327E-02  -5.52138E-02   5.47345E-02  -2.74480E-01   1.79776E-02   2.75008E-02   6.42275E-02   1.28668E-01   2.01783E-01   1.59595E-02
    140000   5.29617E+02   3.07734E-02   1.01542E-02  -6.59207E-02   5.67927E-02  -2.81654E-01   1.80485E-02   2.82134E-02   6.42372E-02   1.30891E-01   2.08899E-01   1.44348E-02
    141000   5.33400E+02   2.89051E-02   8.33824E-03  -7.48535E-02   5.89227E-02  -2.85515E-01   1.87906E-02   2.95291E-02   6.42176E-02   1.33121E-01   2.15834E-01   1.58819E-02
    142000   5.37183E+02   2.83035E-02   6.57593E-03  -8.45312E-02   5.69969E-02  -2.91264E-01   1.87948E-02   3.00756E-02   6.39688E-02   1.35018E-01   2.22262E-01   1.47477E-02
    143000   5.40966E+02   2.67682E-02   5.29448E-03  -9.30421E-02   5.69686E-02  -2.96181E-01   1.88420E-02   3.06264E-02   6.41140E-02   1.37238E-01   2.28419E-01   1.37693E-02
    144000   5.44749E+02   2.49098E-02   2.39421E-03  -9.70674E-02   6.13653E-02  -2.98261E-01   1.98242E-02   3.21460E-02   6.26585E-02   1.37795E-01   2.34392E-01   1.54051E-02
    145000   5.48532E+02   2.41349E-02   1.04208E-03  -1.03495E-01   6.36587E-02  -3.03062E-01   1.93157E-02   3.22061E-02   6.25081E-02   1.39528E-01   2.39897E-01   1.35339E-02
    146000   5.52315E+02   2.16456E-02   5.92810E-04  -1.10773E-01   6.43311E-02  -3.07074E-01   1.91026E-02   3.25007E-02   6.33159E-02   1.42123E-01   2.45176E-01   1.19438E-02
    147000   5.56098E+02   2.04961E-02  -4.04780E-03  -1.20009E-01   6.49465E-02  -3.06719E-01   2.02829E-02   3.40576E-02   5.98043E-02   1.40306E-01   2.50091E-01   1.41605E-02
    148000   5.59881E+02   1.88958E-02  -4.76467E-03  -1.46135E-01   6.16259E-02  -3.10500E-01   1.96837E-02   3.37467E-02   6.00970E-02   1.42150E-01   2.54606E-01   1.16675E-02
    149000   5.63664E+02   1.63858E-02  -6.39493E-03  -1.59449E-01   6.05657E-02  -3.11292E-01   2.00695E-02   3.44080E-02   5.94359E-02   1.43060E-01   2.58927E-01   1.21040E-02
    150000   5.67447E+02   1.58586E-02  -1.03208E-02  -1.71420E-01   6.26861E-02  -3.10931E-01   2.06845E-02   3.53132E-02   5.61368E-02   1.41134E-01   2.62583E-01   1.31875E-02
    151000   5.71230E+02   1.33080E-02  -9.91629E-03  -1.81763E-01   6.19005E-02  -3.14265E-01   2.00056E-02   3.48547E-02   5.74028E-02   1.43667E-01   2.66216E-01   1.02036E-02
    152000   5.75013E+02   1.22280E-02  -1.29867E-02  -1.88315E-01   6.35711E-02  -3.12981E-01   2.05634E-02   3.55135E-02   5.48824E-02   1.42345E-01   2.69308E-01   1.16452E-02
    153000   5.78796E+02   1.09323E-02  -1.46911E-02  -1.96997E-01   6.32809E-02  -3.14164E-01   2.05179E-02   3.55240E-02   5.38022E-02   1.42284E-01   2.72194E-01   1.03132E-02
    154000   5.82579E+02   8.90636E-03  -1.52307E-02  -2.09864E-01   6.27942E-02  -3.14943E-01   2.03852E-02   3.54545E-02   5.39185E-02   1.43396E-01   2.74934E-01   9.50598E-03
    155000   5.86362E+02   8.48494E-03  -1.80769E-02  -2.21621E-01   6.46021E-02  -3.14419E-01   2.07720E-02   3.59327E-02   5.14847E-02   1.41809E-01   2.77195E-01   9.88880E-03
    156000   5.90145E+02   7.00328E-03  -1.90389E-02  -2.32690E-01   6.35188E-02  -3.14617E-01   2.09047E-02   3.61326E-02   5.09839E-02   1.42088E-01   2.79310E-01   9.69484E-03
    157000   5.93927E+02   6.25436E-03  -1.92932E-02  -2.44286E-01   6.12474E-02  -3.16339E-01   2.04719E-02   3.57296E-02   5.11650E-02   1.43009E-01   2.81263E-01   8.08688E-03
    158000   5.97710E+02   5.80577E-03  -2.10515E-02  -2.51582E-01   6.32137E-02  -3.16048E-01   2.08051E-02   3.60716E-02   4.98798E-02   1.42339E-01   2.83071E-01   8.65363E-03
    159000   6.01493E+02   4.97969E-03  -2.12440E-02  -2.53118E-01   6.40443E-02  -3.17131E-01   2.07978E-02   3.60465E-02   5.00318E-02   1.43082E-01   2.84639E-01   8.08742E-03
    160000   6.05276E+02   4.99614E-03  -2.11462E-02  -2.56815E-01   6.07161E-02  -3.18982E-01   2.04350E-02   3.56517E-02   5.03522E-02   1.43927E-01   2.85981E-01   6.93569E-03
    161000   6.09059E+02   4.59626E-03  -2.21249E-02  -2.56704E-01   6.16592E-02  -3.19484E-01   2.08407E-02   3.60178E-02   4.97941E-02   1.43860E-01   2.87451E-01   7.29693E-03
    162000   6.12842E+02   4.64934E-03  -2.23742E-02  -2.61549E-01   6.15482E-02  -3.20836E-01   2.08005E-02   3.59222E-02   4.98918E-02   1.44441E-01   2.88818E-01   6.97925E-03
    163000   6.16625E+02   4.64735E-03  -2.14932E-02  -2.69126E-01   6.14700E-02  -3.24001E-01   2.03359E-02   3.53726E-02   5.11287E-02   1.46133E-01   2.90153E-01   5.01449E-03
    164000   6.20408E+02   4.68716E-03  -2.27275E-02  -2.69691E-01   6.37832E-02  -3.23467E-01   2.10231E-02   3.59782E-02   5.02076E-02   1.45691E-01   2.91462E-01   6.95647E-03
    165000   6.24191E+02   4.87425E-03  -2.23193E-02  -2.74737E-01   6.48669E-02  -3.26491E-01   2.07933E-02   3.56653E-02   5.09504E-02   1.46885E-01   2.92765E-01   5.28750E-03
    166000   6.27974E+02   4.99431E-03  -2.24117E-02  -2.78401E-01   6.33950E-02  -3.28214E-01   2.09213E-02   3.57270E-02   5.12412E-02   1.47641E-01   2.94137E-01   5.15451E-03
    167000   6.31757E+02   5.12471E-03  -2.21402E-02  -2.77938E-01   6.21844E-02  -3.30244E-01   2.07827E-02   3.55265E-02   5.18206E-02   1.48658E-01   2.95412E-01   4.46141E-03
    168000   6.35540E+02   5.09847E-03  -2.21732E-02  -2.83435E-01   5.90406E-02  -3.32925E-01   2.07533E-02   3.54738E-02   5.21178E-02   1.49415E-01   2.96738E-01   2.96592E-03
    169000   6.39323E+02   5.11484E-03  -2.30756E-02  -2.84299E-01   6.03071E-02  -3.32900E-01   2.11412E-02   3.58464E-02   5.15367E-02   1.49277E-01   2.98048E-01   4.17533E-03
    170000   6.43106E+02   5.03862E-03  -2.23430E-02  -2.89641E-01   6.29383E-02  -3.36214E-01   2.06943E-02   3.53591E-02   5.26062E-02   1.50798E-01   2.99393E-01   1.92836E-03
    171000   6.46889E+02   4.92780E-03  -2.34003E-02  -2.93132E-01   6.60710E-02  -3.36173E-01   2.10504E-02   3.56292E-02   5.19297E-02   1.50546E-01   3.00754E-01   2.78793E-03
    172000   6.50672E+02   4.68481E-03  -2.38364E-02  -2.96621E-01   6.45000E-02  -3.37499E-01   2.11923E-02   3.56551E-02   5.18552E-02   1.50870E-01   3.02060E-01   2.25620E-03
    173000   6.54455E+02   4.45519E-03  -2.32129E-02  -2.99697E-01   6.15306E-02  -3.39256E-01   2.08242E-02   3.51693E-02   5.26879E-02   1.52084E-01   3.03183E-01   1.16258E-03
    174000   6.58238E+02   4.27713E-03  -2.42953E-02  -3.03751E-01   6.21762E-02  -3.39561E-01   2.12731E-02   3.54985E-02   5.19749E-02   1.51734E-01   3.04424E-01   1.61617E-03
    175000   6.62021E+02   4.07074E-03  -2.48435E-02  -3.04784E-01   6.49290E-02  -3.40208E-01   2.14979E-02   3.55789E-02   5.18261E-02   1.51919E-01   3.05636E-01   1.73249E-03
    176000   6.65804E+02   4.02110E-03  -2.41617E-02  -3.07670E-01   6.69790E-02  -3.42651E-01   2.10704E-02   3.50168E-02   5.28955E-02   1.53323E-01   3.06806E-01   1.02330E-04
    177000   6.69587E+02   3.94873E-03  -2.48193E-02  -3.10492E-01   6.87960E-02  -3.43052E-01   2.14639E-02   3.52786E-02   5.25042E-02   1.53265E-01   3.07826E-01   6.45272E-04
    178000   6.73370E+02   3.91512E-03  -2.45654E-02  -3.13077E-01   6.68860E-02  -3.44985E-01   2.12462E-02   3.49895E-02   5.29656E-02   1.54080E-01   3.08787E-01  -6.13017E-04
    179000   6.77153E+02   3.79369E-03  -2.45204E-02  -3.17281E-01   6.52051E-02  -3.46340E-01   2.11745E-02   3.48244E-02   5.32784E-02   1.54754E-01   3.09795E-01  -1.27250E-03
    180000   6.80936E+02   3.63901E-03  -2.53029E-02  -3.20951E-01   6.52288E-02  -3.46732E-01   2.13446E-02   3.49476E-02   5.28095E-02   1.54670E-01   3.10867E-01  -1.23575E-03
    181000   6.84719E+02   3.41847E-03  -2.56566E-02  -3.24645E-01   6.60572E-02  -3.48066E-01   2.13475E-02   3.48365E-02   5.27358E-02   1.54977E-01   3.11895E-01  -2.22488E-03
    182000   6.88502E+02   3.19024E-03  -2.59274E-02  -3.26290E-01   6.65139E-02  -3.48089E-01   2.12906E-02   3.46800E-02   5.26772E-02   1.55302E-01   3.12847E-01  -2.00849E-03
    183000   6.92285E+02   2.90146E-03  -2.57499E-02  -3.31618E-01   6.74382E-02  -3.50572E-01   2.10264E-02   3.42511E-02   5.31187E-02   1.56101E-01   3.13812E-01  -4.33114E-03
    184000   6.96068E+02   2.80240E-03  -2.77801E-02  -3.30172E-01   6.85768E-02  -3.47813E-01   2.19587E-02   3.50241E-02   5.13583E-02   1.54659E-01   3.14726E-01  -1.08176E-03
    185000   6.99851E+02   2.64894E-03  -2.57046E-02  -3.38075E-01   6.47277E-02  -3.52997E-01   2.07277E-02   3.36224E-02   5.38068E-02   1.57380E-01   3.15682E-01  -6.02132E-03
    186000   7.03634E+02   2.54602E-03  -2.74632E-02  -3.35425E-01   6.62428E-02  -3.50922E-01   2.16212E-02   3.43491E-02   5.23202E-02   1.56119E-01   3.16463E-01  -3.40614E-03
    187000   7.07417E+02   2.46643E-03  -2.75545E-02  -3.38329E-01   6.74679E-02  -3.52557E-01   2.16402E-02   3.42230E-02   5.24577E-02   1.56464E-01   3.17165E-01  -4.61661E-03
    188000   7.11200E+02   2.36549E-03  -2.64855E-02  -3.44250E-01   6.91242E-02  -3.54613E-01   2.10548E-02   3.34980E-02   5.37138E-02   1.57903E-01   3.17785E-01  -6.39539E-03
    189000   7.14983E+02   2.23732E-03  -2.74675E-02  -3.45192E-01   7.06314E-02  -3.54545E-01   2.15241E-02   3.38547E-02   5.29231E-02   1.57296E-01   3.18397E-01  -5.99935E-03
    190000   7.18766E+02   2.13009E-03  -2.77314E-02  -3.48640E-01   6.95086E-02  -3.55207E-01   2.15138E-02   3.37517E-02   5.28848E-02   1.57442E-01   3.19042E-01  -6.50129E-03
    191000   7.22549E+02   2.00762E-03  -2.75220E-02  -3.50026E-01   6.82473E-02  -3.56364E-01   2.13298E-02   3.34427E-02   5.33347E-02   1.58073E-01   3.19700E-01  -7.40568E-03
    192000   7.26332E+02   1.96004E-03  -2.81131E-02  -3.53626E-01   6.85629E-02  -3.56774E-01   2.15511E-02   3.35334E-02   5.30071E-02   1.57929E-01   3.20378E-01  -7.46406E-03
    193000   7.30115E+02   1.94784E-03  -2.84133E-02  -3.55442E-01   6.82451E-02  -3.57463E-01   2.17169E-02   3.35223E-02   5.28905E-02   1.57988E-01   3.20972E-01  -7.71690E-03
    194000   7.33898E+02   1.94587E-03  -2.80505E-02  -3.57739E-01   6.99091E-02  -3.59006E-01   2.14915E-02   3.31256E-02   5.35456E-02   1.58812E-01   3.21667E-01  -8.82629E-03
    195000   7.37681E+02   1.91132E-03  -2.82120E-02  -3.58606E-01   7.10509E-02  -3.59138E-01   2.16500E-02   3.30937E-02   5.35160E-02   1.58954E-01   3.22200E-01  -8.49503E-03
    196000   7.41464E+02   1.88341E-03  -2.86645E-02  -3.59994E-01   7.09272E-02  -3.60170E-01   2.18872E-02   3.31229E-02   5.32250E-02   1.58819E-01   3.22743E-01  -9.19749E-03
    197000   7.45247E+02   1.84305E-03  -2.86887E-02  -3.61085E-01   6.99881E-02  -3.60352E-01   2.19275E-02   3.29468E-02   5.33289E-02   1.59072E-01   3.23246E-01  -9.07753E-03
    198000   7.49030E+02   1.63041E-03  -2.79199E-02  -3.63132E-01   6.88840E-02  -3.62469E-01   2.15187E-02   3.22931E-02   5.43214E-02   1.60194E-01   3.23819E-01  -1.11280E-02
    199000   7.52813E+02   1.48483E-03  -2.89951E-02  -3.62667E-01   7.08557E-02  -3.61751E-01   2.19312E-02   3.24892E-02   5.35392E-02   1.59563E-01   3.24476E-01  -1.03655E-02
    200000   7.56596E+02   1.33182E-03  -2.86383E-02  -3.63723E-01   7.05212E-02  -3.63388E-01   2.17655E-02   3.20869E-02   5.39841E-02   1.60136E-01   3.24895E-01  -1.19471E-02
    201000   7.60379E+02   1.14363E-03  -2.89986E-02  -3.64179E-01   6.95414E-02  -3.63294E-01   2.18661E-02   3.20382E-02   5.39162E-02   1.60217E-01   3.25528E-01  -1.17168E-02
    202000   7.64161E+02   1.15454E-03  -2.88195E-02  -3.65113E-01   6.92005E-02  -3.64462E-01   2.17512E-02   3.17291E-02   5.42782E-02   1.60722E-01   3.26026E-01  -1.26210E-02
    203000   7.67944E+02   1.07211E-03  -2.89225E-02  -3.67314E-01   6.77992E-02  -3.65541E-01   2.16938E-02   3.15525E-02   5.44225E-02   1.61003E-01   3.26568E-01  -1.35769E-02
    204000   7.71727E+02   1.14222E-03  -2.96938E-02  -3.67212E-01   6.86034E-02  -3.65293E-01   2.21683E-02   3.17909E-02   5.38038E-02   1.60528E-01   3.27009E-01  -1.28757E-02
    205000   7.75510E+02   1.17137E-03  -2.88373E-02  -3.68764E-01   6.78151E-02  -3.66999E-01   2.16942E-02   3.11166E-02   5.48682E-02   1.61714E-01   3.27478E-01  -1.43757E-02
    206000   7.79293E+02   1.15626E-03  -2.89530E-02  -3.70614E-01   6.85480E-02  -3.68203E-01   2.18047E-02   3.09717E-02   5.49088E-02   1.61889E-01   3.27904E-01  -1.53199E-02
    207000   7.83076E+02   1.18468E-03  -3.03531E-02  -3.69628E-01   7.10228E-02  -3.66415E-01   2.25548E-02   3.14958E-02   5.37070E-02   1.60791E-01   3.28343E-01  -1.31899E-02
    208000   7.86859E+02   1.22564E-03  -2.82110E-02  -3.76731E-01   6.83546E-02  -3.70963E-01   2.15414E-02   3.02312E-02   5.59721E-02   1.63156E-01   3.28706E-01  -1.74701E-02
    209000   7.90642E+02   1.28266E-03  -2.97579E-02  -3.72126E-01   7.05022E-02  -3.68547E-01   2.24987E-02   3.09286E-02   5.45897E-02   1.61846E-01   3.29080E-01  -1.45150E-02
    210000   7.94425E+02   1.41391E-03  -2.98155E-02  -3.74196E-01   7.09814E-02  -3.70751E-01   2.25846E-02   3.07763E-02   5.47808E-02   1.62093E-01   3.29523E-01  -1.62689E-02
    211000   7.98208E+02   1.49406E-03  -2.90158E-02  -3.74700E-01   7.03454E-02  -3.71351E-01   2.23462E-02   3.03267E-02   5.57849E-02   1.63149E-01   3.29919E-01  -1.62810E-02
    212000   8.01991E+02   1.60884E-03  -2.89278E-02  -3.77459E-01   7.00230E-02  -3.72812E-01   2.24999E-02   3.02703E-02   5.59578E-02   1.63377E-01   3.30210E-01  -1.71509E-02
    213000   8.05774E+02   1.66483E-03  -2.97898E-02  -3.77626E-01   7.00695E-02  -3.72218E-01   2.29874E-02   3.05636E-02   5.53548E-02   1.62844E-01   3.30697E-01  -1.60941E-02
    214000   8.09557E+02   1.64266E-03  -2.83663E-02  -3.83662E-01   6.95052E-02  -3.75568E-01   2.22758E-02   2.96494E-02   5.69804E-02   1.64562E-01   3.31165E-01  -1.92012E-02
    215000   8.13340E+02   1.65567E-03  -2.93828E-02  -3.81155E-01   7.02050E-02  -3.74343E-01   2.28623E-02   3.00529E-02   5.61624E-02   1.63872E-01   3.31677E-01  -1.74785E-02
    216000   8.17123E+02   1.64100E-03  -2.88444E-02  -3.80442E-01   7.00518E-02  -3.76072E-01   2.25920E-02   2.95666E-02   5.69598E-02   1.64823E-01   3.32283E-01  -1.88339E-02
    217000   8.20906E+02   1.71317E-03  -2.80771E-02  -3.83684E-01   6.94161E-02  -3.78808E-01   2.21479E-02   2.89207E-02   5.79385E-02   1.65967E-01   3.32860E-01  -2.12436E-02
    218000   8.24689E+02   1.70060E-03  -3.01277E-02  -3.81149E-01   7.07862E-02  -3.76246E-01   2.33158E-02   2.98694E-02   5.60262E-02   1.64248E-01   3.33392E-01  -1.80961E-02
    219000   8.28472E+02   1.82803E-03  -2.79107E-02  -3.87375E-01   6.77405E-02  -3.80716E-01   2.21938E-02   2.85222E-02   5.84345E-02   1.66857E-01   3.33987E-01  -2.20964E-02
    220000   8.32255E+02   1.82405E-03  -2.81333E-02  -3.85933E-01   6.86780E-02  -3.80585E-01   2.24209E-02   2.84920E-02   5.83503E-02   1.66984E-01   3.34536E-01  -2.14456E-02
    221000   8.36038E+02   1.82227E-03  -3.00971E-02  -3.83199E-01   7.18556E-02  -3.80145E-01   2.33655E-02   2.91855E-02   5.66624E-02   1.65496E-01   3.35215E-01  -2.06538E-02
    222000   8.39821E+02   1.78710E-03  -2.90088E-02  -3.84257E-01   7.07752E-02  -3.82340E-01   2.27383E-02   2.83200E-02   5.80362E-02   1.67064E-01   3.35903E-01  -2.26007E-02
    223000   8.43604E+02   1.73724E-03  -2.90223E-02  -3.82468E-01   7.13339E-02  -3.82713E-01   2.28698E-02   2.81807E-02   5.81924E-02   1.67385E-01   3.36448E-01  -2.24993E-02
    224000   8.47387E+02   1.59575E-03  -3.03010E-02  -3.79689E-01   7.10046E-02  -3.82373E-01   2.34358E-02   2.85259E-02   5.71170E-02   1.66462E-01   3.37013E-01  -2.21033E-02
    225000   8.51170E+02   1.46569E-03  -3.02664E-02  -3.82029E-01   6.99952E-02  -3.83495E-01   2.34208E-02   2.82661E-02   5.74124E-02   1.66868E-01   3.37590E-01  -2.30191E-02
    226000   8.54953E+02   1.35959E-03  -2.97391E-02  -3.82220E-01   7.01292E-02  -3.84104E-01   2.31339E-02   2.77740E-02   5.82256E-02   1.67759E-01   3.38146E-01  -2.34293E-02
    227000   8.58736E+02   1.23380E-03  -2.96272E-02  -3.84484E-01   7.03188E-02  -3.85649E-01   2.31950E-02   2.76313E-02   5.83725E-02   1.67989E-01   3.38444E-01  -2.47718E-02
    228000   8.62519E+02   1.18008E-03  -3.10260E-02  -3.83609E-01   7.04593E-02  -3.83938E-01   2.38811E-02   2.81104E-02   5.72540E-02   1.66925E-01   3.38946E-01  -2.28468E-02
    229000   8.66302E+02   1.06095E-03  -2.94340E-02  -3.88088E-01   6.82599E-02  -3.87427E-01   2.30332E-02   2.71055E-02   5.89926E-02   1.68714E-01   3.39296E-01  -2.63651E-02
    230000   8.70085E+02   1.00158E-03  -3.05315E-02  -3.87904E-01   6.92422E-02  -3.85665E-01   2.36584E-02   2.75521E-02   5.81251E-02   1.67907E-01   3.39729E-01  -2.42555E-02
    231000   8.73868E+02   9.73554E-04  -3.01334E-02  -3.94329E-01   6.79990E-02  -3.88135E-01   2.33252E-02   2.70600E-02   5.87779E-02   1.68634E-01   3.40191E-01  -2.67194E-02
    232000   8.77651E+02   9.20862E-04  -3.07900E-02  -3.92036E-01   6.78492E-02  -3.87638E-01   2.35779E-02   2.71594E-02   5.83738E-02   1.68322E-01   3.40660E-01  -2.61092E-02
    233000   8.81434E+02   9.05157E-04  -3.04799E-02  -3.94176E-01   6.70065E-02  -3.88744E-01   2.35103E-02   2.69079E-02   5.87433E-02   1.68798E-01   3.40945E-01  -2.69557E-02
    234000   8.85217E+02   9.34689E-04  -3.03371E-02  -3.96698E-01   6.58562E-02  -3.89546E-01   2.33406E-02   2.65488E-02   5.91417E-02   1.69320E-01   3.41436E-01  -2.76237E-02
    235000   8.89000E+02   9.17201E-04  -3.06778E-02  -4.00147E-01   6.57570E-02  -3.90297E-01   2.35974E-02   2.65381E-02   5.88386E-02   1.69145E-01   3.41708E-01  -2.82140E-02
    236000   8.92783E+02   8.86664E-04  -3.11759E-02  -4.00207E-01   6.66497E-02  -3.89636E-01   2.38040E-02   2.65118E-02   5.86015E-02   1.69031E-01   3.42196E-01  -2.74133E-02
    237000   8.96566E+02   8.58141E-04  -2.97258E-02  -4.05130E-01   6.56227E-02  -3.92698E-01   2.31075E-02   2.55278E-02   6.01903E-02   1.70734E-01   3.42550E-01  -3.03811E-02
    238000   9.00349E+02   7.95562E-04  -3.13460E-02  -4.02046E-01   6.76103E-02  -3.91044E-01   2.39231E-02   2.60940E-02   5.88002E-02   1.69443E-01   3.42980E-01  -2.85971E-02
    239000   9.04132E+02   7.16442E-04  -3.13259E-02  -4.04326E-01   6.70277E-02  -3.91786E-01   2.39738E-02   2.58648E-02   5.89868E-02   1.69709E-01   3.43323E-01  -2.92334E-02
    240000   9.07915E+02   6.60784E-04  -3.01476E-02  -4.08376E-01   6.52339E-02  -3.93939E-01   2.33589E-02   2.50341E-02   6.03422E-02   1.71120E-01   3.43650E-01  -3.13833E-02
    241000   9.11698E+02   5.92120E-04  -3.17755E-02  -4.06591E-01   6.60768E-02  -3.92109E-01   2.42983E-02   2.57528E-02   5.89042E-02   1.69728E-01   3.43975E-01  -2.92664E-02
    242000   9.15481E+02   5.87988E-04  -3.10859E-02  -4.12375E-01   6.52083E-02  -3.93998E-01   2.38950E-02   2.52034E-02   5.97203E-02   1.70581E-01   3.44226E-01  -3.11718E-02
    243000   9.19264E+02   5.05721E-04  -3.07329E-02  -4.12626E-01   6.43049E-02  -3.94644E-01   2.37850E-02   2.49136E-02   6.02789E-02   1.71178E-01   3.44554E-01  -3.16182E-02
    244000   9.23047E+02   4.91704E-04  -3.14687E-02  -4.11316E-01   6.43352E-02  -3.94456E-01   2.40993E-02   2.50940E-02   5.97000E-02   1.70630E-01   3.44822E-01  -3.14176E-02
    245000   9.26830E+02   4.44479E-04  -3.16673E-02  -4.11253E-01   6.35687E-02  -3.95580E-01   2.41360E-02   2.49765E-02   5.96824E-02   1.70668E-01   3.45139E-01  -3.25508E-02
    246000   9.30612E+02   3.80213E-04  -3.11227E-02  -4.10767E-01   6.30214E-02  -3.95371E-01   2.39073E-02   2.45835E-02   6.03918E-02   1.71436E-01   3.45441E-01  -3.21813E-02
    247000   9.34395E+02   3.72590E-04  -3.02342E-02  -4.15487E-01   6.16478E-02  -3.98486E-01   2.33442E-02   2.38709E-02   6.13707E-02   1.72475E-01   3.45668E-01  -3.54647E-02
    248000   9.38178E+02   3.68286E-04  -3.28372E-02  -4.09198E-01   6.47033E-02  -3.94945E-01   2.47613E-02   2.50813E-02   5.89002E-02   1.70076E-01   3.45945E-01  -3.16269E-02
    249000   9.41961E+02   3.82463E-04  -3.05303E-02  -4.14210E-01   6.19996E-02  -3.98861E-01   2.35247E-02   2.36574E-02   6.13833E-02   1.72612E-01   3.46239E-01  -3.55877E-02
    250000   9.45744E+02   4.14774E-04  -3.08160E-02  -4.12419E-01   6.20682E-02  -3.98815E-01   2.37166E-02   2.36266E-02   6.11826E-02   1.72471E-01   3.46449E-01  -3.54244E-02
