 kstep wat e_n=0 e_n=00 e_n=0th e_dissp e_n=0-e_dissp e_n=0_free dssp_n=0 dssp_o_n=0 dssp_c_n=0 dssp_j_n=0 e_n=1 dssp_n=1 dssp_o_n=1 dssp_c_n=1 dssp_j_n=1 e_n=2 dssp_n=2 dssp_o_n=2 dssp_c_n=2 dssp_j_n=2
       0   0.00000E+00   0.00000E+00   0.00000E+00   0.00000E+00   0.00000E+00   0.00000E+00   0.00000E+00  -6.92764E-24   0.00000E+00   0.00000E+00  -6.92764E-24   3.04886E-12   8.49594E-25   0.00000E+00   0.00000E+00   8.49594E-25   5.28719E-44  -1.51968E-34   0.00000E+00   0.00000E+00  -1.51968E-34
    1000   3.78298E+00   5.63199E-10   3.85639E-11   5.24501E-10   6.37742E-15   5.63193E-10   1.34359E-13  -2.20924E-10   2.11571E-14   2.09090E-19  -2.20946E-10   2.58717E-12   1.63897E-13   2.11571E-14   1.15026E-17   1.42728E-13   9.85044E-17   2.11520E-14   2.11571E-14   1.49469E-21  -5.18138E-18
    2000   7.56596E+00   1.22640E-09  -1.97186E-10   1.42335E-09   1.27548E-14   1.22639E-09   2.29509E-13   4.14777E-10   3.72076E-14   5.81246E-19   4.14740E-10   2.19517E-12  -1.08611E-13   3.72076E-14   9.79908E-18  -1.45828E-13   3.70232E-16   3.72005E-14   3.72076E-14   3.52034E-21  -7.07657E-18
    3000   1.13489E+01   2.11975E-09  -1.12181E-09   3.24130E-09   1.91323E-14   2.11973E-09   2.58021E-13  -1.66105E-10   4.61068E-14   6.10769E-19  -1.66151E-10   1.85349E-12   1.41024E-13   4.61068E-14   5.31783E-18   9.49117E-14   6.62290E-16   4.61023E-14   4.61068E-14   4.70772E-21  -4.50102E-18
    4000   1.51319E+01   3.64351E-09  -1.74062E-09   5.38390E-09   2.55097E-14   3.64349E-09   2.39001E-13  -2.31439E-10   4.56847E-14   5.49447E-19  -2.31484E-10   1.67641E-12  -2.60774E-14   4.56847E-14   4.55639E-18  -7.17668E-14   1.06005E-15   4.56554E-14   4.56847E-14   6.68754E-21  -2.93593E-17
    5000   1.89149E+01   4.78790E-09  -2.89001E-09   7.67768E-09   3.18871E-14   4.78787E-09   2.30042E-13  -3.18896E-10   3.88682E-14   5.62915E-19  -3.18935E-10   1.57453E-12   4.84534E-14   3.88682E-14   3.23689E-18   9.58199E-15   1.50703E-15   3.88514E-14   3.88682E-14   1.00955E-20  -1.67687E-17
    6000   2.26979E+01   3.78482E-09  -7.31745E-09   1.11020E-08   3.82645E-14   3.78478E-09   2.31037E-13   2.33342E-10   3.81413E-14   5.65822E-19   2.33304E-10   1.44594E-12   9.46298E-14   3.81413E-14   2.97967E-18   5.64855E-14   2.05538E-15   3.80827E-14   3.81413E-14   1.33785E-20  -5.87024E-17
    7000   2.64808E+01   6.47361E-09  -7.19449E-09   1.36679E-08   4.46420E-14   6.47357E-09   2.37732E-13  -8.12114E-10   3.51428E-14   5.57644E-19  -8.12149E-10   1.43265E-12  -1.07437E-13   3.51428E-14   2.69737E-18  -1.42583E-13   2.48116E-15   3.51534E-14   3.51428E-14   1.62940E-20   1.05793E-17
    8000   3.02638E+01   7.21068E-09  -9.21637E-09   1.64268E-08   5.10194E-14   7.21063E-09   2.43789E-13  -3.81611E-11   3.53734E-14   5.33526E-19  -3.81965E-11   1.57349E-12   5.33339E-14   3.53734E-14   2.55153E-18   1.79580E-14   3.11332E-15   3.53312E-14   3.53734E-14   1.86726E-20  -4.22097E-17
    9000   3.40468E+01   5.79641E-09  -1.44673E-08   2.02634E-08   5.73968E-14   5.79635E-09   2.43233E-13   4.64030E-10   3.56152E-14   5.24102E-19   4.63994E-10   1.96049E-12  -1.34782E-13   3.56152E-14   2.61558E-18  -1.70400E-13   4.03831E-15   3.57358E-14   3.56152E-14   2.50836E-20   1.20551E-16
   10000   3.78298E+01   9.19889E-09  -1.39320E-08   2.31307E-08   6.37742E-14   9.19883E-09   2.42926E-13  -9.37860E-10   3.68084E-14   5.32359E-19  -9.37897E-10   2.37091E-12  -6.68999E-15   3.68084E-14   2.86618E-18  -4.35013E-14   4.54010E-15   3.67058E-14   3.68084E-14   2.90536E-20  -1.02712E-16
   11000   4.16128E+01   1.50304E-08  -7.86877E-09   2.28989E-08   7.01516E-14   1.50303E-08   2.42678E-13  -1.59142E-09   4.15722E-14   5.29692E-19  -1.59146E-09   2.64986E-12   1.22432E-14   4.15722E-14   3.96528E-18  -2.93330E-14   5.24884E-15   4.16977E-14   4.15722E-14   3.64418E-20   1.25371E-16
   12000   4.53957E+01   1.33235E-08  -1.35775E-08   2.69008E-08   7.65291E-14   1.33234E-08   2.44112E-13   2.64292E-09   4.23585E-14   5.44331E-19   2.64288E-09   3.10254E-12  -1.64084E-13   4.23585E-14   4.15576E-18  -2.06447E-13   6.04239E-15   4.27603E-14   4.23585E-14   4.12335E-20   4.01800E-16
   13000   4.91787E+01   9.97858E-09  -2.18170E-08   3.17953E-08   8.29065E-14   9.97849E-09   2.44148E-13  -4.02344E-10   4.69711E-14   5.53754E-19  -4.02391E-10   3.76287E-12  -6.10197E-14   4.69711E-14   4.60867E-18  -1.07995E-13   6.67025E-15   4.71078E-14   4.69711E-14   4.70098E-20   1.36662E-16
   14000   5.29617E+01   1.61646E-08  -1.42522E-08   3.04165E-08   8.92839E-14   1.61645E-08   2.44201E-13  -2.74101E-09   5.18219E-14   5.70273E-19  -2.74106E-09   4.78276E-12  -2.42120E-13   5.18219E-14   5.68383E-18  -2.93947E-13   7.20901E-15   5.17468E-14   5.18219E-14   5.78088E-20  -7.51790E-17
   15000   5.67447E+01   1.71311E-08  -1.43385E-08   3.14693E-08   9.56613E-14   1.71310E-08   2.46642E-13   2.60794E-09   5.58946E-14   5.85079E-19   2.60788E-09   6.14630E-12  -2.15610E-13   5.58946E-14   6.79361E-18  -2.71511E-13   8.33313E-15   5.58822E-14   5.58946E-14   6.78755E-20  -1.24264E-17
   16000   6.05276E+01   1.15807E-08  -2.73865E-08   3.89670E-08   1.02039E-13   1.15806E-08   2.54411E-13   1.78387E-09   6.62680E-14   6.22063E-19   1.78380E-09   7.55911E-12  -1.65218E-13   6.62680E-14   9.08533E-18  -2.31495E-13   9.30248E-15   6.65690E-14   6.62680E-14   8.06661E-20   3.00904E-16
   17000   6.43106E+01   1.45480E-08  -2.44833E-08   3.90310E-08   1.08416E-13   1.45479E-08   2.62428E-13  -3.18338E-09   7.64948E-14   6.57776E-19  -3.18345E-09   9.36715E-12  -3.71943E-13   7.64948E-14   1.11830E-17  -4.48449E-13   9.64903E-15   7.62796E-14   7.64948E-14   9.63190E-20  -2.15288E-16
   18000   6.80936E+01   2.33319E-08  -1.15950E-08   3.49267E-08   1.14794E-13   2.33318E-08   2.68510E-13  -1.60364E-09   9.11343E-14   6.92197E-19  -1.60373E-09   1.18722E-11  -3.43803E-13   9.11343E-14   1.39582E-17  -4.34951E-13   1.12450E-14   9.10475E-14   9.11343E-14   1.22736E-19  -8.69729E-17
   19000   7.18766E+01   1.45921E-08  -2.70163E-08   4.16081E-08   1.21171E-13   1.45920E-08   2.70387E-13   5.67536E-09   1.10692E-13   7.26922E-19   5.67525E-09   1.53596E-11  -7.37505E-13   1.10692E-13   1.88567E-17  -8.48216E-13   1.22602E-14   1.10362E-13   1.10692E-13   1.39414E-19  -3.30285E-16
   20000   7.56596E+01   9.17841E-09  -3.93750E-08   4.85531E-08   1.27548E-13   9.17829E-09   2.69697E-13  -1.89480E-09   1.32769E-13   7.58338E-19  -1.89493E-09   1.99058E-11  -8.89166E-13   1.32769E-13   2.29810E-17  -1.02196E-12   1.42498E-14   1.32368E-13   1.32769E-13   1.70479E-19  -4.01301E-16
   21000   7.94425E+01   2.00426E-08  -2.15791E-08   4.16214E-08   1.33926E-13   2.00424E-08   2.71277E-13  -4.31280E-09   1.64867E-13   7.78272E-19  -4.31296E-09   2.50345E-11  -7.99032E-13   1.64867E-13   2.88441E-17  -9.63928E-13   1.63359E-14   1.63209E-13   1.64867E-13   2.08452E-19  -1.65801E-15
   22000   8.32255E+01   2.05021E-08  -2.20465E-08   4.25483E-08   1.40303E-13   2.05019E-08   2.75823E-13   2.32423E-09   2.03939E-13   8.14482E-19   2.32402E-09   3.13375E-11  -1.09008E-12   2.03939E-13   3.62984E-17  -1.29406E-12   1.80306E-14   2.03507E-13   2.03939E-13   2.73041E-19  -4.32354E-16
   23000   8.70085E+01   1.36424E-08  -3.82507E-08   5.18928E-08   1.46681E-13   1.36423E-08   2.78894E-13   5.58820E-09   2.53084E-13   8.48186E-19   5.58795E-09   3.97662E-11  -1.46010E-12   2.53084E-13   4.64136E-17  -1.71323E-12   2.14192E-14   2.51208E-13   2.53084E-13   3.44228E-19  -1.87611E-15
   24000   9.07915E+01   1.50886E-08  -4.11400E-08   5.62283E-08   1.53058E-13   1.50885E-08   2.80654E-13  -4.91339E-09   3.16231E-13   9.38086E-19  -4.91370E-09   5.09515E-11  -2.09527E-12   3.16231E-13   5.93649E-17  -2.41156E-12   2.65476E-14   3.15502E-13   3.16231E-13   4.11810E-19  -7.29005E-16
   25000   9.45744E+01   3.24897E-08  -1.26884E-08   4.51778E-08   1.59436E-13   3.24895E-08   2.80644E-13  -5.05285E-09   3.96135E-13   9.95541E-19  -5.05325E-09   6.50841E-11  -2.49974E-12   3.96135E-13   7.53403E-17  -2.89595E-12   3.05213E-14   3.96642E-13   3.96135E-13   5.06935E-19   5.07103E-16
   26000   9.83574E+01   2.72092E-08  -2.69828E-08   5.41917E-08   1.65813E-13   2.72090E-08   2.81857E-13   1.18971E-08   4.98057E-13   1.10764E-18   1.18966E-08   8.23207E-11  -2.96893E-12   4.98057E-13   9.60644E-17  -3.46709E-12   3.56600E-14   4.97573E-13   4.98057E-13   6.50116E-19  -4.84406E-16
   27000   1.02140E+02   1.42877E-08  -5.26082E-08   6.68956E-08   1.72190E-13   1.42875E-08   2.83870E-13  -3.75849E-09   6.26199E-13   1.14285E-18  -3.75911E-09   1.03393E-10  -3.78168E-12   6.26199E-13   1.22340E-16  -4.40800E-12   4.17482E-14   6.22089E-13   6.26199E-13   8.41744E-19  -4.11056E-15
   28000   1.05923E+02   3.18250E-08  -2.26108E-08   5.44355E-08   1.78568E-13   3.18249E-08   2.93606E-13  -8.15758E-09   7.90718E-13   1.33195E-18  -8.15837E-09   1.30594E-10  -5.13383E-12   7.90718E-13   1.53295E-16  -5.92470E-12   4.78066E-14   7.87967E-13   7.90718E-13   1.04952E-18  -2.75274E-15
   29000   1.09706E+02   3.59315E-08  -1.81618E-08   5.40930E-08   1.84945E-13   3.59313E-08   2.99428E-13   4.02230E-09   9.94062E-13   1.42288E-18   4.02130E-09   1.66370E-10  -6.66014E-12   9.94062E-13   1.92562E-16  -7.65439E-12   6.28915E-14   9.92437E-13   9.94062E-13   1.32257E-18  -1.62642E-15
   30000   1.13489E+02   3.36930E-08  -2.46965E-08   5.83892E-08   1.91323E-13   3.36929E-08   3.09107E-13   2.29045E-09   1.25645E-12   1.63923E-18   2.28919E-09   2.11376E-10  -7.75692E-12   1.25645E-12   2.43596E-16  -9.01362E-12   8.04145E-14   1.24396E-12   1.25645E-12   1.65132E-18  -1.24911E-14
   31000   1.17272E+02   3.12623E-08  -3.20554E-08   6.33174E-08   1.97701E-13   3.12621E-08   3.23103E-13  -1.46183E-09   1.58459E-12   1.82524E-18  -1.46341E-09   2.67125E-10  -9.88423E-12   1.58459E-12   3.11542E-16  -1.14691E-11   1.01677E-13   1.58061E-12   1.58459E-12   2.05139E-18  -3.98593E-15
   32000   1.21055E+02   4.47441E-08  -1.20074E-08   5.67511E-08   2.04080E-13   4.47439E-08   3.36541E-13  -8.84588E-09   1.99665E-12   2.04260E-18  -8.84788E-09   3.36870E-10  -1.26300E-11   1.99665E-12   3.95478E-16  -1.46270E-11   1.21470E-13   1.98468E-12   1.99665E-12   2.65048E-18  -1.19770E-14
   33000   1.24838E+02   5.41679E-08   1.21729E-09   5.29503E-08   2.10458E-13   5.41677E-08   3.53226E-13   5.25271E-09   2.52716E-12   2.44006E-18   5.25019E-09   4.27648E-10  -1.67360E-11   2.52716E-12   5.02306E-16  -1.92637E-11   1.53142E-13   2.52537E-12   2.52716E-12   3.33025E-18  -1.79359E-15
   34000   1.28621E+02   5.26049E-08  -5.98541E-09   5.85899E-08   2.16842E-13   5.26047E-08   3.76903E-13   1.45554E-09   3.20371E-12   2.75041E-18   1.45233E-09   5.45291E-10  -2.13379E-11   3.20371E-12   6.35200E-16  -2.45422E-11   1.93052E-13   3.18280E-12   3.20371E-12   4.13003E-18  -2.09171E-14
   35000   1.32404E+02   4.35997E-08  -1.84568E-08   6.20561E-08   2.23227E-13   4.35994E-08   4.14827E-13  -2.25171E-09   4.07035E-12   3.34570E-18  -2.25578E-09   6.93074E-10  -2.64046E-11   4.07035E-12   8.09968E-16  -3.04758E-11   2.51799E-13   4.02871E-12   4.07035E-12   5.42302E-18  -4.16484E-14
   36000   1.36187E+02   5.27073E-08  -6.54191E-09   5.92488E-08   2.29612E-13   5.27071E-08   4.70575E-13  -2.21136E-09   5.14623E-12   4.08952E-18  -2.21651E-09   8.78262E-10  -3.39128E-11   5.14623E-12   1.02232E-15  -3.90600E-11   3.75346E-13   5.13063E-12   5.14623E-12   6.72783E-18  -1.56045E-14
   37000   1.39970E+02   6.02835E-08   4.50362E-09   5.57794E-08   2.35995E-13   6.02833E-08   4.98895E-13   3.55076E-10   6.52768E-12   4.86268E-18   3.48549E-10   1.10468E-09  -3.87192E-11   6.52768E-12   1.28744E-15  -4.52481E-11   4.71548E-13   6.50424E-12   6.52768E-12   8.48830E-18  -2.34537E-14
   38000   1.43753E+02   6.15991E-08   7.94021E-09   5.36584E-08   2.42378E-13   6.15989E-08   5.55214E-13   2.96181E-09   8.26365E-12   6.27027E-18   2.95355E-09   1.39686E-09  -5.46730E-11   8.26365E-12   1.63703E-15  -6.29383E-11   5.30528E-13   8.23289E-12   8.26365E-12   1.04963E-17  -3.07742E-14
   39000   1.47536E+02   5.77447E-08  -1.05306E-08   6.82747E-08   2.48761E-13   5.77444E-08   6.13955E-13   8.61975E-09   1.04425E-11   7.34480E-18   8.60931E-09   1.77178E-09  -6.66309E-11   1.04425E-11   2.05910E-15  -7.70754E-11   6.13025E-13   1.04423E-11   1.04425E-11   1.37134E-17  -1.77235E-16
   40000   1.51319E+02   5.65365E-08  -1.23654E-08   6.89011E-08   2.55136E-13   5.65363E-08   7.47845E-13  -1.42235E-09   1.32548E-11   8.57738E-18  -1.43560E-09   2.23643E-09  -8.33700E-11   1.32548E-11   2.61939E-15  -9.66274E-11   7.38500E-13   1.31906E-11   1.32548E-11   1.69480E-17  -6.42419E-14
   41000   1.55102E+02   5.06355E-08  -2.73469E-08   7.79815E-08   2.61511E-13   5.06352E-08   8.73819E-13   8.72410E-09   1.67550E-11   1.12895E-17   8.70735E-09   2.83776E-09  -1.09055E-10   1.67550E-11   3.31134E-15  -1.25813E-10   9.34160E-13   1.66187E-11   1.67550E-11   2.22506E-17  -1.36344E-13
   42000   1.58885E+02   4.23724E-08  -4.79929E-08   9.03642E-08   2.67886E-13   4.23721E-08   1.11265E-12   5.64079E-09   2.11696E-11   1.32960E-17   5.61962E-09   3.59018E-09  -1.33880E-10   2.11696E-11   4.17385E-15  -1.55053E-10   1.18495E-12   2.11455E-11   2.11696E-11   2.67163E-17  -2.40875E-14
   43000   1.62668E+02   8.83168E-08   3.77349E-08   5.05806E-08   2.74261E-13   8.83165E-08   1.26980E-12  -5.62970E-08   2.68799E-11   1.65136E-17  -5.63239E-08   4.54591E-09  -1.74898E-10   2.68799E-11   5.31660E-15  -2.01783E-10   1.53616E-12   2.69499E-11   2.68799E-11   3.66375E-17   6.99948E-14
   44000   1.66451E+02   1.60093E-07   1.73972E-07  -1.38801E-08   2.80636E-13   1.60093E-07   1.53338E-12   3.94691E-08   3.40229E-11   2.17069E-17   3.94350E-08   5.77377E-09  -2.21493E-10   3.40229E-11   6.71568E-15  -2.55523E-10   1.86256E-12   3.37604E-11   3.40229E-11   4.20801E-17  -2.62501E-13
   45000   1.70234E+02   1.05620E-07   4.40536E-08   6.15644E-08   2.87009E-13   1.05620E-07   1.87045E-12   7.67161E-09   4.32070E-11   2.66917E-17   7.62840E-09   7.33903E-09  -2.81717E-10   4.32070E-11   8.57843E-15  -3.24933E-10   2.29121E-12   4.30690E-11   4.32070E-11   5.56824E-17  -1.38133E-13
   46000   1.74017E+02   9.23183E-08   1.43618E-08   7.79543E-08   2.93378E-13   9.23180E-08   2.23792E-12   2.17962E-08   5.47977E-11   3.47803E-17   2.17414E-08   9.32616E-09  -3.59875E-10   5.47977E-11   1.08595E-14  -4.14684E-10   2.78984E-12   5.45218E-11   5.47977E-11   6.87434E-17  -2.75961E-13
   47000   1.77800E+02   4.49305E-08  -7.89430E-08   1.23871E-07   2.99751E-13   4.49302E-08   2.99049E-12   1.16773E-09   6.96742E-11   4.56389E-17   1.09806E-09   1.18352E-08  -4.51664E-10   6.96742E-11   1.37860E-14  -5.21352E-10   3.75454E-12   6.94033E-11   6.96742E-11   8.86289E-17  -2.71022E-13
   48000   1.81583E+02   5.12591E-08  -7.48225E-08   1.26078E-07   3.06126E-13   5.12588E-08   3.86389E-12   6.02879E-09   8.83049E-11   5.71444E-17   5.94049E-09   1.50025E-08  -5.65390E-10   8.83049E-11   1.75024E-14  -6.53713E-10   4.89985E-12   8.75720E-11   8.83049E-11   1.12342E-16  -7.32957E-13
   49000   1.85366E+02   3.02354E-08  -1.14400E-07   1.44631E-07   3.12502E-13   3.02351E-08   5.15767E-12  -1.16629E-08   1.11951E-10   7.13518E-17  -1.17748E-08   1.89796E-08  -7.09197E-10   1.11951E-10   2.21699E-14  -8.21169E-10   6.16736E-12   1.11581E-10   1.11951E-10   1.40361E-16  -3.69258E-13
   50000   1.89149E+02   1.17197E-07   2.31238E-08   9.40683E-08   3.18876E-13   1.17197E-07   5.39547E-12  -1.85966E-08   1.42332E-10   9.08022E-17  -1.87389E-08   2.40378E-08  -9.23263E-10   1.42332E-10   2.80862E-14  -1.06562E-09   7.52772E-12   1.42996E-10   1.42332E-10   1.75913E-16   6.63806E-13
   51000   1.92932E+02   1.74119E-07   1.30171E-07   4.39407E-08   3.25244E-13   1.74119E-07   7.29040E-12  -3.51686E-08   1.80295E-10   1.16091E-16  -3.53489E-08   3.04434E-08  -1.15927E-09   1.80295E-10   3.55276E-14  -1.33960E-09   8.84699E-12   1.80098E-10   1.80295E-10   2.34159E-16  -1.97136E-13
   52000   1.96715E+02   9.42012E-08  -2.79835E-08   1.22176E-07   3.31613E-13   9.42009E-08   8.21030E-12   7.62330E-08   2.27726E-10   1.29612E-16   7.60052E-08   3.85866E-08  -1.48057E-09   2.27726E-10   4.51225E-14  -1.70834E-09   1.14256E-11   2.26745E-10   2.27726E-10   3.04121E-16  -9.80631E-13
   53000   2.00498E+02   2.14774E-07   1.99828E-07   1.49359E-08   3.37980E-13   2.14774E-07   1.07817E-11  -1.13190E-07   2.89463E-10   1.72148E-16  -1.13479E-07   4.89027E-08  -1.85177E-09   2.89463E-10   5.71443E-14  -2.14129E-09   1.48322E-11   2.88421E-10   2.89463E-10   3.73701E-16  -1.04265E-12
   54000   2.04281E+02   2.19185E-07   1.72669E-07   4.65035E-08   3.44343E-13   2.19185E-07   1.31614E-11   6.74125E-08   3.66710E-10   2.05653E-16   6.70458E-08   6.20619E-08  -2.41707E-09   3.66710E-10   7.26597E-14  -2.78385E-09   1.81743E-11   3.65419E-10   3.66710E-10   4.57078E-16  -1.29198E-12
   55000   2.08064E+02   1.99217E-07   1.39077E-07   6.01238E-08   3.50705E-13   1.99217E-07   1.64387E-11  -7.65527E-08   4.65022E-10   2.47701E-16  -7.70178E-08   7.87297E-08  -3.01946E-09   4.65022E-10   9.18429E-14  -3.48457E-09   2.41728E-11   4.63698E-10   4.65022E-10   5.71484E-16  -1.32482E-12
   56000   2.11847E+02   2.82586E-07   2.61756E-07   2.08079E-08   3.57077E-13   2.82585E-07   2.21730E-11   8.82513E-08   5.88944E-10   3.48872E-16   8.76623E-08   9.98952E-08  -3.81569E-09   5.88944E-10   1.16671E-13  -4.40475E-09   3.11861E-11   5.85863E-10   5.88944E-10   7.85537E-16  -3.08145E-12
   57000   2.15630E+02   1.33163E-07   1.71533E-08   1.15983E-07   3.57427E-13   1.33163E-07   2.70030E-11   3.95910E-08   7.45461E-10   4.37016E-16   3.88455E-08   1.26829E-07  -4.85110E-09   7.45461E-10   1.47559E-13  -5.59671E-09   4.21039E-11   7.44165E-10   7.45461E-10   9.41176E-16  -1.29698E-12
   58000   2.19413E+02   3.39962E-07   3.67829E-07  -2.78990E-08   3.57770E-13   3.39962E-07   3.26649E-11  -2.63224E-07   9.48862E-10   5.82703E-16  -2.64173E-07   1.61029E-07  -6.19762E-09   9.48862E-10   1.87527E-13  -7.14667E-09   5.20271E-11   9.38250E-10   9.48862E-10   1.23620E-15  -1.06133E-11
   59000   2.23196E+02   5.44371E-07   7.45136E-07  -2.00803E-07   3.58116E-13   5.44371E-07   3.82368E-11   2.40594E-07   1.20084E-09   7.32839E-16   2.39393E-07   2.04165E-07  -7.80665E-09   1.20084E-09   2.36983E-13  -9.00773E-09   6.37734E-11   1.19521E-09   1.20084E-09   1.51219E-15  -5.63392E-12
   60000   2.26979E+02   1.01224E-08  -3.03922E-07   3.13999E-07   3.64492E-13   1.01221E-08   4.61990E-11  -2.75213E-08   1.52373E-09   8.58849E-16  -2.90450E-08   2.58577E-07  -9.72370E-09   1.52373E-09   3.01302E-13  -1.12477E-08   8.37729E-11   1.52455E-09   1.52373E-09   1.96415E-15   8.18827E-13
   61000   2.30762E+02   3.94285E-07   5.23511E-07  -1.29286E-07   3.70864E-13   3.94285E-07   6.05703E-11   2.94508E-08   1.93724E-09   1.12161E-15   2.75136E-08   3.27562E-07  -1.25419E-08   1.93724E-09   3.81317E-13  -1.44795E-08   1.02927E-10   1.93573E-09   1.93724E-09   2.54372E-15  -1.51613E-12
   62000   2.34545E+02   7.78802E-08  -4.76905E-08   1.25498E-07   3.77244E-13   7.78798E-08   7.31630E-11  -8.50481E-08   2.45557E-09   1.45622E-15  -8.75037E-08   4.15619E-07  -1.56572E-08   2.45557E-09   4.85232E-13  -1.81133E-08   1.35287E-10   2.42083E-09   2.45557E-09   3.19237E-15  -3.47386E-11
   63000   2.38328E+02   7.31475E-07   1.17693E-06  -4.45561E-07   3.83628E-13   7.31474E-07   1.08581E-10  -2.61596E-07   3.11935E-09   1.79194E-15  -2.64715E-07   5.27477E-07  -2.04383E-08   3.11935E-09   6.15435E-13  -2.35583E-08   1.70979E-10   3.07623E-09   3.11935E-09   3.90985E-15  -4.31172E-11
   64000   2.42111E+02   8.23811E-07   1.30836E-06  -4.84690E-07   3.89832E-13   8.23811E-07   1.40795E-10   2.56926E-07   3.94135E-09   2.25470E-15   2.52984E-07   6.68276E-07  -2.52882E-08   3.94135E-09   7.79829E-13  -2.92304E-08   2.26153E-10   3.93839E-09   3.94135E-09   4.99914E-15  -2.96611E-12
   65000   2.45894E+02   3.15821E-07   4.53612E-07  -1.37958E-07   3.96038E-13   3.15821E-07   1.67147E-10   1.82167E-08   5.00360E-09   2.83528E-15   1.32131E-08   8.47871E-07  -3.26717E-08   5.00360E-09   9.89510E-13  -3.76763E-08   2.89175E-10   5.00062E-09   5.00360E-09   6.35775E-15  -2.98847E-12
   66000   2.49677E+02   7.73899E-08  -3.36360E-08   1.10816E-07   4.02246E-13   7.73895E-08   2.09437E-10   2.88785E-07   6.33043E-09   3.72425E-15   2.82455E-07   1.07595E-06  -4.08243E-08   6.33043E-09   1.24758E-12  -4.71560E-08   3.60557E-10   6.33194E-09   6.33043E-09   8.11908E-15   1.49700E-12
   67000   2.53460E+02  -1.22953E-07  -5.92962E-07   4.69717E-07   4.08453E-13  -1.22954E-07   2.91934E-10  -3.39451E-07   8.05258E-09   4.45255E-15  -3.47504E-07   1.36381E-06  -5.20122E-08   8.05258E-09   1.59703E-12  -6.00664E-08   4.48089E-10   8.05556E-09   8.05258E-09   1.06483E-14   2.97606E-12
   68000   2.57242E+02   1.14160E-06   1.59421E-06  -4.52995E-07   4.14660E-13   1.14160E-06   3.85833E-10  -2.69578E-07   1.02278E-08   6.00251E-15  -2.79806E-07   1.73540E-06  -6.81275E-08   1.02278E-08   2.02855E-12  -7.83574E-08   5.46560E-10   1.02190E-08   1.02278E-08   1.30717E-14  -8.83539E-12
   69000   2.61025E+02   6.18479E-07   7.04420E-07  -8.64572E-08   4.20866E-13   6.18479E-07   5.16628E-10   6.51814E-07   1.29244E-08   7.89369E-15   6.38890E-07   2.20765E-06  -8.49350E-08   1.29244E-08   2.56501E-12  -9.78620E-08   6.70157E-10   1.29764E-08   1.29244E-08   1.68844E-14   5.19767E-11
   70000   2.64808E+02  -4.49907E-07  -1.40837E-06   9.57821E-07   4.27063E-13  -4.49908E-07   6.45025E-10  -1.11022E-07   1.65315E-08   1.01937E-14  -1.27553E-07   2.80971E-06  -1.06822E-07   1.65315E-08   3.28442E-12  -1.23356E-07   8.77070E-10   1.64854E-08   1.65315E-08   2.17953E-14  -4.61340E-11
   71000   2.68591E+02   4.67088E-07   1.11089E-07   3.55163E-07   4.33256E-13   4.67088E-07   8.36173E-10  -2.04126E-07   2.09741E-08   1.26738E-14  -2.25100E-07   3.57676E-06  -1.42134E-07   2.09741E-08   4.16543E-12  -1.63112E-07   1.11819E-09   2.11759E-08   2.09741E-08   2.82491E-14   2.01776E-10
   72000   2.72374E+02  -1.49505E-07  -1.08005E-06   9.29557E-07   4.39443E-13  -1.49505E-07   9.89650E-10   2.02597E-07   2.67852E-08   1.60004E-14   1.75812E-07   4.55985E-06  -1.72232E-07   2.67852E-08   5.31277E-12  -1.99023E-07   1.41448E-09   2.65994E-08   2.67852E-08   3.35361E-14  -1.85801E-10
   73000   2.76157E+02   3.56203E-07  -4.13637E-07   7.68534E-07   4.45440E-13   3.56203E-07   1.30609E-09   5.42749E-07   3.42045E-08   2.06447E-14   5.08545E-07   5.80067E-06  -2.23202E-07   3.42045E-08   6.78072E-12  -2.57414E-07   1.89666E-09   3.42486E-08   3.42045E-08   4.21725E-14   4.40469E-11
   74000   2.79940E+02  -1.73841E-06  -4.57787E-06   2.83778E-06   4.51432E-13  -1.73841E-06   1.68122E-09   5.37549E-07   4.32251E-08   2.60621E-14   4.94324E-07   7.37234E-06  -2.89114E-07   4.32251E-08   8.59812E-12  -3.32348E-07   2.40273E-09   4.28478E-08   4.32251E-08   5.77661E-14  -3.77322E-10
   75000   2.83723E+02   7.21372E-07   3.43037E-07   3.76152E-07   4.57411E-13   7.21371E-07   2.18164E-09  -1.68180E-06   5.51322E-08   3.40188E-14  -1.73693E-06   9.35321E-06  -3.52605E-07   5.51322E-08   1.09082E-11  -4.07748E-07   2.89421E-09   5.47017E-08   5.51322E-08   6.99443E-14  -4.30565E-10
   76000   2.87506E+02   2.42564E-07  -6.73102E-07   9.12673E-07   4.63384E-13   2.42564E-07   2.99307E-09   1.66925E-06   7.00205E-08   3.92208E-14   1.59923E-06   1.18527E-05  -4.58090E-07   7.00205E-08   1.38632E-11  -5.28124E-07   3.79278E-09   6.96435E-08   7.00205E-08   9.34474E-14  -3.77067E-10
   77000   2.91289E+02  -1.48248E-06  -4.48077E-06   2.99431E-06   4.70056E-13  -1.48248E-06   3.98950E-09   2.66848E-07   8.87636E-08   5.45326E-14   1.78084E-07   1.50902E-05  -5.81388E-07   8.87636E-08   1.75388E-11  -6.70169E-07   5.08440E-09   8.85526E-08   8.87636E-08   1.20907E-13  -2.11173E-10
   78000   2.95072E+02  -2.29709E-06  -5.57847E-06   3.27623E-06   4.76722E-13  -2.29709E-06   5.14593E-09   1.12522E-07   1.12481E-07   6.61349E-14   4.07653E-11   1.90971E-05  -7.16207E-07   1.12481E-07   2.23103E-11  -8.28711E-07   6.58248E-09   1.11585E-07   1.12481E-07   1.47677E-13  -8.96750E-10
   79000   2.98855E+02   5.68067E-08  -1.48184E-06   1.53168E-06   4.83376E-13   5.68062E-08   6.96962E-09  -1.48416E-06   1.43008E-07   8.62189E-14  -1.62717E-06   2.42122E-05  -9.28672E-07   1.43008E-07   2.83422E-11  -1.07171E-06   8.39011E-09   1.42934E-07   1.43008E-07   1.81316E-13  -7.47111E-11
   80000   3.02638E+02  -3.15968E-07  -2.73591E-06   2.41037E-06   4.89660E-13  -3.15968E-07   9.57161E-09   2.41377E-06   1.80649E-07   1.18082E-13   2.23312E-06   3.06954E-05  -1.18028E-06   1.80649E-07   3.58166E-11  -1.36096E-06   1.05462E-08   1.80114E-07   1.80649E-07   2.35275E-13  -5.34845E-10
   81000   3.06421E+02   6.50762E-07  -8.89519E-07   1.52766E-06   4.95910E-13   6.50762E-07   1.26235E-08  -1.58201E-06   2.30324E-07   1.38665E-13  -1.81234E-06   3.89979E-05  -1.48233E-06   2.30324E-07   4.55576E-11  -1.71270E-06   1.40990E-08   2.29379E-07   2.30324E-07   2.93416E-13  -9.45645E-10
   82000   3.10204E+02  -3.96244E-06  -9.21176E-06   5.23049E-06   5.02146E-13  -3.96244E-06   1.88293E-08   2.89101E-06   2.90822E-07   1.80058E-13   2.60019E-06   4.93599E-05  -1.86754E-06   2.90822E-07   5.74628E-11  -2.15842E-06   2.06940E-08   2.84540E-07   2.90822E-07   4.07725E-13  -6.28247E-09
   83000   3.13987E+02  -3.73290E-06  -1.05205E-05   6.76210E-06   5.08180E-13  -3.73290E-06   2.54775E-08   1.00311E-06   3.67755E-07   2.36298E-13   6.35357E-07   6.25050E-05  -2.38830E-06   3.67755E-07   7.29865E-11  -2.75612E-06   2.81592E-08   3.65264E-07   3.67755E-07   4.83605E-13  -2.49112E-09
   84000   3.17770E+02  -5.17009E-06  -1.44678E-05   9.26066E-06   5.14383E-13  -5.17009E-06   3.70838E-08   1.39146E-06   4.66333E-07   2.97309E-13   9.25128E-07   7.91771E-05  -3.00015E-06   4.66333E-07   9.25542E-11  -3.46658E-06   3.76224E-08   4.63997E-07   4.66333E-07   6.29092E-13  -2.33632E-09
   85000   3.21553E+02  -6.68081E-06  -1.86325E-05   1.18990E-05   5.20216E-13  -6.68081E-06   5.26601E-08   4.51089E-06   5.91332E-07   3.86082E-13   3.91955E-06   1.00339E-04  -3.82909E-06   5.91332E-07   1.16793E-10  -4.42054E-06   4.69920E-08   5.90861E-07   5.91332E-07   7.78821E-13  -4.71548E-10
   86000   3.25336E+02  -7.48428E-06  -1.98520E-05   1.22877E-05   5.26024E-13  -7.48428E-06   7.99657E-08  -2.46924E-06   7.50616E-07   4.65177E-13  -3.21986E-06   1.27273E-04  -4.79087E-06   7.50616E-07   1.48627E-10  -5.54163E-06   6.22070E-08   7.47308E-07   7.50616E-07   9.71333E-13  -3.30933E-09
   87000   3.29119E+02  -1.09130E-05  -2.76838E-05   1.66581E-05   5.32158E-13  -1.09130E-05   1.12646E-07   6.42196E-06   9.51493E-07   6.28884E-13   5.47047E-06   1.60951E-04  -6.07289E-06   9.51493E-07   1.87111E-10  -7.02457E-06   8.77410E-08   9.43462E-07   9.51493E-07   1.29285E-12  -8.03211E-09
   88000   3.32902E+02  -1.64665E-05  -4.14171E-05   2.47732E-05   5.38281E-13  -1.64665E-05   1.77425E-07   7.58120E-06   1.20066E-06   8.16728E-13   6.38054E-06   2.03090E-04  -7.54554E-06   1.20066E-06   2.37963E-10  -8.74643E-06   1.24511E-07   1.18943E-06   1.20066E-06   1.62477E-12  -1.12275E-08
   89000   3.36685E+02  -2.81647E-05  -6.54882E-05   3.70460E-05   5.44201E-13  -2.81647E-05   2.77519E-07  -2.16909E-06   1.51741E-06   1.04085E-12  -3.68650E-06   2.57093E-04  -9.83110E-06   1.51741E-06   3.00391E-10  -1.13488E-05   1.83427E-07   1.49520E-06   1.51741E-06   2.17458E-12  -2.22107E-08
   90000   3.40468E+02  -1.65743E-05  -4.51154E-05   2.81157E-05   5.47258E-13  -1.65743E-05   4.25383E-07   2.65996E-06   1.91757E-06   1.36482E-12   7.42392E-07   3.25731E-04  -1.25230E-05   1.91757E-06   3.79402E-10  -1.44410E-05   2.65818E-07   1.89944E-06   1.91757E-06   2.72881E-12  -1.81327E-08
   91000   3.44251E+02  -3.61769E-05  -9.03793E-05   5.35590E-05   5.52957E-13  -3.61769E-05   6.43376E-07   1.16119E-05   2.43201E-06   1.74928E-12   9.17988E-06   4.12500E-04  -1.55686E-05   2.43201E-06   4.81035E-10  -1.80011E-05   3.78326E-07   2.40329E-06   2.43201E-06   3.37502E-12  -2.87192E-08
   92000   3.48034E+02  -3.19828E-05  -8.51757E-05   5.22072E-05   5.58976E-13  -3.19828E-05   9.85664E-07  -5.48450E-06   3.06625E-06   2.48528E-12  -8.55075E-06   5.21822E-04  -1.97670E-05   3.06625E-06   6.09094E-10  -2.28339E-05   5.50881E-07   3.00333E-06   3.06625E-06   4.38985E-12  -6.29178E-08
   93000   3.51817E+02  -4.27647E-05  -1.16395E-04   7.20618E-05   5.64612E-13  -4.27647E-05   1.56871E-06   2.14850E-05   3.89173E-06   3.20226E-12   1.75932E-05   6.58593E-04  -2.41452E-05   3.89173E-06   7.67107E-10  -2.80377E-05   8.23265E-07   3.78702E-06   3.89173E-06   5.61688E-12  -1.04719E-07
   94000   3.55600E+02  -5.39681E-05  -1.49712E-04   9.32584E-05   5.61013E-13  -5.39681E-05   2.48594E-06   2.69985E-06   4.91099E-06   4.89868E-12  -2.21115E-06   8.30661E-04  -3.16378E-05   4.91099E-06   9.71443E-10  -3.65497E-05   1.25500E-06   4.78345E-06   4.91099E-06   7.58535E-12  -1.27549E-07
   95000   3.59383E+02  -4.05662E-05  -1.36416E-04   9.19859E-05   5.57582E-13  -4.05662E-05   3.86395E-06   5.94274E-06   6.19189E-06   6.32725E-12  -2.49162E-07   1.04564E-03  -3.87782E-05   6.19189E-06   1.22019E-09  -4.49713E-05   1.93232E-06   5.96545E-06   6.19189E-06   9.71183E-12  -2.26456E-07
   96000   3.63166E+02  -7.16940E-05  -2.11925E-04   1.34195E-04   5.54642E-13  -7.16940E-05   6.03595E-06   3.63693E-05   7.81423E-06   8.60843E-12   2.85550E-05   1.31573E-03  -4.78910E-05   7.81423E-06   1.54064E-09  -5.57068E-05   2.94506E-06   7.44274E-06   7.81423E-06   1.30020E-11  -3.71504E-07
   97000   3.66949E+02  -8.87986E-05  -2.78278E-04   1.80101E-04   5.51329E-13  -8.87986E-05   9.37832E-06   2.09740E-05   9.80285E-06   1.26163E-11   1.11711E-05   1.65150E-03  -6.11073E-05   9.80285E-06   1.92760E-09  -7.09121E-05   4.38198E-06   9.28076E-06   9.80285E-06   1.68110E-11  -5.22106E-07
   98000   3.70732E+02  -8.31200E-05  -3.05165E-04   2.07487E-04   5.39677E-13  -8.31200E-05   1.45584E-05   1.58960E-05   1.22992E-05   1.72926E-11   3.59684E-06   2.06825E-03  -7.42497E-05   1.22992E-05   2.41316E-09  -8.65513E-05   6.63405E-06   1.14683E-05   1.22992E-05   2.17568E-11  -8.30891E-07
   99000   3.74515E+02  -6.69277E-05  -3.16194E-04   2.26942E-04   5.29593E-13  -6.69277E-05   2.23240E-05   3.79839E-05   1.54321E-05   2.43647E-11   2.25517E-05   2.58078E-03  -9.07477E-05   1.54321E-05   3.03025E-09  -1.06183E-04   1.02788E-05   1.40695E-05   1.54321E-05   3.01965E-11  -1.36268E-06
  100000   3.78298E+02  -1.14161E-04  -4.66601E-04   3.17890E-04   5.16505E-13  -1.14161E-04   3.45502E-05   5.88015E-05   1.92400E-05   3.61954E-11   3.95614E-05   3.21821E-03  -1.16111E-04   1.92400E-05   3.76915E-09  -1.35354E-04   1.58444E-05   1.69900E-05   1.92400E-05   4.07312E-11  -2.25007E-06
  101000   3.82081E+02  -1.39990E-04  -5.84783E-04   3.92436E-04   5.08894E-13  -1.39990E-04   5.23573E-05   4.24638E-05   2.39122E-05   5.12612E-11   1.85516E-05   4.00596E-03  -1.37569E-04   2.39122E-05   4.68347E-09  -1.61486E-04   2.38659E-05   2.11019E-05   2.39122E-05   5.58837E-11  -2.81037E-06
  102000   3.85864E+02  -1.25672E-04  -6.69726E-04   4.64534E-04   4.96127E-13  -1.25672E-04   7.95206E-05   5.08947E-05   2.96733E-05   7.45125E-11   2.12213E-05   4.94566E-03  -1.64137E-04   2.96733E-05   5.79219E-09  -1.93816E-04   3.53517E-05   2.55132E-05   2.96733E-05   7.70280E-11  -4.16016E-06
  103000   3.89647E+02  -1.23526E-04  -8.13692E-04   5.73147E-04   4.83703E-13  -1.23526E-04   1.17019E-04   7.83664E-05   3.66309E-05   1.07141E-10   4.17354E-05   6.07786E-03  -1.98441E-04   3.66309E-05   7.11633E-09  -2.35079E-04   5.14701E-05   3.02514E-05   3.66309E-05   9.84383E-11  -6.37957E-06
  104000   3.93430E+02  -1.46602E-04  -1.03886E-03   7.18146E-04   4.70911E-13  -1.46602E-04   1.74107E-04   6.99018E-05   4.50054E-05   1.45851E-10   2.48963E-05   7.42830E-03  -2.34210E-04   4.50054E-05   8.65941E-09  -2.79224E-04   7.74108E-05   3.52265E-05   4.50054E-05   1.43601E-10  -9.77906E-06
  105000   3.97213E+02  -1.12314E-04  -1.22407E-03   8.61001E-04   4.57398E-13  -1.12314E-04   2.50752E-04   1.13663E-04   5.48779E-05   2.19082E-10   5.87849E-05   8.98079E-03  -2.70589E-04   5.48779E-05   1.04899E-08  -3.25477E-04   1.12848E-04   4.05288E-05   5.48779E-05   1.90790E-10  -1.43492E-05
  106000   4.00996E+02  -1.17560E-04  -1.58025E-03   1.10743E-03   4.43879E-13  -1.17560E-04   3.55261E-04   1.05616E-04   6.63604E-05   3.00856E-10   3.92550E-05   1.08047E-02  -3.08077E-04   6.63604E-05   1.26384E-08  -3.74450E-04   1.60946E-04   4.63251E-05   6.63604E-05   2.57702E-10  -2.00356E-05
  107000   4.04779E+02   8.10957E-06  -1.76781E-03   1.28460E-03   4.31047E-13   8.10957E-06   4.91316E-04   1.27659E-04   7.95610E-05   4.06053E-10   4.80977E-05   1.28675E-02  -3.52955E-04   7.95610E-05   1.50848E-08  -4.32531E-04   2.24906E-04   5.19920E-05   7.95610E-05   3.47754E-10  -2.75694E-05
  108000   4.08562E+02   1.37995E-05  -2.34668E-03   1.67691E-03   4.18021E-13   1.37995E-05   6.83569E-04   1.92844E-04   9.48441E-05   5.83130E-10   9.79993E-05   1.51769E-02  -3.90434E-04   9.48441E-05   1.77516E-08  -4.85296E-04   3.07646E-04   5.84536E-05   9.48441E-05   4.57660E-10  -3.63909E-05
  109000   4.12345E+02   2.55741E-04  -2.60923E-03   1.95520E-03   4.04980E-13   2.55741E-04   9.09771E-04   8.85576E-05   1.12118E-04   7.99488E-10  -2.35613E-05   1.76888E-02  -4.18999E-04   1.12118E-04   2.07543E-08  -5.31138E-04   4.06255E-04   6.19095E-05   1.12118E-04   6.09424E-10  -5.02091E-05
  110000   4.16128E+02   5.38442E-04  -2.94655E-03   2.27416E-03   3.90869E-13   5.38442E-04   1.21083E-03   1.54094E-04   1.31313E-04   1.05351E-09   2.27799E-05   2.04841E-02  -4.72913E-04   1.31313E-04   2.40509E-08  -6.04250E-04   5.33706E-04   6.62618E-05   1.31313E-04   7.83618E-10  -6.50524E-05
  111000   4.19911E+02   8.78622E-04  -3.35696E-03   2.67277E-03   3.88628E-13   8.78622E-04   1.56281E-03   1.76543E-04   1.52273E-04   1.38368E-09   2.42695E-05   2.34486E-02  -4.92191E-04   1.52273E-04   2.74302E-08  -6.44491E-04   6.91182E-04   6.81947E-05   1.52273E-04   1.00138E-09  -8.40789E-05
  112000   4.23693E+02   1.10095E-03  -4.19800E-03   3.32226E-03   3.94856E-13   1.10095E-03   1.97669E-03   2.90466E-04   1.75084E-04   1.76976E-09   1.15381E-04   2.66231E-02  -5.10794E-04   1.75084E-04   3.10553E-08  -6.85908E-04   8.55526E-04   7.48212E-05   1.75084E-04   1.27432E-09  -1.00264E-04
  113000   4.27476E+02   1.53718E-03  -4.77828E-03   3.86153E-03   3.97350E-13   1.53718E-03   2.45392E-03   9.15622E-05   1.98434E-04   2.26300E-09  -1.06874E-04   2.99727E-02  -5.80018E-04   1.98434E-04   3.50510E-08  -7.78487E-04   1.04907E-03   7.11742E-05   1.98434E-04   1.59667E-09  -1.27262E-04
  114000   4.31259E+02   2.16539E-03  -5.28604E-03   4.41915E-03   4.02474E-13   2.16539E-03   3.03228E-03   2.60123E-04   2.24110E-04   2.92373E-09   3.60095E-05   3.33491E-02  -5.74077E-04   2.24110E-04   3.86917E-08  -7.98226E-04   1.27646E-03   6.96557E-05   2.24110E-04   1.90054E-09  -1.54456E-04
  115000   4.35042E+02   2.71014E-03  -6.11837E-03   5.20019E-03   4.04739E-13   2.71014E-03   3.62832E-03   2.69756E-04   2.51220E-04   3.62287E-09   1.85324E-05   3.67552E-02  -5.38680E-04   2.51220E-04   4.25591E-08  -7.89943E-04   1.48759E-03   7.68770E-05   2.51220E-04   2.31101E-09  -1.74346E-04
  116000   4.38825E+02   3.29375E-03  -7.03111E-03   6.06430E-03   4.07154E-13   3.29375E-03   4.26056E-03   1.84727E-04   2.75735E-04   4.33532E-09  -9.10123E-05   3.99462E-02  -5.24216E-04   2.75735E-04   4.61730E-08  -7.99998E-04   1.70424E-03   6.67428E-05   2.75735E-04   2.59887E-09  -2.08995E-04
  117000   4.42608E+02   4.19566E-03  -7.60504E-03   6.85465E-03   3.97490E-13   4.19566E-03   4.94604E-03   3.27924E-04   3.03519E-04   5.18965E-09   2.43997E-05   4.30744E-02  -5.14770E-04   3.03519E-04   5.00073E-08  -8.18339E-04   1.92784E-03   7.24441E-05   3.03519E-04   3.03802E-09  -2.31078E-04
  118000   4.46391E+02   4.85154E-03  -8.61661E-03   7.86787E-03   3.99265E-13   4.85154E-03   5.60027E-03   2.81677E-04   3.27804E-04   6.02513E-09  -4.61328E-05   4.60918E-02  -5.59303E-04   3.27804E-04   5.27815E-08  -8.87159E-04   2.16316E-03   4.80867E-05   3.27804E-04   3.45994E-09  -2.79721E-04
  119000   4.50174E+02   5.59454E-03  -9.59176E-03   8.93138E-03   4.00240E-13   5.59454E-03   6.25492E-03   3.81002E-04   3.51032E-04   6.87940E-09   2.99640E-05   4.88288E-02  -4.44510E-04   3.51032E-04   5.58924E-08  -7.95598E-04   2.39260E-03   5.32187E-05   3.51032E-04   3.99622E-09  -2.97817E-04
  120000   4.53957E+02   6.34635E-03  -1.06726E-02   1.00907E-02   3.98270E-13   6.34635E-03   6.92821E-03   1.22864E-04   3.73556E-04   7.60091E-09  -2.50700E-04   5.15644E-02  -4.94031E-04   3.73556E-04   5.90537E-08  -8.67646E-04   2.57943E-03   5.40291E-05   3.73556E-04   4.19205E-09  -3.19531E-04
  121000   4.57740E+02   7.53573E-03  -1.11131E-02   1.10382E-02   3.96651E-13   7.53573E-03   7.61064E-03   1.90766E-04   3.95955E-04   8.58080E-09  -2.05198E-04   5.40749E-02  -3.49481E-04   3.95955E-04   6.12083E-08  -7.45498E-04   2.78331E-03   4.30831E-05   3.95955E-04   4.77933E-09  -3.52877E-04
  122000   4.61523E+02   8.43435E-03  -1.22232E-02   1.23801E-02   3.99096E-13   8.43435E-03   8.27748E-03   4.01633E-04   4.17245E-04   9.48890E-09  -1.56213E-05   5.62207E-02  -3.67745E-04   4.17245E-04   6.43408E-08  -7.85054E-04   3.00373E-03   4.17503E-05   4.17245E-04   5.25847E-09  -3.75500E-04
  123000   4.65306E+02   8.96502E-03  -1.38786E-02   1.39545E-02   4.07710E-13   8.96502E-03   8.88918E-03   2.65481E-04   4.33926E-04   1.01237E-08  -1.68455E-04   5.81001E-02  -3.23936E-04   4.33926E-04   6.56917E-08  -7.57928E-04   3.18932E-03   4.11268E-05   4.33926E-04   5.51148E-09  -3.92805E-04
  124000   4.69089E+02   1.03814E-02  -1.41900E-02   1.50425E-02   4.16329E-13   1.03814E-02   9.52889E-03  -3.10345E-05   4.52182E-04   1.10846E-08  -4.83228E-04   5.94810E-02  -1.85122E-04   4.52182E-04   6.77453E-08  -6.37372E-04   3.36273E-03   2.89157E-05   4.52182E-04   6.20737E-09  -4.23272E-04
  125000   4.72872E+02   1.14144E-02  -1.50068E-02   1.64338E-02   4.08962E-13   1.14144E-02   9.98736E-03   4.40562E-04   4.63148E-04   1.15392E-08  -2.25976E-05   6.07549E-02  -2.36358E-04   4.63148E-04   6.91940E-08  -6.99576E-04   3.54434E-03   2.86285E-05   4.63148E-04   6.47013E-09  -4.34526E-04
  126000   4.76655E+02   1.21653E-02  -1.63797E-02   1.81855E-02   4.07998E-13   1.21653E-02   1.03595E-02   1.27524E-04   4.72802E-04   1.19883E-08  -3.45290E-04   6.16373E-02  -1.39636E-04   4.72802E-04   7.03517E-08  -6.12508E-04   3.69564E-03   5.08730E-05   4.72802E-04   6.86349E-09  -4.21935E-04
  127000   4.80438E+02   1.34749E-02  -1.65032E-02   1.93224E-02   4.19349E-13   1.34749E-02   1.06557E-02   1.75849E-04   4.78602E-04   1.23244E-08  -3.02766E-04   6.23735E-02  -1.50992E-04   4.78602E-04   7.14341E-08  -6.29665E-04   3.78596E-03  -1.97394E-05   4.78602E-04   7.04828E-09  -4.98349E-04
  128000   4.84221E+02   1.43346E-02  -1.78752E-02   2.11125E-02   4.16968E-13   1.43346E-02   1.10972E-02   2.28427E-04   4.88911E-04   1.29837E-08  -2.60497E-04   6.28677E-02  -4.67387E-06   4.88911E-04   7.16253E-08  -4.93657E-04   3.86226E-03   1.70460E-05   4.88911E-04   7.27348E-09  -4.71873E-04
  129000   4.88004E+02   1.54983E-02  -1.82879E-02   2.25037E-02   4.28282E-13   1.54983E-02   1.12825E-02   1.92843E-05   4.91087E-04   1.31400E-08  -4.71815E-04   6.30321E-02  -2.02241E-07   4.91087E-04   7.28189E-08  -4.91362E-04   3.92796E-03   2.03377E-05   4.91087E-04   7.76333E-09  -4.70757E-04
  130000   4.91787E+02   1.59600E-02  -1.97976E-02   2.44060E-02   4.40888E-13   1.59600E-02   1.13516E-02   4.91244E-04   4.93297E-04   1.32084E-08  -2.06642E-06   6.32223E-02  -1.50715E-04   4.93297E-04   7.28836E-08  -6.44085E-04   3.92894E-03   6.98958E-05   4.93297E-04   7.77457E-09  -4.23409E-04
  131000   4.95570E+02   1.65057E-02  -2.10905E-02   2.61095E-02   4.54998E-13   1.65057E-02   1.14868E-02  -1.87800E-05   4.90313E-04   1.29773E-08  -5.09106E-04   6.34126E-02   3.30093E-05   4.90313E-04   7.27582E-08  -4.57376E-04   3.84353E-03   6.36340E-05   4.90313E-04   7.82707E-09  -4.26687E-04
  132000   4.99353E+02   1.77120E-02  -2.11386E-02   2.73805E-02   4.78991E-13   1.77120E-02   1.14701E-02   2.36069E-04   4.94724E-04   1.32090E-08  -2.58668E-04   6.34107E-02   3.05869E-05   4.94724E-04   7.38727E-08  -4.64211E-04   3.80481E-03   5.79068E-05   4.94724E-04   8.00702E-09  -4.36826E-04
  133000   5.03136E+02   1.81372E-02  -2.27777E-02   2.94110E-02   5.01047E-13   1.81372E-02   1.15039E-02   3.16173E-04   4.90599E-04   1.29419E-08  -1.74438E-04   6.29850E-02   8.68176E-05   4.90599E-04   7.26447E-08  -4.03854E-04   3.85275E-03   2.35328E-05   4.90599E-04   8.16105E-09  -4.67074E-04
  134000   5.06919E+02   1.86647E-02  -2.35617E-02   3.09874E-02   5.23347E-13   1.86647E-02   1.12390E-02  -1.30716E-04   4.84174E-04   1.24780E-08  -6.14902E-04   6.23429E-02   1.60346E-04   4.84174E-04   7.24339E-08  -3.23900E-04   3.77651E-03   9.84923E-05   4.84174E-04   8.13243E-09  -3.85690E-04
  135000   5.10702E+02   1.97391E-02  -2.35555E-02   3.21613E-02   5.40084E-13   1.97391E-02   1.11333E-02   2.68587E-04   4.81165E-04   1.20631E-08  -2.12590E-04   6.17226E-02   9.50119E-05   4.81165E-04   7.21102E-08  -3.86225E-04   3.62082E-03   7.98611E-05   4.81165E-04   7.82427E-09  -4.01312E-04
  136000   5.14485E+02   2.02713E-02  -2.47051E-02   3.39266E-02   5.45614E-13   2.02713E-02   1.10499E-02   1.49977E-04   4.69187E-04   1.19160E-08  -3.19222E-04   6.09300E-02   8.99164E-06   4.69187E-04   7.10038E-08  -4.60267E-04   3.50854E-03   1.17997E-04   4.69187E-04   7.37714E-09  -3.51197E-04
  137000   5.18268E+02   2.10749E-02  -2.50500E-02   3.53354E-02   5.83532E-13   2.10749E-02   1.07894E-02  -2.95494E-05   4.60597E-04   1.13691E-08  -4.90157E-04   5.97009E-02   3.08690E-04   4.60597E-04   6.99093E-08  -1.51977E-04   3.36454E-03   1.22223E-04   4.60597E-04   7.58415E-09  -3.38381E-04
  138000   5.22051E+02   2.18796E-02  -2.52879E-02   3.66466E-02   6.28951E-13   2.18796E-02   1.05209E-02   3.30814E-04   4.52868E-04   1.05562E-08  -1.22065E-04   5.82692E-02   1.67458E-04   4.52868E-04   6.91259E-08  -2.85480E-04   3.22358E-03   1.13836E-04   4.52868E-04   7.54306E-09  -3.39040E-04
  139000   5.25834E+02   2.20601E-02  -2.67799E-02   3.85861E-02   6.20703E-13   2.20601E-02   1.02539E-02   2.06972E-04   4.33692E-04   1.03242E-08  -2.26730E-04   5.66151E-02   2.55253E-04   4.33692E-04   6.65086E-08  -1.78506E-04   3.07884E-03   1.57973E-04   4.33692E-04   7.15346E-09  -2.75726E-04
  140000   5.29617E+02   2.29490E-02  -2.67420E-02   3.97891E-02   6.11282E-13   2.29490E-02   9.90193E-03  -1.15310E-04   4.27770E-04   9.78884E-09  -5.43089E-04   5.49254E-02   3.28191E-04   4.27770E-04   6.59843E-08  -9.96450E-05   2.83793E-03   1.43109E-04   4.27770E-04   6.96699E-09  -2.84667E-04
  141000   5.33400E+02   2.32653E-02  -2.82216E-02   4.16206E-02   6.40427E-13   2.32653E-02   9.86621E-03   3.96495E-04   4.09136E-04   9.56095E-09  -1.26504E-05   5.28956E-02   1.45213E-04   4.09136E-04   6.14423E-08  -2.63984E-04   2.70017E-03   1.72633E-04   4.09136E-04   6.55965E-09  -2.36509E-04
  142000   5.37183E+02   2.44386E-02  -2.77290E-02   4.26439E-02   6.52897E-13   2.44386E-02   9.52372E-03  -8.16217E-05   4.03872E-04   8.94589E-09  -4.85502E-04   5.05998E-02   6.48691E-04   4.03872E-04   6.12071E-08   2.44758E-04   2.48169E-03   1.81727E-04   4.03872E-04   6.26877E-09  -2.22151E-04
  143000   5.40966E+02   2.51387E-02  -2.75274E-02   4.36570E-02   6.79927E-13   2.51387E-02   9.00913E-03   1.86484E-04   3.85243E-04   8.62571E-09  -1.98768E-04   4.81897E-02   1.09731E-04   3.85243E-04   5.75439E-08  -2.75570E-04   2.38833E-03   1.27909E-04   3.85243E-04   6.00548E-09  -2.57340E-04
  144000   5.44749E+02   2.52135E-02  -2.92770E-02   4.56827E-02   6.72074E-13   2.52135E-02   8.80782E-03   3.30954E-04   3.65636E-04   7.76921E-09  -3.46897E-05   4.55101E-02   5.70062E-04   3.65636E-04   5.31809E-08   2.04373E-04   2.25744E-03   2.00630E-04   3.65636E-04   5.87173E-09  -1.65012E-04
  145000   5.48532E+02   2.65587E-02  -2.79000E-02   4.61983E-02   6.99605E-13   2.65587E-02   8.26040E-03  -5.51825E-04   3.57531E-04   7.27041E-09  -9.09363E-04   4.27453E-02   4.35348E-04   3.57531E-04   5.21283E-08   7.77646E-05   2.06453E-03   1.64940E-04   3.57531E-04   5.47403E-09  -1.92596E-04
  146000   5.52315E+02   2.74351E-02  -2.73053E-02   4.69356E-02   7.74091E-13   2.74351E-02   7.80482E-03   4.29521E-04   3.28488E-04   6.62289E-09   1.01027E-04   3.98096E-02   2.59727E-04   3.28488E-04   4.65533E-08  -6.88071E-05   1.92846E-03   1.58230E-04   3.28488E-04   5.05112E-09  -1.70263E-04
  147000   5.56098E+02   2.68503E-02  -2.94654E-02   4.89281E-02   8.81172E-13   2.68503E-02   7.38768E-03   1.29763E-04   3.16703E-04   5.64770E-09  -1.86946E-04   3.68682E-02   7.94157E-04   3.16703E-04   4.48268E-08   4.77408E-04   1.65423E-03   2.03487E-04   3.16703E-04   4.64149E-09  -1.13221E-04
  148000   5.59881E+02   2.78662E-02  -2.78582E-02   4.90180E-02   9.42281E-13   2.78662E-02   6.70638E-03  -3.13462E-04   2.94652E-04   5.23343E-09  -6.08119E-04   3.37315E-02   8.16153E-05   2.94652E-04   4.15919E-08  -2.13078E-04   1.55001E-03   1.54417E-04   2.94652E-04   4.28540E-09  -1.40239E-04
  149000   5.63664E+02   2.79657E-02  -2.85217E-02   5.00614E-02   9.49037E-13   2.79657E-02   6.42600E-03   7.08625E-04   2.65827E-04   4.63009E-09   4.42794E-04   3.06873E-02   5.83540E-04   2.65827E-04   3.62922E-08   3.17677E-04   1.39624E-03   1.98249E-04   2.65827E-04   4.01388E-09  -6.75812E-05
  150000   5.67447E+02   2.77722E-02  -2.93529E-02   5.13197E-02   9.77384E-13   2.77722E-02   5.80543E-03  -3.15086E-04   2.56795E-04   3.99404E-09  -5.71885E-04   2.78744E-02   4.65337E-04   2.56795E-04   3.54982E-08   2.08506E-04   1.20881E-03   1.53357E-04   2.56795E-04   3.74858E-09  -1.03442E-04
  151000   5.71230E+02   2.86829E-02  -2.79333E-02   5.12097E-02   9.66495E-13   2.86829E-02   5.40651E-03   9.41545E-05   2.26304E-04   3.71387E-09  -1.32153E-04   2.48145E-02   2.22576E-04   2.26304E-04   2.96109E-08  -3.75796E-06   1.10174E-03   1.79798E-04   2.26304E-04   3.34458E-09  -4.65092E-05
  152000   5.75013E+02   2.84558E-02  -2.87196E-02   5.22002E-02   8.51834E-13   2.84558E-02   4.97519E-03   2.15689E-04   2.10173E-04   3.04656E-09   5.51348E-06   2.21278E-02   6.42209E-04   2.10173E-04   2.76999E-08   4.32008E-04   8.59393E-04   1.78604E-04   2.10173E-04   3.09548E-09  -3.15715E-05
  153000   5.78796E+02   2.86532E-02  -2.83652E-02   5.25478E-02   7.06605E-13   2.86532E-02   4.47073E-03  -1.60234E-04   1.93506E-04   2.85840E-09  -3.53744E-04   1.93885E-02   1.20333E-04   1.93506E-04   2.51482E-08  -7.31987E-05   7.47794E-04   1.35772E-04   1.93506E-04   2.85968E-09  -5.77372E-05
  154000   5.82579E+02   2.88866E-02  -2.80275E-02   5.27883E-02   4.97908E-13   2.88866E-02   4.12584E-03   2.21727E-04   1.63573E-04   2.27204E-09   5.81516E-05   1.69397E-02   3.61300E-04   1.63573E-04   2.07703E-08   1.97706E-04   6.37346E-04   1.58986E-04   1.63573E-04   2.60452E-09  -4.59019E-06
  155000   5.86362E+02   2.86414E-02  -2.86507E-02   5.36024E-02   2.87989E-13   2.86414E-02   3.68968E-03   4.18393E-04   1.55705E-04   1.92206E-09   2.62687E-04   1.48889E-02   3.48536E-04   1.55705E-04   2.01491E-08   1.92811E-04   4.80681E-04   1.15607E-04   1.55705E-04   2.39340E-09  -4.01001E-05
  156000   5.90145E+02   2.86174E-02  -2.88995E-02   5.41335E-02   4.71544E-14   2.86174E-02   3.38330E-03  -2.12561E-04   1.29760E-04   1.71075E-09  -3.42323E-04   1.30468E-02   8.21315E-06   1.29760E-04   1.69339E-08  -1.21563E-04   4.32595E-04   1.09740E-04   1.29760E-04   2.42172E-09  -2.00220E-05
  157000   5.93927E+02   2.90763E-02  -2.80175E-02   5.40590E-02  -1.21552E-13   2.90763E-02   3.03485E-03   2.07703E-04   1.16248E-04   1.40103E-09   9.14537E-05   1.16159E-02   2.58401E-04   1.16248E-04   1.55511E-08   1.42138E-04   3.28193E-04   1.11816E-04   1.16248E-04   2.11008E-09  -4.43334E-06
  158000   5.97710E+02   2.86175E-02  -2.88909E-02   5.47274E-02  -2.62271E-13   2.86175E-02   2.78102E-03   2.54000E-04   1.07480E-04   1.28653E-09   1.46519E-04   1.06021E-02  -1.08990E-05   1.07480E-04   1.47039E-08  -1.18394E-04   2.62461E-04   9.32506E-05   1.07480E-04   2.09207E-09  -1.42315E-05
  159000   6.01493E+02   2.88236E-02  -2.88369E-02   5.50275E-02  -3.42829E-13   2.88236E-02   2.63295E-03  -5.48471E-06   9.05965E-05   1.19248E-09  -9.60824E-05   9.73214E-03   4.40872E-05   9.05965E-05   1.31888E-08  -4.65225E-05   2.07345E-04   8.40220E-05   9.05965E-05   1.99556E-09  -6.57649E-06
  160000   6.05276E+02   2.92575E-02  -2.81062E-02   5.49716E-02  -4.57122E-13   2.92575E-02   2.39213E-03  -8.39911E-05   8.88943E-05   1.16389E-09  -1.72886E-04   9.39895E-03  -3.17858E-05   8.88943E-05   1.32450E-08  -1.20693E-04   1.65586E-04   7.54306E-05   8.88943E-05   1.94955E-09  -1.34657E-05
  161000   6.09059E+02   2.89059E-02  -2.91488E-02   5.56987E-02  -5.10888E-13   2.89059E-02   2.35603E-03   5.27950E-04   8.11037E-05   1.11008E-09   4.46845E-04   9.10599E-03  -7.12147E-05   8.11037E-05   1.22262E-08  -1.52331E-04   1.58340E-04   6.78942E-05   8.11037E-05   1.89993E-09  -1.32114E-05
  162000   6.12842E+02   2.90852E-02  -2.91607E-02   5.59726E-02  -5.14285E-13   2.90852E-02   2.27328E-03  -4.49035E-04   7.96993E-05   1.13904E-09  -5.28735E-04   9.01829E-03  -1.19345E-05   7.96993E-05   1.27761E-08  -9.16466E-05   1.44069E-04   8.42394E-05   7.96993E-05   1.85679E-09   4.53832E-06
  163000   6.16625E+02   2.96270E-02  -2.82786E-02   5.57764E-02  -4.78171E-13   2.96270E-02   2.12916E-03   4.63193E-04   7.93748E-05   1.19430E-09   3.83817E-04   9.16008E-03  -1.08953E-04   7.93748E-05   1.28789E-08  -1.88341E-04   1.43286E-04   8.03635E-05   7.93748E-05   1.92202E-09   9.86733E-07
  164000   6.20408E+02   2.92604E-02  -2.97157E-02   5.67507E-02  -5.18976E-13   2.92604E-02   2.22538E-03  -6.75968E-05   7.81496E-05   1.20453E-09  -1.45748E-04   9.30490E-03  -4.06738E-05   7.81496E-05   1.28414E-08  -1.18836E-04   1.44919E-04   7.43616E-05   7.81496E-05   1.82077E-09  -3.78980E-06
  165000   6.24191E+02   2.96329E-02  -2.92916E-02   5.68103E-02  -4.71294E-13   2.96329E-02   2.11419E-03   3.22509E-04   7.88263E-05   1.25646E-09   2.43682E-04   9.58483E-03  -1.33615E-04   7.88263E-05   1.32185E-08  -2.12455E-04   1.47136E-04   5.34257E-05   7.88263E-05   2.00058E-09  -2.54026E-05
  166000   6.27974E+02   2.97651E-02  -2.96622E-02   5.72421E-02  -4.37460E-13   2.97651E-02   2.18523E-03  -4.35826E-05   8.10199E-05   1.20253E-09  -1.24604E-04   9.90293E-03  -7.82432E-05   8.10199E-05   1.34933E-08  -1.59277E-04   1.56640E-04   7.88703E-05   8.10199E-05   1.87359E-09  -2.15141E-06
  167000   6.31757E+02   3.01607E-02  -2.93498E-02   5.74048E-02  -3.90178E-13   3.01607E-02   2.10566E-03   3.87894E-05   8.11220E-05   1.15813E-09  -4.23337E-05   1.00720E-02  -6.59277E-05   8.11220E-05   1.37597E-08  -1.47063E-04   1.56549E-04   7.08220E-05   8.11220E-05   1.82115E-09  -1.03018E-05
  168000   6.35540E+02   3.04182E-02  -2.93387E-02   5.77172E-02  -3.94545E-13   3.04182E-02   2.03964E-03   2.22338E-04   8.28403E-05   1.09279E-09   1.39496E-04   1.00783E-02  -2.90746E-05   8.28403E-05   1.35916E-08  -1.11929E-04   1.45671E-04   6.92864E-05   8.28403E-05   1.89382E-09  -1.35558E-05
  169000   6.39323E+02   3.03090E-02  -3.02072E-02   5.84436E-02  -4.51050E-13   3.03090E-02   2.07259E-03   8.85589E-06   8.47541E-05   1.04445E-09  -7.58993E-05   1.00292E-02  -2.71234E-05   8.47541E-05   1.37063E-08  -1.11891E-04   1.44476E-04   8.80428E-05   8.47541E-05   1.80185E-09   3.28685E-06
  170000   6.43106E+02   3.10228E-02  -2.93163E-02   5.83118E-02  -5.63401E-13   3.10228E-02   2.02739E-03  -6.14615E-05   8.56494E-05   1.09036E-09  -1.47112E-04   9.82953E-03  -1.38420E-05   8.56494E-05   1.33128E-08  -9.95047E-05   1.54951E-04   7.92114E-05   8.56494E-05   1.83872E-09  -6.43978E-06
  171000   6.46889E+02   3.08261E-02  -3.01427E-02   5.89265E-02  -6.74612E-13   3.08261E-02   2.04231E-03   3.29116E-04   8.48385E-05   1.17480E-09   2.44276E-04   9.46745E-03  -1.05709E-07   8.48385E-05   1.30600E-08  -8.49573E-05   1.60466E-04   6.55345E-05   8.48385E-05   1.81531E-09  -1.93058E-05
  172000   6.50672E+02   3.09026E-02  -3.04355E-02   5.92877E-02  -8.01499E-13   3.09026E-02   2.05037E-03   3.90658E-05   8.29839E-05   1.18011E-09  -4.39193E-05   9.07987E-03  -1.93955E-05   8.29839E-05   1.26643E-08  -1.02392E-04   1.53698E-04   8.16661E-05   8.29839E-05   1.85010E-09  -1.31963E-06
  173000   6.54455E+02   3.15949E-02  -2.95097E-02   5.91217E-02  -1.02531E-12   3.15949E-02   1.98294E-03  -9.36531E-05   7.90873E-05   1.14904E-09  -1.72742E-04   8.62815E-03   4.25811E-05   7.90873E-05   1.18495E-08  -3.65181E-05   1.41003E-04   7.70545E-05   7.90873E-05   1.85951E-09  -2.03475E-06
  174000   6.58238E+02   3.13345E-02  -3.04582E-02   5.97768E-02  -1.36994E-12   3.13345E-02   2.01590E-03   5.37942E-04   7.53152E-05   1.20712E-09   4.62626E-04   8.29089E-03   2.34810E-06   7.53152E-05   1.14771E-08  -7.29786E-05   1.32961E-04   6.30500E-05   7.53152E-05   1.86479E-09  -1.22671E-05
  175000   6.62021E+02   3.12552E-02  -3.09708E-02   6.01670E-02  -1.78299E-12   3.12552E-02   2.05896E-03  -2.05125E-04   6.96997E-05   1.13912E-09  -2.74826E-04   8.01624E-03  -3.80966E-05   6.96997E-05   1.09607E-08  -1.07807E-04   1.22725E-04   5.18784E-05   6.96997E-05   1.84832E-09  -1.78231E-05
  176000   6.65804E+02   3.17327E-02  -3.01241E-02   5.99149E-02  -2.32394E-12   3.17327E-02   1.94185E-03  -4.75146E-05   6.54928E-05   1.14309E-09  -1.13009E-04   7.92889E-03  -3.61611E-05   6.54928E-05   1.11115E-08  -1.01665E-04   1.12712E-04   6.26859E-05   6.54928E-05   1.76903E-09  -2.80871E-06
  177000   6.69587E+02   3.16156E-02  -3.08963E-02   6.04899E-02  -2.92666E-12   3.16156E-02   2.02189E-03   2.85037E-04   6.21481E-05   1.09774E-09   2.22888E-04   7.89003E-03  -2.46780E-05   6.21481E-05   1.07244E-08  -8.68369E-05   1.13582E-04   5.05878E-05   6.21481E-05   1.81686E-09  -1.15622E-05
  178000   6.73370E+02   3.19401E-02  -3.04475E-02   6.05182E-02  -3.67361E-12   3.19401E-02   1.86943E-03  -1.89004E-04   5.99367E-05   1.09597E-09  -2.48942E-04   7.81429E-03  -4.45565E-05   5.99367E-05   1.09750E-08  -1.04504E-04   1.13721E-04   5.63764E-05   5.99367E-05   1.87420E-09  -3.56225E-06
  179000   6.77153E+02   3.22001E-02  -3.04147E-02   6.06754E-02  -4.64220E-12   3.22001E-02   1.93935E-03   2.81991E-04   5.73823E-05   1.09141E-09   2.24607E-04   7.62616E-03   4.66761E-06   5.73823E-05   1.05303E-08  -5.27253E-05   1.22198E-04   4.92220E-05   5.73823E-05   1.88518E-09  -8.16222E-06
  180000   6.80936E+02   3.20754E-02  -3.09157E-02   6.11155E-02  -5.82563E-12   3.20754E-02   1.87569E-03  -6.82375E-05   5.68440E-05   1.11682E-09  -1.25083E-04   7.25210E-03   1.24103E-05   5.68440E-05   9.93355E-09  -4.44436E-05   1.23912E-04   3.48584E-05   5.68440E-05   1.85800E-09  -2.19875E-05
  181000   6.84719E+02   3.21939E-02  -3.10187E-02   6.13273E-02  -7.16761E-12   3.21939E-02   1.88535E-03   2.98633E-04   5.50347E-05   1.11258E-09   2.43598E-04   6.77953E-03   3.18908E-05   5.50347E-05   9.60569E-09  -2.31535E-05   1.15477E-04   5.35335E-05   5.50347E-05   1.87499E-09  -1.50309E-06
  182000   6.88502E+02   3.23653E-02  -3.10239E-02   6.14754E-02  -8.60666E-12   3.23653E-02   1.91378E-03  -4.52737E-04   5.33915E-05   1.05377E-09  -5.06130E-04   6.26706E-03   2.10373E-05   5.33915E-05   8.99286E-09  -3.23632E-05   1.05731E-04   5.56509E-05   5.33915E-05   1.80798E-09   2.25762E-06
  183000   6.92285E+02   3.25881E-02  -3.05553E-02   6.13575E-02  -1.00811E-11   3.25881E-02   1.78580E-03   5.80813E-04   5.01607E-05   1.16955E-09   5.30651E-04   5.80937E-03   2.95728E-05   5.01607E-05   8.03762E-09  -2.05959E-05   1.11355E-04   3.36896E-05   5.01607E-05   1.85079E-09  -1.64730E-05
  184000   6.96068E+02   3.18947E-02  -3.25659E-02   6.24228E-02  -1.15955E-11   3.18947E-02   2.03782E-03  -1.34933E-04   4.72085E-05   1.12657E-09  -1.82143E-04   5.43786E-03   4.03612E-05   4.72085E-05   7.90877E-09  -6.85513E-06   1.12507E-04   4.28888E-05   4.72085E-05   1.83961E-09  -4.32152E-06
  185000   6.99851E+02   3.29674E-02  -3.00991E-02   6.13173E-02  -1.32915E-11   3.29674E-02   1.74925E-03  -2.38009E-04   4.33006E-05   1.21367E-09  -2.81311E-04   5.18098E-03  -1.49154E-05   4.33006E-05   7.59427E-09  -5.82237E-05   1.13228E-04   3.83830E-05   4.33006E-05   1.73666E-09  -4.91935E-06
  186000   7.03634E+02   3.22985E-02  -3.19498E-02   6.23348E-02  -1.50239E-11   3.22985E-02   1.91354E-03   7.55184E-04   3.98970E-05   1.16018E-09   7.15286E-04   5.01348E-03   1.56579E-05   3.98970E-05   7.42870E-09  -2.42466E-05   1.05694E-04   3.00615E-05   3.98970E-05   1.80183E-09  -9.83738E-06
  187000   7.07417E+02   3.24186E-02  -3.19242E-02   6.25055E-02  -1.69448E-11   3.24186E-02   1.83730E-03  -5.42852E-04   3.72134E-05   1.09801E-09  -5.80066E-04   4.89787E-03  -2.35098E-05   3.72134E-05   7.12594E-09  -6.07303E-05   1.01071E-04   3.70645E-05   3.72134E-05   1.67652E-09  -1.50504E-07
  188000   7.11200E+02   3.31453E-02  -3.06241E-02   6.20734E-02  -1.90331E-11   3.31453E-02   1.69607E-03   1.46523E-04   3.61620E-05   1.06203E-09   1.10360E-04   4.71458E-03   8.67626E-06   3.61620E-05   6.98935E-09  -2.74927E-05   9.35029E-05   3.21454E-05   3.61620E-05   1.74782E-09  -4.01839E-06
  189000   7.14983E+02   3.29462E-02  -3.15287E-02   6.27128E-02  -2.12096E-11   3.29462E-02   1.76213E-03   1.13208E-04   3.45296E-05   1.03548E-09   7.86776E-05   4.44531E-03   1.65023E-05   3.45296E-05   6.49275E-09  -1.80338E-05   9.10625E-05   3.30826E-05   3.45296E-05   1.80263E-09  -1.44876E-06
  190000   7.18766E+02   3.30437E-02  -3.15228E-02   6.28929E-02  -2.34455E-11   3.30437E-02   1.67354E-03  -1.08858E-04   3.51845E-05   9.71444E-10  -1.44044E-04   4.15976E-03   2.82362E-05   3.51845E-05   6.29077E-09  -6.95458E-06   8.82470E-05   3.54155E-05   3.51845E-05   1.68878E-09   2.29306E-07
  191000   7.22549E+02   3.33850E-02  -3.11973E-02   6.28649E-02  -2.57865E-11   3.33850E-02   1.71732E-03   6.42149E-05   3.47074E-05   9.10263E-10   2.95066E-05   3.87754E-03  -7.68691E-06   3.47074E-05   6.04959E-09  -4.24004E-05   8.80994E-05   3.34847E-05   3.47074E-05   1.73499E-09  -1.22445E-06
  192000   7.26332E+02   3.32495E-02  -3.17143E-02   6.32303E-02  -2.84408E-11   3.32495E-02   1.73347E-03   1.77849E-04   3.44066E-05   1.00153E-09   1.43442E-04   3.72894E-03  -9.73928E-07   3.44066E-05   5.63383E-09  -3.53862E-05   9.87072E-05   2.00941E-05   3.44066E-05   1.79841E-09  -1.43144E-05
  193000   7.30115E+02   3.32385E-02  -3.20000E-02   6.34960E-02  -3.14170E-11   3.32385E-02   1.74249E-03  -1.87358E-05   3.42893E-05   1.03136E-09  -5.30261E-05   3.68003E-03  -3.19347E-05   3.42893E-05   5.57279E-09  -6.62296E-05   1.12053E-04   1.38166E-05   3.42893E-05   1.75123E-09  -2.04744E-05
  194000   7.33898E+02   3.35114E-02  -3.15911E-02   6.33789E-02  -3.46508E-11   3.35114E-02   1.72362E-03   1.54957E-05   3.38260E-05   1.08678E-09  -1.83314E-05   3.64335E-03  -5.88166E-06   3.38260E-05   5.77745E-09  -3.97134E-05   1.19441E-04   3.38322E-05   3.38260E-05   1.79391E-09   4.42275E-09
  195000   7.37681E+02   3.35826E-02  -3.18126E-02   6.36189E-02  -3.81533E-11   3.35826E-02   1.77638E-03   6.41192E-05   3.32680E-05   1.06759E-09   3.08501E-05   3.61883E-03  -1.36214E-05   3.32680E-05   5.70941E-09  -4.68951E-05   1.16707E-04   3.11270E-05   3.32680E-05   1.79837E-09  -2.14273E-06
  196000   7.41464E+02   3.35324E-02  -3.21676E-02   6.39210E-02  -4.19110E-11   3.35324E-02   1.77903E-03   1.12919E-04   3.30326E-05   1.14267E-09   7.98851E-05   3.49616E-03   2.90211E-05   3.30326E-05   5.46406E-09  -4.01697E-06   1.11335E-04   2.94385E-05   3.30326E-05   1.74833E-09  -3.59588E-06
  197000   7.45247E+02   3.37685E-02  -3.20597E-02   6.40123E-02  -4.59780E-11   3.37685E-02   1.81593E-03  -7.26070E-05   3.30173E-05   1.20606E-09  -1.05625E-04   3.29724E-03   1.39944E-05   3.30173E-05   5.20077E-09  -1.90281E-05   1.00882E-04   2.62708E-05   3.30173E-05   1.69608E-09  -6.74819E-06
  198000   7.49030E+02   3.42891E-02  -3.10890E-02   6.36299E-02  -5.00000E-11   3.42891E-02   1.74828E-03  -1.09180E-04   3.14561E-05   1.17073E-09  -1.40638E-04   2.95723E-03   2.94236E-05   3.14561E-05   4.82969E-09  -2.03737E-06   9.41118E-05   2.18310E-05   3.14561E-05   1.74331E-09  -9.62688E-06
  199000   7.52813E+02   3.39151E-02  -3.19506E-02   6.40948E-02  -5.40907E-11   3.39151E-02   1.77077E-03   2.79889E-04   3.07840E-05   1.15278E-09   2.49104E-04   2.58375E-03   5.71025E-05   3.07840E-05   4.67539E-09   2.63138E-05   8.57968E-05   3.08495E-05   3.07840E-05   1.73669E-09   6.37123E-08
  200000   7.56596E+02   3.42809E-02  -3.14069E-02   6.39533E-02  -5.82307E-11   3.42809E-02   1.73450E-03  -1.48425E-04   2.85397E-05   1.12384E-09  -1.76966E-04   2.28339E-03  -3.06626E-06   2.85397E-05   4.17036E-09  -3.16102E-05   8.25532E-05   2.34708E-05   2.85397E-05   1.68690E-09  -5.07063E-06
  201000   7.60379E+02   3.41491E-02  -3.16901E-02   6.41601E-02  -6.26305E-11   3.41491E-02   1.67899E-03   1.48702E-04   2.51622E-05   1.01555E-09   1.23539E-04   2.07222E-03  -1.24486E-06   2.51622E-05   3.83731E-09  -2.64109E-05   8.39786E-05   2.43166E-05   2.51622E-05   1.72377E-09  -8.47275E-07
  202000   7.64161E+02   3.43967E-02  -3.14462E-02   6.41083E-02  -6.72039E-11   3.43967E-02   1.73467E-03  -2.47176E-04   2.33422E-05   1.03366E-09  -2.70519E-04   1.96746E-03   5.63929E-07   2.33422E-05   3.97333E-09  -2.27822E-05   7.91020E-05   3.09561E-05   2.33422E-05   1.74617E-09   7.61219E-06
  203000   7.67944E+02   3.43163E-02  -3.14458E-02   6.41916E-02  -7.17989E-11   3.43163E-02   1.57042E-03   3.69044E-04   2.04257E-05   1.00408E-09   3.48617E-04   1.94866E-03  -3.31492E-05   2.04257E-05   3.74078E-09  -5.35786E-05   7.63089E-05   7.13774E-06   2.04257E-05   1.74252E-09  -1.32897E-05
  204000   7.71727E+02   3.40845E-02  -3.23882E-02   6.46952E-02  -7.65855E-11   3.40845E-02   1.77760E-03  -1.16393E-04   1.96367E-05   1.04150E-09  -1.36031E-04   1.98832E-03   4.22038E-06   1.96367E-05   4.04892E-09  -1.54203E-05   7.07907E-05   1.60525E-05   1.96367E-05   1.74397E-09  -3.58590E-06
  205000   7.75510E+02   3.45490E-02  -3.14155E-02   6.42843E-02  -8.13935E-11   3.45490E-02   1.68017E-03  -3.40209E-04   1.92118E-05   1.21775E-09  -3.59422E-04   1.99858E-03  -2.49305E-05   1.92118E-05   3.99414E-09  -4.41464E-05   7.08372E-05   1.52551E-05   1.92118E-05   1.73160E-09  -3.95844E-06
  206000   7.79293E+02   3.45253E-02  -3.15647E-02   6.44056E-02  -8.63854E-11   3.45253E-02   1.68438E-03   5.03183E-04   1.89816E-05   1.12853E-09   4.84201E-04   2.01149E-03  -7.47738E-06   1.89816E-05   4.02748E-09  -2.64630E-05   7.20813E-05   1.12415E-05   1.89816E-05   1.73039E-09  -7.74178E-06
  207000   7.83076E+02   3.39308E-02  -3.30861E-02   6.52031E-02  -9.12562E-11   3.39308E-02   1.81377E-03  -1.59571E-04   1.92946E-05   1.08395E-09  -1.78867E-04   2.03050E-03  -9.50327E-06   1.92946E-05   4.11929E-09  -2.88020E-05   7.34008E-05   1.95799E-05   1.92946E-05   1.70566E-09   2.83568E-07
  208000   7.86859E+02   3.50090E-02  -3.08069E-02   6.42020E-02  -9.60328E-11   3.50090E-02   1.61387E-03  -2.39326E-04   1.91573E-05   1.12623E-09  -2.58485E-04   2.13323E-03  -6.11279E-05   1.91573E-05   4.22037E-09  -8.02893E-05   7.45456E-05   4.17195E-06   1.91573E-05   1.71853E-09  -1.49870E-05
  209000   7.90642E+02   3.43024E-02  -3.26837E-02   6.51719E-02  -1.00771E-10   3.43024E-02   1.81428E-03   5.69958E-04   1.88229E-05   1.20262E-09   5.51134E-04   2.31926E-03  -4.38604E-05   1.88229E-05   4.52534E-09  -6.26879E-05   7.50135E-05   3.21167E-05   1.88229E-05   1.65986E-09   1.32921E-05
  210000   7.94425E+02   3.42185E-02  -3.27817E-02   6.52890E-02  -1.05575E-10   3.42185E-02   1.71118E-03  -2.45517E-04   1.94188E-05   1.13009E-09  -2.64937E-04   2.59305E-03  -6.10006E-05   1.94188E-05   4.78112E-09  -8.04242E-05   7.58051E-05   1.12915E-06   1.94188E-05   1.73873E-09  -1.82913E-05
  211000   7.98208E+02   3.46102E-02  -3.22068E-02   6.51062E-02  -1.10425E-10   3.46102E-02   1.71077E-03  -1.12893E-04   1.96757E-05   1.13078E-09  -1.32569E-04   2.89304E-03  -6.09758E-05   1.96757E-05   5.04643E-09  -8.06565E-05   8.11624E-05   2.43990E-05   1.96757E-05   1.74415E-09   4.72156E-06
  212000   8.01991E+02   3.48329E-02  -3.22146E-02   6.53219E-02  -1.15208E-10   3.48329E-02   1.72558E-03   2.62944E-04   2.19710E-05   1.12917E-09   2.40971E-04   3.08719E-03  -1.42271E-05   2.19710E-05   5.21001E-09  -3.62033E-05   8.28853E-05   1.00066E-05   2.19710E-05   1.76304E-09  -1.19661E-05
  213000   8.05774E+02   3.44553E-02  -3.32100E-02   6.58866E-02  -1.19792E-10   3.44553E-02   1.77872E-03  -7.28195E-06   2.39082E-05   1.14336E-09  -3.11913E-05   3.22153E-03  -3.11427E-05   2.39082E-05   5.25606E-09  -5.50561E-05   8.47881E-05   3.67536E-05   2.39082E-05   1.75214E-09   1.28436E-05
  214000   8.09557E+02   3.51959E-02  -3.16663E-02   6.52522E-02  -1.24329E-10   3.51959E-02   1.60996E-03  -2.06022E-04   2.60779E-05   1.02317E-09  -2.32101E-04   3.24997E-03  -1.67897E-05   2.60779E-05   5.43173E-09  -4.28730E-05   8.26482E-05   1.78228E-05   2.60779E-05   1.69832E-09  -8.25679E-06
  215000   8.13340E+02   3.48954E-02  -3.27917E-02   6.59307E-02  -1.28761E-10   3.48954E-02   1.75647E-03   3.99101E-04   2.78039E-05   1.09549E-09   3.71296E-04   3.23046E-03   2.16578E-06   2.78039E-05   5.39916E-09  -2.56435E-05   7.77437E-05   2.19200E-05   2.78039E-05   1.77223E-09  -5.88565E-06
  216000   8.17123E+02   3.52655E-02  -3.22215E-02   6.57237E-02  -1.33045E-10   3.52655E-02   1.76328E-03  -6.36049E-04   2.86530E-05   1.14551E-09  -6.64703E-04   3.17696E-03  -2.56185E-05   2.86530E-05   5.35547E-09  -5.42769E-05   7.77761E-05   2.97510E-05   2.86530E-05   1.73523E-09   1.09634E-06
  217000   8.20906E+02   3.56661E-02  -3.13156E-02   6.53544E-02  -1.37087E-10   3.56661E-02   1.62732E-03   5.45396E-04   2.96469E-05   1.15996E-09   5.15748E-04   3.24318E-03  -3.68421E-05   2.96469E-05   5.49135E-09  -6.64944E-05   8.11372E-05   1.71470E-05   2.96469E-05   1.77457E-09  -1.25016E-05
  218000   8.24689E+02   3.47614E-02  -3.36834E-02   6.65758E-02  -1.41052E-10   3.47614E-02   1.86903E-03   5.88652E-05   2.89337E-05   1.12965E-09   2.99303E-05   3.30444E-03  -1.24091E-05   2.89337E-05   5.31792E-09  -4.13482E-05   8.26627E-05   2.28449E-05   2.89337E-05   1.85994E-09  -6.09068E-06
  219000   8.28472E+02   3.59198E-02  -3.12488E-02   6.54968E-02  -1.44619E-10   3.59198E-02   1.67187E-03  -5.84349E-04   2.99720E-05   1.14625E-09  -6.14322E-04   3.40702E-03  -2.57678E-05   2.99720E-05   5.61737E-09  -5.57453E-05   8.72896E-05   2.14478E-05   2.99720E-05   1.78134E-09  -8.52592E-06
  220000   8.32255E+02   3.58791E-02  -3.16442E-02   6.57398E-02  -1.48027E-10   3.58791E-02   1.78351E-03   6.27104E-04   2.97960E-05   1.19411E-09   5.97307E-04   3.46978E-03  -3.23828E-05   2.97960E-05   5.46920E-09  -6.21842E-05   8.16281E-05   2.48825E-05   2.97960E-05   1.74401E-09  -4.91520E-06
  221000   8.36038E+02   3.49149E-02  -3.36360E-02   6.66994E-02  -1.51151E-10   3.49149E-02   1.85149E-03   1.27832E-04   3.08923E-05   1.23637E-09   9.69382E-05   3.42729E-03  -1.51606E-06   3.08923E-05   5.37218E-09  -3.24138E-05   8.23526E-05   3.00782E-05   3.08923E-05   1.84262E-09  -8.16008E-07
  222000   8.39821E+02   3.55060E-02  -3.23163E-02   6.60874E-02  -1.53835E-10   3.55060E-02   1.73492E-03  -4.41822E-04   3.15236E-05   1.21438E-09  -4.73347E-04   3.27601E-03   2.62640E-05   3.15236E-05   5.42041E-09  -5.26500E-06   8.37527E-05   2.91488E-05   3.15236E-05   1.75519E-09  -2.37655E-06
  223000   8.43604E+02   3.57400E-02  -3.23721E-02   6.61980E-02  -1.56003E-10   3.57400E-02   1.91408E-03   4.43901E-04   3.17221E-05   1.20491E-09   4.12177E-04   3.08739E-03   3.45185E-05   3.17221E-05   5.13253E-09   2.79123E-06   8.56638E-05   2.68012E-05   3.17221E-05   1.74288E-09  -4.92263E-06
  224000   8.47387E+02   3.51553E-02  -3.34374E-02   6.67923E-02  -1.57506E-10   3.51553E-02   1.80039E-03   8.38627E-05   3.00150E-05   1.18037E-09   5.38466E-05   2.84707E-03   2.77405E-05   3.00150E-05   4.80283E-09  -2.27930E-06   8.46987E-05   2.49451E-05   3.00150E-05   1.68781E-09  -5.07163E-06
  225000   8.51170E+02   3.53252E-02  -3.33229E-02   6.67812E-02  -1.58425E-10   3.53252E-02   1.86690E-03   1.15600E-04   2.89486E-05   1.20381E-09   8.66497E-05   2.56776E-03   1.52300E-05   2.89486E-05   4.50355E-09  -1.37231E-05   8.76910E-05   1.34465E-05   2.89486E-05   1.76536E-09  -1.55039E-05
  226000   8.54953E+02   3.57061E-02  -3.26349E-02   6.65336E-02  -1.58825E-10   3.57061E-02   1.80748E-03  -4.94865E-04   2.64218E-05   1.12535E-09  -5.21288E-04   2.36355E-03   9.25713E-07   2.64218E-05   4.27410E-09  -2.55004E-05   8.44632E-05   2.18937E-05   2.64218E-05   1.82149E-09  -4.53000E-06
  227000   8.58736E+02   3.59613E-02  -3.24171E-02   6.66347E-02  -1.58511E-10   3.59613E-02   1.74369E-03   5.62281E-04   2.43610E-05   1.12821E-09   5.37919E-04   2.20136E-03  -8.00228E-06   2.43610E-05   3.90721E-09  -3.23672E-05   7.86500E-05   8.83407E-06   2.43610E-05   1.74466E-09  -1.55287E-05
  228000   8.62519E+02   3.53971E-02  -3.38736E-02   6.73594E-02  -1.57445E-10   3.53971E-02   1.91132E-03  -3.81335E-04   2.26538E-05   1.08306E-09  -4.03990E-04   2.04114E-03  -1.83093E-06   2.26538E-05   3.68001E-09  -2.44885E-05   7.52813E-05   1.41753E-05   2.26538E-05   1.71805E-09  -8.48025E-06
  229000   8.66302E+02   3.62764E-02  -3.19524E-02   6.65976E-02  -1.55816E-10   3.62764E-02   1.63124E-03   5.71472E-05   2.03522E-05   1.07063E-09   3.67939E-05   1.87528E-03   1.25649E-05   2.03522E-05   3.62529E-09  -7.79086E-06   7.27605E-05   1.28688E-05   2.03522E-05   1.77747E-09  -7.48518E-06
  230000   8.70085E+02   3.59415E-02  -3.31852E-02   6.72997E-02  -1.53570E-10   3.59415E-02   1.82703E-03   8.89046E-05   1.89184E-05   1.02168E-09   6.99851E-05   1.75335E-03   1.44797E-05   1.89184E-05   3.54852E-09  -4.44222E-06   7.48908E-05   2.12789E-05   1.89184E-05   1.81464E-09   2.35868E-06
  231000   8.73868E+02   3.61675E-02  -3.25717E-02   6.70501E-02  -1.50671E-10   3.61675E-02   1.68908E-03  -1.85705E-04   1.76459E-05   1.06513E-09  -2.03352E-04   1.64451E-03   2.65164E-05   1.76459E-05   3.41400E-09   8.86707E-06   7.82550E-05   1.17921E-05   1.76459E-05   1.71704E-09  -5.85550E-06
  232000   8.77651E+02   3.58825E-02  -3.32300E-02   6.73928E-02  -1.47181E-10   3.58825E-02   1.71971E-03   2.87996E-04   1.61499E-05   1.07247E-09   2.71845E-04   1.56014E-03  -1.04063E-05   1.61499E-05   3.26541E-09  -2.65594E-05   8.09684E-05   8.57017E-06   1.61499E-05   1.76293E-09  -7.58146E-06
  233000   8.81434E+02   3.62190E-02  -3.29435E-02   6.73870E-02  -1.43277E-10   3.62190E-02   1.77553E-03  -2.88643E-04   1.53154E-05   1.10904E-09  -3.03960E-04   1.51402E-03  -2.80266E-07   1.53154E-05   3.17819E-09  -1.55988E-05   7.91862E-05   3.56829E-06   1.53154E-05   1.69627E-09  -1.17488E-05
  234000   8.85217E+02   3.63275E-02  -3.27109E-02   6.72700E-02  -1.38610E-10   3.63275E-02   1.76840E-03   2.54693E-04   1.47212E-05   1.20732E-09   2.39971E-04   1.46567E-03  -4.68849E-06   1.47212E-05   3.11977E-09  -1.94128E-05   7.44749E-05   5.60248E-06   1.47212E-05   1.84181E-09  -9.12058E-06
  235000   8.89000E+02   3.62345E-02  -3.31086E-02   6.74919E-02  -1.33363E-10   3.62345E-02   1.85123E-03  -4.90535E-05   1.43813E-05   1.29422E-09  -6.34361E-05   1.42327E-03  -1.81053E-05   1.43813E-05   3.10189E-09  -3.24897E-05   7.35710E-05   1.95776E-05   1.43813E-05   1.80917E-09   5.19452E-06
  236000   8.92783E+02   3.59708E-02  -3.36041E-02   6.76907E-02  -1.27833E-10   3.59708E-02   1.88421E-03   1.05418E-04   1.37867E-05   1.26122E-09   9.16305E-05   1.35443E-03  -5.28763E-06   1.37867E-05   2.97654E-09  -1.90773E-05   7.62743E-05   6.46791E-06   1.37867E-05   1.68956E-09  -7.32045E-06
  237000   8.96566E+02   3.67275E-02  -3.20019E-02   6.69286E-02  -1.21835E-10   3.67275E-02   1.80082E-03  -2.93560E-04   1.38698E-05   1.23749E-09  -3.07431E-04   1.25046E-03   1.10284E-05   1.38698E-05   2.89266E-09  -2.84425E-06   8.29969E-05   5.02821E-06   1.38698E-05   1.71599E-09  -8.84329E-06
  238000   9.00349E+02   3.59435E-02  -3.36522E-02   6.77151E-02  -1.15577E-10   3.59435E-02   1.88056E-03   5.61250E-04   1.31346E-05   1.33070E-09   5.48114E-04   1.13521E-03   3.07096E-06   1.31346E-05   2.76695E-09  -1.00664E-05   8.59781E-05   1.19277E-05   1.31346E-05   1.71334E-09  -1.20865E-06
  239000   9.04132E+02   3.59716E-02  -3.36180E-02   6.77017E-02  -1.08982E-10   3.59716E-02   1.88783E-03  -6.28019E-04   1.25882E-05   1.21195E-09  -6.40608E-04   1.02396E-03   2.08230E-05   1.25882E-05   2.63853E-09   8.23222E-06   9.66521E-05   1.46095E-05   1.25882E-05   1.74636E-09   2.01957E-06
  240000   9.07915E+02   3.65454E-02  -3.22516E-02   6.70897E-02  -1.02314E-10   3.65454E-02   1.70739E-03   3.02027E-04   1.19674E-05   1.19120E-09   2.90059E-04   9.55459E-04  -9.00742E-06   1.19674E-05   2.43980E-09  -2.09773E-05   1.01961E-04   6.92222E-06   1.19674E-05   1.79546E-09  -5.04700E-06
  241000   9.11698E+02   3.58143E-02  -3.41016E-02   6.80232E-02  -9.52074E-11   3.58143E-02   1.89273E-03   1.91889E-04   1.13720E-05   1.05874E-09   1.80516E-04   9.26180E-04   6.91608E-06   1.13720E-05   2.49657E-09  -4.45839E-06   9.93640E-05   2.06867E-06   1.13720E-05   1.70296E-09  -9.30501E-06
  242000   9.15481E+02   3.62019E-02  -3.31485E-02   6.76929E-02  -8.80833E-11   3.62019E-02   1.65761E-03  -4.28194E-04   1.11562E-05   1.02423E-09  -4.39352E-04   8.98898E-04   7.83664E-06   1.11562E-05   2.58008E-09  -3.32218E-06   9.40820E-05   1.99868E-05   1.11562E-05   1.76474E-09   8.82881E-06
  243000   9.19264E+02   3.64727E-02  -3.29294E-02   6.76242E-02  -8.11089E-11   3.64727E-02   1.77787E-03   4.39446E-04   1.04967E-05   9.78850E-10   4.28949E-04   8.37294E-04   7.50094E-06   1.04967E-05   2.44275E-09  -2.99821E-06   8.70295E-05   1.51081E-06   1.04967E-05   1.75225E-09  -8.98765E-06
  244000   9.23047E+02   3.62207E-02  -3.35473E-02   6.80312E-02  -7.40880E-11   3.62207E-02   1.73687E-03  -6.33608E-05   1.05900E-05   1.05157E-09  -7.39519E-05   7.43043E-04   2.27851E-05   1.05900E-05   2.36286E-09   1.21928E-05   9.04230E-05  -1.67347E-07   1.05900E-05   1.77967E-09  -1.07591E-05
  245000   9.26830E+02   3.62092E-02  -3.36149E-02   6.81329E-02  -6.74369E-11   3.62092E-02   1.69112E-03   1.97906E-04   1.03611E-05   1.01576E-09   1.87544E-04   6.10657E-04   4.71406E-06   1.03611E-05   2.25952E-09  -5.64934E-06   9.02634E-05   1.48756E-05   1.03611E-05   1.75447E-09   4.51271E-06
  246000   9.30612E+02   3.66416E-02  -3.32006E-02   6.79716E-02  -6.12947E-11   3.66416E-02   1.87058E-03  -5.23990E-04   9.62816E-06   1.04576E-09  -5.33619E-04   4.96082E-04   1.50975E-05   9.62816E-06   2.01778E-09   5.46736E-06   9.14216E-05   3.27982E-06   9.62816E-06   1.75403E-09  -6.35010E-06
  247000   9.34395E+02   3.70968E-02  -3.19682E-02   6.74839E-02  -5.56115E-11   3.70968E-02   1.58109E-03   4.84732E-04   9.12750E-06   1.00938E-09   4.75603E-04   4.28262E-04   1.70141E-05   9.12750E-06   1.99739E-09   7.88458E-06   9.72856E-05  -1.79260E-05   9.12750E-06   1.74193E-09  -2.70552E-05
  248000   9.38178E+02   3.59551E-02  -3.48941E-02   6.89212E-02  -5.04377E-11   3.59551E-02   1.92803E-03   1.93127E-04   8.23688E-06   1.04021E-09   1.84889E-04   4.00466E-04   1.45394E-05   8.23688E-06   1.93446E-09   6.30062E-06   9.66686E-05   1.07591E-05   8.23688E-06   1.82386E-09   2.52036E-06
  249000   9.41961E+02   3.70723E-02  -3.23628E-02   6.77192E-02  -4.57852E-11   3.70723E-02   1.71594E-03  -9.13810E-04   7.30332E-06   1.15159E-09  -9.21114E-04   4.02531E-04  -2.59850E-05   7.30332E-06   1.98632E-09  -3.32903E-05   9.64969E-05   9.59101E-07   7.30332E-06   1.77275E-09  -6.34599E-06
  250000   9.45744E+02   3.69917E-02  -3.26810E-02   6.79056E-02  -4.20505E-11   3.69917E-02   1.76708E-03   9.07808E-04   7.14895E-06   1.20173E-09   9.00658E-04   4.14900E-04   9.49910E-06   7.14895E-06   1.94619E-09   2.34820E-06   9.77841E-05  -1.86120E-06   7.14895E-06   1.77249E-09  -9.01192E-06
