 kstep t[R/vA] kin_energy mag_energy thr_energy beam_energy beam_energy_trns ep_energy ep_energy_trns dssp_energy total_energy
         0   0.00000E+00   0.00000E+00   3.04886E-12   0.00000E+00   0.00000E+00   0.00000E+00   1.33029E-14   0.00000E+00   0.00000E+00   3.04886E-12
      1000   3.78298E+00   1.41818E-12   1.25456E-10  -1.28111E-10   0.00000E+00   0.00000E+00   1.82385E-10  -2.97273E-10  -4.35365E-12  -3.02864E-10
      2000   7.56596E+00   1.19519E-12  -9.50161E-10   9.10928E-10   0.00000E+00   0.00000E+00   2.90677E-10   1.25858E-09  -8.70731E-12   1.21184E-09
      3000   1.13489E+01   8.70212E-13  -3.90966E-10   3.46232E-10   0.00000E+00   0.00000E+00   3.72820E-10   1.12139E-10  -1.45122E-11   5.37633E-11
      4000   1.51319E+01   1.03766E-12  -3.85610E-10   3.35373E-10   0.00000E+00   0.00000E+00   2.92994E-10   4.87619E-10  -1.30610E-11   4.25359E-10
      5000   1.89149E+01   8.76003E-13   5.96823E-11  -1.41242E-10   0.00000E+00   0.00000E+00   2.22203E-10  -4.75711E-10   4.49877E-11  -5.11407E-10
      6000   2.26979E+01   9.75930E-13   2.99110E-11  -5.04277E-11   0.00000E+00   0.00000E+00   2.67216E-10   1.07198E-12  -2.32195E-11  -4.16882E-11
      7000   2.64808E+01   8.84863E-13   4.44083E-10  -5.55161E-10   0.00000E+00   0.00000E+00   2.35465E-10  -8.40341E-10   8.41706E-11  -8.66363E-10
      8000   3.02638E+01   1.04697E-12   1.36086E-10  -3.41924E-10   0.00000E+00   0.00000E+00   3.04200E-10  -3.89337E-10   1.88658E-10  -4.05470E-10
      9000   3.40468E+01   1.23525E-12  -8.91107E-10   7.24792E-10   0.00000E+00   0.00000E+00   2.83097E-10   8.46944E-10   1.11744E-10   7.93608E-10
     10000   3.78298E+01   1.20302E-12   2.67146E-10  -4.24145E-10   0.00000E+00   0.00000E+00   1.57312E-10  -9.35985E-10   1.19000E-10  -9.72782E-10
     11000   4.16128E+01   1.54499E-12   1.77196E-09  -1.88965E-09   0.00000E+00   0.00000E+00   3.67422E-11  -1.43642E-09   1.65439E-10  -1.38712E-09
     12000   4.53957E+01   1.70155E-12   2.11942E-09  -2.25344E-09   0.00000E+00   0.00000E+00   4.32184E-13  -3.04553E-09   1.75597E-10  -3.00225E-09
     13000   4.91787E+01   2.03117E-12  -5.28786E-10   2.72134E-10   0.00000E+00   0.00000E+00  -7.78071E-11   3.44205E-10   2.06073E-10   2.95657E-10
     14000   5.29617E+01   2.60413E-12   2.30528E-09  -2.28991E-09   0.00000E+00   0.00000E+00  -7.39418E-11  -3.48333E-09  -1.30610E-11  -3.47842E-09
     15000   5.67447E+01   2.91833E-12   1.70406E-09  -1.54927E-09   0.00000E+00   0.00000E+00  -7.22715E-11  -1.58131E-09  -1.29158E-10  -1.55276E-09
     16000   6.05276E+01   3.76981E-12   1.75941E-10  -3.35744E-10   0.00000E+00   0.00000E+00  -1.81848E-10  -9.40600E-10   1.14646E-10  -9.81987E-10
     17000   6.43106E+01   4.63877E-12  -1.66602E-10  -2.74387E-12   0.00000E+00   0.00000E+00  -4.39548E-10  -6.90803E-10   5.51463E-11  -8.00364E-10
     18000   6.80936E+01   5.85082E-12   5.25703E-10  -2.17867E-10   0.00000E+00   0.00000E+00  -2.84799E-10  -1.55859E-09  -3.27975E-10  -1.57288E-09
     19000   7.18766E+01   7.58845E-12   4.14296E-11  -2.28883E-10   0.00000E+00   0.00000E+00  -3.60953E-10  -1.84419E-10   2.17683E-10  -1.46601E-10
     20000   7.56596E+01   9.36334E-12   3.83502E-10  -9.70905E-10   0.00000E+00   0.00000E+00  -7.38329E-10  -2.80628E-09   5.57268E-10  -2.82705E-09
     21000   7.94425E+01   1.19528E-11   2.72433E-10  -6.04564E-10   0.00000E+00   0.00000E+00  -5.06351E-10  -2.94236E-09   3.30878E-10  -2.93166E-09
     22000   8.32255E+01   1.50010E-11   1.69634E-09  -1.55429E-09   0.00000E+00   0.00000E+00   1.17263E-10  -1.51903E-09  -6.53048E-11  -1.42729E-09
     23000   8.70085E+01   1.89403E-11  -5.68327E-09   5.90717E-09   0.00000E+00   0.00000E+00   1.36168E-09   7.57295E-09  -4.33914E-10   7.38188E-09
     24000   9.07915E+01   2.41745E-11  -1.07732E-08   1.01304E-08   0.00000E+00   0.00000E+00   2.12857E-09   1.05903E-08   1.01585E-10   1.00732E-08
     25000   9.45744E+01   3.01711E-11  -1.22485E-08   1.17259E-08   0.00000E+00   0.00000E+00   2.29671E-09   1.04709E-08  -3.45390E-10   9.63311E-09
     26000   9.83574E+01   3.82718E-11  -1.14540E-08   1.22935E-08   0.00000E+00   0.00000E+00   2.67036E-09   1.46694E-08  -1.64423E-09   1.39030E-08
     27000   1.02140E+02   4.79660E-11  -1.10696E-08   1.09562E-08   0.00000E+00   0.00000E+00   3.67463E-09   7.32580E-09  -8.11231E-10   6.44905E-09
     28000   1.05923E+02   6.03826E-11  -2.53532E-08   2.48575E-08   0.00000E+00   0.00000E+00   2.82190E-09   3.42001E-08  -4.33914E-10   3.33309E-08
     29000   1.09706E+02   7.59422E-11  -2.77711E-09   2.79818E-09   0.00000E+00   0.00000E+00   2.64446E-09  -1.90951E-09  -1.68341E-10  -1.98083E-09
     30000   1.13489E+02   9.54541E-11  -6.99480E-09   7.11933E-09   0.00000E+00   0.00000E+00  -7.32358E-10   2.06823E-08   2.27841E-10   2.11301E-08
     31000   1.17272E+02   1.19865E-10   1.15435E-08  -1.09782E-08   0.00000E+00   0.00000E+00  -1.53282E-09  -2.24087E-08  -1.97366E-10  -2.19209E-08
     32000   1.21055E+02   1.51510E-10  -2.00976E-09   1.98318E-09   0.00000E+00   0.00000E+00  -2.31715E-09   1.24558E-08   9.82474E-10   1.35632E-08
     33000   1.24838E+02   1.90539E-10   5.73564E-09  -7.65219E-09   0.00000E+00   0.00000E+00  -1.88497E-09  -2.13335E-08   2.89373E-09  -2.01657E-08
     34000   1.28621E+02   2.40569E-10  -1.05848E-08   8.94309E-09   0.00000E+00   0.00000E+00  -2.47159E-09   6.76082E-09   1.92867E-09   7.28836E-09
     35000   1.32404E+02   3.03668E-10  -2.22718E-08   2.02659E-08   0.00000E+00   0.00000E+00  -1.41124E-09   1.33051E-08   3.41762E-09   1.50204E-08
     36000   1.36187E+02   3.82171E-10  -4.96739E-09   7.25313E-09   0.00000E+00   0.00000E+00  -7.25897E-10   2.40748E-08  -1.66890E-10   2.65759E-08
     37000   1.39970E+02   4.84131E-10   2.29417E-08  -1.45013E-08   0.00000E+00   0.00000E+00  -1.90899E-09  -2.81705E-08  -6.67270E-09  -2.59186E-08
     38000   1.43753E+02   6.10968E-10  -8.96138E-09   1.83180E-08   0.00000E+00   0.00000E+00  -2.23125E-09   2.07682E-08  -7.84818E-09   2.28876E-08
     39000   1.47536E+02   7.70880E-10   3.41773E-09   2.58757E-09   0.00000E+00   0.00000E+00  -1.47347E-09  -6.22349E-09  -2.95613E-09  -2.40344E-09
     40000   1.51319E+02   9.74005E-10   6.75435E-09  -3.71611E-09   0.00000E+00   0.00000E+00  -3.97070E-09   1.05180E-08   1.04778E-09   1.55780E-08
     41000   1.55102E+02   1.22848E-09  -2.13590E-08   2.57469E-08   0.00000E+00   0.00000E+00  -7.38193E-09   2.65788E-08  -2.25519E-09   2.99400E-08
     42000   1.58885E+02   1.55332E-09   1.95606E-10   5.45799E-09   0.00000E+00   0.00000E+00  -7.97937E-09  -2.37733E-08  -4.28545E-09  -2.08519E-08
     43000   1.62668E+02   1.96275E-09   6.96761E-10   2.22818E-09   0.00000E+00   0.00000E+00  -8.09973E-09   1.40817E-08   3.00402E-10   1.92697E-08
     44000   1.66451E+02   2.46857E-09  -4.35247E-08   3.71761E-08   0.00000E+00   0.00000E+00  -1.80933E-08  -1.58637E-08   9.33568E-09  -1.04081E-08
     45000   1.70234E+02   3.12462E-09  -3.03682E-08   3.76216E-08   0.00000E+00   0.00000E+00  -1.83242E-08  -1.40820E-08  -3.52936E-09  -7.23333E-09
     46000   1.74017E+02   3.95298E-09  -4.66258E-09   1.91604E-08   0.00000E+00   0.00000E+00  -8.77298E-09   5.16281E-08  -6.57692E-09   6.35020E-08
     47000   1.77800E+02   4.98897E-09   2.80643E-08  -3.00421E-08   0.00000E+00   0.00000E+00  -2.00330E-10  -1.33817E-07   1.16243E-08  -1.19181E-07
     48000   1.81583E+02   6.28879E-09  -1.07938E-07   1.14183E-07   0.00000E+00   0.00000E+00   2.92472E-09   2.02208E-07   3.11576E-09   2.17858E-07
     49000   1.85366E+02   7.92919E-09   1.84770E-07  -1.59513E-07   0.00000E+00   0.00000E+00   1.25945E-08  -2.37709E-07  -6.42744E-09  -2.10950E-07
     50000   1.89149E+02   9.99166E-09  -3.87269E-08   5.25801E-08   0.00000E+00   0.00000E+00   2.22634E-08   9.87801E-08   7.32139E-09   1.29946E-07
     51000   1.92932E+02   1.26328E-08  -1.76934E-07   1.96729E-07   0.00000E+00   0.00000E+00   2.68066E-08   2.36938E-07  -4.97332E-09   2.64392E-07
     52000   1.96715E+02   1.59222E-08   6.93233E-08  -5.70061E-08   0.00000E+00   0.00000E+00   3.18955E-08  -1.31438E-07   1.02340E-08  -9.29645E-08
     53000   2.00498E+02   2.01509E-08  -1.36281E-07   1.76182E-07   0.00000E+00   0.00000E+00   8.15010E-09   2.36381E-07  -1.97946E-09   2.94453E-07
     54000   2.04281E+02   2.54845E-08  -1.45017E-07   1.64704E-07   0.00000E+00   0.00000E+00  -7.93559E-09  -1.83547E-08   2.13590E-08   4.81757E-08
     55000   2.08064E+02   3.21270E-08  -2.10781E-08   5.65340E-08   0.00000E+00   0.00000E+00  -1.28446E-09   2.24520E-08   1.58212E-08   1.05856E-07
     56000   2.11847E+02   4.07191E-08   3.30750E-07  -2.61465E-07   0.00000E+00   0.00000E+00   1.32913E-09  -3.25760E-07   1.92562E-08  -1.96499E-07
     57000   2.15630E+02   5.14213E-08   2.78939E-07  -1.46523E-07   0.00000E+00   0.00000E+00  -4.27626E-08  -1.25523E-07  -1.41276E-08   4.41869E-08
     58000   2.19413E+02   6.49725E-08   2.75459E-07  -1.53146E-07   0.00000E+00   0.00000E+00  -4.09540E-08  -6.23398E-07   1.37692E-08  -4.22344E-07
     59000   2.23196E+02   8.19425E-08   3.66264E-07  -2.12648E-07   0.00000E+00   0.00000E+00  -6.40373E-08  -3.56428E-07   6.23878E-09  -1.14630E-07
     60000   2.26979E+02   1.03696E-07   7.90380E-07  -5.68543E-07   0.00000E+00   0.00000E+00  -8.56201E-08  -1.18753E-06  -3.00983E-09  -8.65005E-07
     61000   2.30762E+02   1.30948E-07   2.49499E-07  -3.43241E-08   0.00000E+00   0.00000E+00  -1.03741E-07  -2.27667E-07   5.98961E-08   1.78352E-07
     62000   2.34545E+02   1.65743E-07   1.04713E-06  -7.64126E-07   0.00000E+00   0.00000E+00  -7.69650E-08  -1.49198E-06   5.60896E-08  -9.87143E-07
     63000   2.38328E+02   2.09411E-07   5.97981E-07  -1.91022E-07   0.00000E+00   0.00000E+00  -5.46078E-08  -8.42548E-07   1.31974E-08  -2.12980E-07
     64000   2.42111E+02   2.64494E-07   2.92571E-08   4.36103E-07   0.00000E+00   0.00000E+00  -4.23918E-08  -3.90235E-07   4.07458E-08   3.80364E-07
     65000   2.45894E+02   3.36189E-07   7.00936E-07  -2.09122E-07   0.00000E+00   0.00000E+00   1.98321E-08  -1.79316E-06   1.22249E-07  -8.42906E-07
     66000   2.49677E+02   4.22893E-07   6.96754E-07  -1.00185E-07   0.00000E+00   0.00000E+00  -2.32127E-08  -7.68466E-07   1.99551E-07   4.50547E-07
     67000   2.53460E+02   5.34873E-07   1.06907E-06  -2.05106E-07   0.00000E+00   0.00000E+00   7.88875E-08  -3.12100E-06   1.43594E-07  -1.57857E-06
     68000   2.57242E+02   6.76434E-07  -7.11963E-07   1.75791E-06   0.00000E+00   0.00000E+00   4.62572E-08   4.01622E-07   1.98228E-07   2.32223E-06
     69000   2.61025E+02   8.51293E-07   2.12068E-06  -7.69875E-07   0.00000E+00   0.00000E+00   1.28623E-07  -3.65509E-06   2.50241E-07  -1.20276E-06
     70000   2.64808E+02   1.07700E-06   2.59135E-06  -7.53720E-07   0.00000E+00   0.00000E+00   1.49731E-07  -3.84351E-06   2.01706E-07  -7.27170E-07
     71000   2.68591E+02   1.36095E-06   6.75940E-07   1.65062E-06   0.00000E+00   0.00000E+00   1.02733E-07  -3.27912E-06   1.78471E-07   5.86856E-07
     72000   2.72374E+02   1.71792E-06   7.77188E-07   1.96092E-06   0.00000E+00   0.00000E+00   7.84693E-08  -4.62657E-06   3.08644E-07   1.38102E-07
     73000   2.76157E+02   2.17187E-06   3.16526E-06   8.91085E-08   0.00000E+00   0.00000E+00   1.70098E-07  -8.34311E-06   6.29312E-07  -2.28756E-06
     74000   2.79940E+02   2.74614E-06   2.16082E-06   1.77410E-06   0.00000E+00   0.00000E+00   1.83141E-07  -6.75221E-06   1.03629E-06   9.65134E-07
     75000   2.83723E+02   3.47764E-06   2.42675E-06   3.04039E-06   0.00000E+00   0.00000E+00   2.47156E-07  -9.51345E-06   7.49476E-07   1.80804E-07
     76000   2.87506E+02   4.39476E-06   2.37939E-06   4.25317E-06   0.00000E+00   0.00000E+00   1.29401E-07  -1.09907E-05   1.17880E-06   1.21543E-06
     77000   2.91289E+02   5.55442E-06   3.92510E-06   4.24644E-06   0.00000E+00   0.00000E+00   4.10649E-07  -1.44088E-05   1.80736E-06   1.12455E-06
     78000   2.95072E+02   7.04156E-06   3.85900E-06   6.83299E-06   0.00000E+00   0.00000E+00   6.35244E-07  -1.54880E-05   1.97702E-06   4.22259E-06
     79000   2.98855E+02   8.92528E-06   7.97071E-06   6.25792E-06   0.00000E+00   0.00000E+00   1.57521E-06  -2.25853E-05   1.81775E-06   2.38633E-06
     80000   3.02638E+02   1.12959E-05   5.03988E-06   1.28585E-05   0.00000E+00   0.00000E+00   2.25131E-06  -1.99984E-05   2.46397E-06   1.16599E-05
     81000   3.06421E+02   1.42224E-05   1.04342E-05   1.29698E-05   0.00000E+00   0.00000E+00   2.32792E-06  -3.04861E-05   2.32441E-06   9.46466E-06
     82000   3.10204E+02   1.80213E-05   1.58438E-05   1.29646E-05   0.00000E+00   0.00000E+00   2.72755E-06  -4.88375E-05   3.58849E-06   1.58066E-06
     83000   3.13987E+02   2.27446E-05   1.40093E-05   2.18100E-05   0.00000E+00   0.00000E+00   3.39039E-06  -4.48749E-05   5.17448E-06   1.88636E-05
     84000   3.17770E+02   2.87396E-05   2.88340E-05   1.79647E-05   0.00000E+00   0.00000E+00   4.45761E-06  -7.68220E-05   5.24139E-06   3.95781E-06
     85000   3.21553E+02   3.62804E-05   2.74606E-05   2.96786E-05   0.00000E+00   0.00000E+00   4.26983E-06  -8.45525E-05   8.74935E-06   1.76164E-05
     86000   3.25336E+02   4.57787E-05   4.21755E-05   3.00611E-05   0.00000E+00   0.00000E+00   5.17872E-06  -1.17653E-04   1.07526E-05   1.11147E-05
     87000   3.29119E+02   5.77298E-05   5.42886E-05   3.55213E-05   0.00000E+00   0.00000E+00   6.21051E-06  -1.53148E-04   1.49210E-05   9.31255E-06
     88000   3.32902E+02   7.27125E-05   5.81779E-05   5.70430E-05   0.00000E+00   0.00000E+00   6.82625E-06  -1.80646E-04   1.67663E-05   2.40534E-05
     89000   3.36685E+02   9.17204E-05   7.01325E-05   7.51200E-05   0.00000E+00   0.00000E+00   8.93649E-06  -2.17946E-04   2.08050E-05   3.98316E-05
     90000   3.40468E+02   1.15288E-04   8.78648E-05   9.44734E-05   0.00000E+00   0.00000E+00   1.07916E-05  -2.83545E-04   2.72616E-05   4.13425E-05
     91000   3.44251E+02   1.45227E-04   1.24435E-04   1.09384E-04   0.00000E+00   0.00000E+00   1.26341E-05  -3.62906E-04   3.11958E-05   4.73365E-05
     92000   3.48034E+02   1.83443E-04   1.58946E-04   1.32860E-04   0.00000E+00   0.00000E+00   1.47223E-05  -4.65901E-04   4.14238E-05   5.07729E-05
     93000   3.51817E+02   2.30331E-04   2.13857E-04   1.56780E-04   0.00000E+00   0.00000E+00   1.68692E-05  -6.03776E-04   5.05212E-05   4.77131E-05
     94000   3.55600E+02   2.90781E-04   2.71630E-04   1.89836E-04   0.00000E+00   0.00000E+00   1.79671E-05  -7.70235E-04   6.96839E-05   5.16954E-05
     95000   3.59383E+02   3.64047E-04   3.30862E-04   2.54516E-04   0.00000E+00   0.00000E+00   2.46417E-05  -9.52265E-04   8.26452E-05   7.98051E-05
     96000   3.63166E+02   4.57233E-04   4.13676E-04   3.22570E-04   0.00000E+00   0.00000E+00   3.20253E-05  -1.18266E-03   1.01552E-04   1.12368E-04
     97000   3.66949E+02   5.73288E-04   5.32530E-04   3.88736E-04   0.00000E+00   0.00000E+00   4.16993E-05  -1.53478E-03   1.32763E-04   9.25420E-05
     98000   3.70732E+02   7.17707E-04   6.30115E-04   5.28956E-04   0.00000E+00   0.00000E+00   5.37953E-05  -1.82071E-03   1.63517E-04   2.19585E-04
     99000   3.74515E+02   8.98545E-04   7.77516E-04   6.62209E-04   0.00000E+00   0.00000E+00   7.25176E-05  -2.33526E-03   2.11629E-04   2.14644E-04
    100000   3.78298E+02   1.11535E-03   9.33080E-04   8.70078E-04   0.00000E+00   0.00000E+00   8.83114E-05  -2.82046E-03   2.67250E-04   3.65302E-04
    101000   3.82081E+02   1.38694E-03   1.20419E-03   1.04645E-03   0.00000E+00   0.00000E+00   1.24977E-04  -3.60425E-03   3.26776E-04   3.60113E-04
    102000   3.85864E+02   1.71688E-03   1.43776E-03   1.35127E-03   0.00000E+00   0.00000E+00   1.59519E-04  -4.36833E-03   4.13651E-04   5.51232E-04
    103000   3.89647E+02   2.10663E-03   1.75319E-03   1.70220E-03   0.00000E+00   0.00000E+00   2.00990E-04  -5.41498E-03   5.18317E-04   6.65357E-04
    104000   3.93430E+02   2.58677E-03   2.21732E-03   2.05621E-03   0.00000E+00   0.00000E+00   2.46294E-04  -6.71017E-03   6.39312E-04   7.89442E-04
    105000   3.97213E+02   3.14744E-03   2.72113E-03   2.52877E-03   0.00000E+00   0.00000E+00   2.91613E-04  -8.27048E-03   7.97526E-04   9.24379E-04
    106000   4.00996E+02   3.82203E-03   3.18048E-03   3.21849E-03   0.00000E+00   0.00000E+00   3.43569E-04  -9.94618E-03   9.93283E-04   1.26811E-03
    107000   4.04779E+02   4.57833E-03   3.95696E-03   3.82191E-03   0.00000E+00   0.00000E+00   4.08601E-04  -1.23152E-02   1.22411E-03   1.26612E-03
    108000   4.08562E+02   5.47290E-03   4.64164E-03   4.73481E-03   0.00000E+00   0.00000E+00   4.78063E-04  -1.46898E-02   1.50175E-03   1.66128E-03
    109000   4.12345E+02   6.47604E-03   5.65550E-03   5.59503E-03   0.00000E+00   0.00000E+00   5.83368E-04  -1.78678E-02   1.84847E-03   1.70727E-03
    110000   4.16128E+02   7.56991E-03   6.51554E-03   6.89863E-03   0.00000E+00   0.00000E+00   6.96537E-04  -2.09296E-02   2.25116E-03   2.30560E-03
    111000   4.19911E+02   8.80961E-03   7.56488E-03   8.24657E-03   0.00000E+00   0.00000E+00   8.09818E-04  -2.48549E-02   2.74871E-03   2.51486E-03
    112000   4.23693E+02   1.01771E-02   8.72178E-03   9.85578E-03   0.00000E+00   0.00000E+00   9.42108E-04  -2.91817E-02   3.33250E-03   2.90544E-03
    113000   4.27476E+02   1.15473E-02   9.81967E-03   1.18040E-02   0.00000E+00   0.00000E+00   1.08603E-03  -3.37036E-02   4.00440E-03   3.47186E-03
    114000   4.31259E+02   1.30976E-02   1.08688E-02   1.39838E-02   0.00000E+00   0.00000E+00   1.24500E-03  -3.89004E-02   4.82871E-03   3.87857E-03
    115000   4.35042E+02   1.45661E-02   1.20866E-02   1.63720E-02   0.00000E+00   0.00000E+00   1.40384E-03  -4.42370E-02   5.78982E-03   4.57745E-03
    116000   4.38825E+02   1.60375E-02   1.36197E-02   1.85818E-02   0.00000E+00   0.00000E+00   1.58298E-03  -5.06767E-02   6.89461E-03   4.45700E-03
    117000   4.42608E+02   1.75129E-02   1.43772E-02   2.17100E-02   0.00000E+00   0.00000E+00   1.75195E-03  -5.62238E-02   8.11798E-03   5.49431E-03
    118000   4.46391E+02   1.88909E-02   1.52037E-02   2.49335E-02   0.00000E+00   0.00000E+00   1.94315E-03  -6.28268E-02   9.58996E-03   5.79128E-03
    119000   4.50174E+02   2.02223E-02   1.60292E-02   2.83138E-02   0.00000E+00   0.00000E+00   2.11738E-03  -6.91425E-02   1.11963E-02   6.61924E-03
    120000   4.53957E+02   2.15175E-02   1.71503E-02   3.15111E-02   0.00000E+00   0.00000E+00   2.28414E-03  -7.65927E-02   1.29092E-02   6.49551E-03
    121000   4.57740E+02   2.26177E-02   1.72950E-02   3.56546E-02   0.00000E+00   0.00000E+00   2.45500E-03  -8.30394E-02   1.48982E-02   7.42611E-03
    122000   4.61523E+02   2.37060E-02   1.75702E-02   3.97610E-02   0.00000E+00   0.00000E+00   2.63627E-03  -8.98130E-02   1.69117E-02   8.13594E-03
    123000   4.65306E+02   2.46700E-02   1.84731E-02   4.32782E-02   0.00000E+00   0.00000E+00   2.84229E-03  -9.73352E-02   1.91134E-02   8.19943E-03
    124000   4.69089E+02   2.55236E-02   1.84896E-02   4.77304E-02   0.00000E+00   0.00000E+00   3.02076E-03  -1.04042E-01   2.13776E-02   9.07901E-03
    125000   4.72872E+02   2.62359E-02   1.84899E-02   5.20033E-02   0.00000E+00   0.00000E+00   3.16115E-03  -1.11090E-01   2.37567E-02   9.39612E-03
    126000   4.76655E+02   2.67432E-02   1.89838E-02   5.57663E-02   0.00000E+00   0.00000E+00   3.30345E-03  -1.18468E-01   2.62358E-02   9.26132E-03
    127000   4.80438E+02   2.70864E-02   1.83745E-02   6.06773E-02   0.00000E+00   0.00000E+00   3.48116E-03  -1.24537E-01   2.87419E-02   1.03429E-02
    128000   4.84221E+02   2.75965E-02   1.76323E-02   6.53554E-02   0.00000E+00   0.00000E+00   3.63629E-03  -1.30786E-01   3.13413E-02   1.11390E-02
    129000   4.88004E+02   2.75188E-02   1.78835E-02   6.95453E-02   0.00000E+00   0.00000E+00   3.76342E-03  -1.37578E-01   3.38287E-02   1.11986E-02
    130000   4.91787E+02   2.79959E-02   1.69812E-02   7.41919E-02   0.00000E+00   0.00000E+00   3.87768E-03  -1.43474E-01   3.63649E-02   1.20599E-02
    131000   4.95570E+02   2.79658E-02   1.68522E-02   7.84330E-02   0.00000E+00   0.00000E+00   4.01017E-03  -1.50009E-01   3.89237E-02   1.21652E-02
    132000   4.99353E+02   2.79590E-02   1.59718E-02   8.32208E-02   0.00000E+00   0.00000E+00   4.14783E-03  -1.55492E-01   4.14571E-02   1.31164E-02
    133000   5.03136E+02   2.81208E-02   1.54571E-02   8.75276E-02   0.00000E+00   0.00000E+00   4.29272E-03  -1.61490E-01   4.39161E-02   1.35317E-02
    134000   5.06919E+02   2.79450E-02   1.54808E-02   9.15088E-02   0.00000E+00   0.00000E+00   4.42908E-03  -1.67530E-01   4.63823E-02   1.37872E-02
    135000   5.10702E+02   2.83340E-02   1.43333E-02   9.62378E-02   0.00000E+00   0.00000E+00   4.52028E-03  -1.73443E-01   4.88423E-02   1.43040E-02
    136000   5.14485E+02   2.81814E-02   1.36052E-02   1.01013E-01   0.00000E+00   0.00000E+00   4.57953E-03  -1.78347E-01   5.11660E-02   1.56191E-02
    137000   5.18268E+02   2.81456E-02   1.42393E-02   1.04051E-01   0.00000E+00   0.00000E+00   4.70652E-03  -1.85577E-01   5.33680E-02   1.42271E-02
    138000   5.22051E+02   2.83245E-02   1.25766E-02   1.09125E-01   0.00000E+00   0.00000E+00   4.83086E-03  -1.89233E-01   5.57377E-02   1.65310E-02
    139000   5.25834E+02   2.78601E-02   1.22420E-02   1.13278E-01   0.00000E+00   0.00000E+00   4.94487E-03  -1.95639E-01   5.79916E-02   1.57332E-02
    140000   5.29617E+02   2.79448E-02   1.08940E-02   1.17849E-01   0.00000E+00   0.00000E+00   5.04129E-03  -1.99584E-01   6.01314E-02   1.72357E-02
    141000   5.33400E+02   2.76619E-02   1.09943E-02   1.21280E-01   0.00000E+00   0.00000E+00   5.12827E-03  -2.06117E-01   6.22147E-02   1.60336E-02
    142000   5.37183E+02   2.71473E-02   9.74619E-03   1.25598E-01   0.00000E+00   0.00000E+00   5.22957E-03  -2.10053E-01   6.44317E-02   1.68702E-02
    143000   5.40966E+02   2.66915E-02   7.53159E-03   1.30423E-01   0.00000E+00   0.00000E+00   5.34722E-03  -2.13941E-01   6.64359E-02   1.71415E-02
    144000   5.44749E+02   2.54409E-02   6.59072E-03   1.34394E-01   0.00000E+00   0.00000E+00   5.38229E-03  -2.16420E-01   6.83768E-02   1.83817E-02
    145000   5.48532E+02   2.45588E-02   6.22564E-03   1.36566E-01   0.00000E+00   0.00000E+00   5.39450E-03  -2.22232E-01   7.03619E-02   1.54807E-02
    146000   5.52315E+02   2.32104E-02   2.17948E-03   1.42611E-01   0.00000E+00   0.00000E+00   5.40741E-03  -2.21774E-01   7.20812E-02   1.83081E-02
    147000   5.56098E+02   2.15894E-02   1.09607E-03   1.45213E-01   0.00000E+00   0.00000E+00   5.44162E-03  -2.24128E-01   7.38125E-02   1.75835E-02
    148000   5.59881E+02   2.01074E-02   5.23439E-04   1.46630E-01   0.00000E+00   0.00000E+00   5.44631E-03  -2.27603E-01   7.54359E-02   1.50939E-02
    149000   5.63664E+02   1.81450E-02  -4.26019E-03   1.52541E-01   0.00000E+00   0.00000E+00   5.40047E-03  -2.24337E-01   7.67710E-02   1.88601E-02
    150000   5.67447E+02   1.64433E-02  -5.38942E-03   1.54124E-01   0.00000E+00   0.00000E+00   5.43723E-03  -2.26539E-01   7.79706E-02   1.66092E-02
    151000   5.71230E+02   1.47489E-02  -6.04961E-03   1.55443E-01   0.00000E+00   0.00000E+00   5.44410E-03  -2.26650E-01   7.89861E-02   1.64779E-02
    152000   5.75013E+02   1.31990E-02  -8.70856E-03   1.58547E-01   0.00000E+00   0.00000E+00   5.40876E-03  -2.25764E-01   8.00502E-02   1.73237E-02
    153000   5.78796E+02   1.19328E-02  -1.00588E-02   1.60366E-01   0.00000E+00   0.00000E+00   5.38083E-03  -2.25924E-01   8.07939E-02   1.71094E-02
    154000   5.82579E+02   1.07450E-02  -1.01895E-02   1.61013E-01   0.00000E+00   0.00000E+00   5.34246E-03  -2.26740E-01   8.15086E-02   1.63372E-02
    155000   5.86362E+02   9.98597E-03  -1.14810E-02   1.63008E-01   0.00000E+00   0.00000E+00   5.27554E-03  -2.26590E-01   8.20344E-02   1.69566E-02
    156000   5.90145E+02   9.33083E-03  -1.16841E-02   1.64032E-01   0.00000E+00   0.00000E+00   5.25892E-03  -2.27493E-01   8.26018E-02   1.67883E-02
    157000   5.93927E+02   9.16780E-03  -1.16705E-02   1.64773E-01   0.00000E+00   0.00000E+00   5.28430E-03  -2.29135E-01   8.31398E-02   1.62751E-02
    158000   5.97710E+02   9.19632E-03  -1.23567E-02   1.66660E-01   0.00000E+00   0.00000E+00   5.37056E-03  -2.29179E-01   8.35426E-02   1.78627E-02
    159000   6.01493E+02   9.30323E-03  -1.13285E-02   1.66958E-01   0.00000E+00   0.00000E+00   5.48281E-03  -2.32085E-01   8.39820E-02   1.68294E-02
    160000   6.05276E+02   9.70801E-03  -1.17264E-02   1.68705E-01   0.00000E+00   0.00000E+00   5.54902E-03  -2.32828E-01   8.44085E-02   1.82674E-02
    161000   6.09059E+02   9.96901E-03  -1.08757E-02   1.69405E-01   0.00000E+00   0.00000E+00   5.58935E-03  -2.36007E-01   8.48988E-02   1.73894E-02
    162000   6.12842E+02   1.04831E-02  -1.05070E-02   1.70661E-01   0.00000E+00   0.00000E+00   5.61689E-03  -2.38307E-01   8.52833E-02   1.76130E-02
    163000   6.16625E+02   1.07353E-02  -1.05386E-02   1.72329E-01   0.00000E+00   0.00000E+00   5.63350E-03  -2.40016E-01   8.58244E-02   1.83340E-02
    164000   6.20408E+02   1.09161E-02  -9.97246E-03   1.73096E-01   0.00000E+00   0.00000E+00   5.66155E-03  -2.43790E-01   8.64600E-02   1.67099E-02
    165000   6.24191E+02   1.10831E-02  -1.08459E-02   1.75429E-01   0.00000E+00   0.00000E+00   5.65574E-03  -2.43858E-01   8.70457E-02   1.88538E-02
    166000   6.27974E+02   1.10894E-02  -9.28958E-03   1.75098E-01   0.00000E+00   0.00000E+00   5.73024E-03  -2.49341E-01   8.77479E-02   1.53039E-02
    167000   6.31757E+02   1.10486E-02  -1.11242E-02   1.78299E-01   0.00000E+00   0.00000E+00   5.75911E-03  -2.47962E-01   8.83995E-02   1.86610E-02
    168000   6.35540E+02   1.10051E-02  -1.12093E-02   1.79575E-01   0.00000E+00   0.00000E+00   5.81521E-03  -2.51751E-01   8.91500E-02   1.67692E-02
    169000   6.39323E+02   1.09935E-02  -1.16969E-02   1.81338E-01   0.00000E+00   0.00000E+00   5.85976E-03  -2.52540E-01   8.99909E-02   1.80852E-02
    170000   6.43106E+02   1.09577E-02  -1.11735E-02   1.82253E-01   0.00000E+00   0.00000E+00   5.92108E-03  -2.56066E-01   9.06717E-02   1.66433E-02
    171000   6.46889E+02   1.09520E-02  -1.23186E-02   1.84578E-01   0.00000E+00   0.00000E+00   5.95699E-03  -2.57005E-01   9.14374E-02   1.76440E-02
    172000   6.50672E+02   1.07031E-02  -1.27857E-02   1.86373E-01   0.00000E+00   0.00000E+00   6.00328E-03  -2.58439E-01   9.21981E-02   1.80490E-02
    173000   6.54455E+02   1.03834E-02  -1.20190E-02   1.86800E-01   0.00000E+00   0.00000E+00   6.02594E-03  -2.61262E-01   9.28935E-02   1.67958E-02
    174000   6.58238E+02   1.01773E-02  -1.35106E-02   1.89357E-01   0.00000E+00   0.00000E+00   6.06639E-03  -2.61540E-01   9.36106E-02   1.80949E-02
    175000   6.62021E+02   9.67432E-03  -1.43489E-02   1.91293E-01   0.00000E+00   0.00000E+00   6.12954E-03  -2.62846E-01   9.43281E-02   1.81012E-02
    176000   6.65804E+02   9.29994E-03  -1.38743E-02   1.91761E-01   0.00000E+00   0.00000E+00   6.14019E-03  -2.64456E-01   9.51667E-02   1.78979E-02
    177000   6.69587E+02   8.97390E-03  -1.32669E-02   1.92256E-01   0.00000E+00   0.00000E+00   6.14685E-03  -2.67036E-01   9.57970E-02   1.67235E-02
    178000   6.73370E+02   8.71815E-03  -1.53293E-02   1.95389E-01   0.00000E+00   0.00000E+00   6.13654E-03  -2.66678E-01   9.64461E-02   1.85461E-02
    179000   6.77153E+02   8.54071E-03  -1.48947E-02   1.95935E-01   0.00000E+00   0.00000E+00   6.15935E-03  -2.68487E-01   9.71107E-02   1.82049E-02
    180000   6.80936E+02   8.42865E-03  -1.37294E-02   1.95845E-01   0.00000E+00   0.00000E+00   6.22356E-03  -2.71298E-01   9.76831E-02   1.69290E-02
    181000   6.84719E+02   8.31079E-03  -1.55707E-02   1.98806E-01   0.00000E+00   0.00000E+00   6.22432E-03  -2.70534E-01   9.80759E-02   1.90878E-02
    182000   6.88502E+02   8.11873E-03  -1.58060E-02   1.99589E-01   0.00000E+00   0.00000E+00   6.23723E-03  -2.72464E-01   9.86868E-02   1.81250E-02
    183000   6.92285E+02   7.78508E-03  -1.53079E-02   1.99767E-01   0.00000E+00   0.00000E+00   6.26386E-03  -2.73631E-01   9.92607E-02   1.78740E-02
    184000   6.96068E+02   7.38252E-03  -1.62816E-02   2.01190E-01   0.00000E+00   0.00000E+00   6.27815E-03  -2.74524E-01   9.97860E-02   1.75527E-02
    185000   6.99851E+02   6.97508E-03  -1.83105E-02   2.03720E-01   0.00000E+00   0.00000E+00   6.26977E-03  -2.73234E-01   1.00292E-01   1.94426E-02
    186000   7.03634E+02   6.48860E-03  -1.72605E-02   2.03030E-01   0.00000E+00   0.00000E+00   6.25666E-03  -2.75336E-01   1.00814E-01   1.77356E-02
    187000   7.07417E+02   6.11609E-03  -1.73420E-02   2.03617E-01   0.00000E+00   0.00000E+00   6.23108E-03  -2.76499E-01   1.01199E-01   1.70901E-02
    188000   7.11200E+02   5.83290E-03  -1.95779E-02   2.06268E-01   0.00000E+00   0.00000E+00   6.19965E-03  -2.74847E-01   1.01715E-01   1.93910E-02
    189000   7.14983E+02   5.57102E-03  -1.86972E-02   2.05835E-01   0.00000E+00   0.00000E+00   6.18875E-03  -2.77714E-01   1.02132E-01   1.71272E-02
    190000   7.18766E+02   5.43678E-03  -1.88523E-02   2.06391E-01   0.00000E+00   0.00000E+00   6.18314E-03  -2.77198E-01   1.02568E-01   1.83450E-02
    191000   7.22549E+02   5.05947E-03  -1.87444E-02   2.06717E-01   0.00000E+00   0.00000E+00   6.22668E-03  -2.79411E-01   1.02961E-01   1.65815E-02
    192000   7.26332E+02   4.92481E-03  -2.04983E-02   2.08741E-01   0.00000E+00   0.00000E+00   6.20595E-03  -2.77357E-01   1.03291E-01   1.91013E-02
    193000   7.30115E+02   4.50791E-03  -1.91878E-02   2.07717E-01   0.00000E+00   0.00000E+00   6.27013E-03  -2.79991E-01   1.03609E-01   1.66552E-02
    194000   7.33898E+02   4.20043E-03  -2.00672E-02   2.08788E-01   0.00000E+00   0.00000E+00   6.28637E-03  -2.79081E-01   1.04013E-01   1.78531E-02
    195000   7.37681E+02   3.96146E-03  -2.12315E-02   2.10116E-01   0.00000E+00   0.00000E+00   6.31860E-03  -2.79028E-01   1.04412E-01   1.82304E-02
    196000   7.41464E+02   3.76174E-03  -2.07131E-02   2.09901E-01   0.00000E+00   0.00000E+00   6.31975E-03  -2.80270E-01   1.04662E-01   1.73412E-02
    197000   7.45247E+02   3.55555E-03  -2.06725E-02   2.10281E-01   0.00000E+00   0.00000E+00   6.31384E-03  -2.80233E-01   1.04942E-01   1.78736E-02
    198000   7.49030E+02   3.40849E-03  -2.10140E-02   2.10877E-01   0.00000E+00   0.00000E+00   6.32859E-03  -2.81032E-01   1.05248E-01   1.74880E-02
    199000   7.52813E+02   3.31653E-03  -2.13812E-02   2.11569E-01   0.00000E+00   0.00000E+00   6.34143E-03  -2.80611E-01   1.05500E-01   1.83932E-02
    200000   7.56596E+02   3.27555E-03  -2.03394E-02   2.10794E-01   0.00000E+00   0.00000E+00   6.35251E-03  -2.82523E-01   1.05747E-01   1.69546E-02
    201000   7.60379E+02   3.19388E-03  -2.08213E-02   2.11743E-01   0.00000E+00   0.00000E+00   6.35609E-03  -2.82425E-01   1.05888E-01   1.75792E-02
    202000   7.64161E+02   3.23470E-03  -2.14532E-02   2.12567E-01   0.00000E+00   0.00000E+00   6.33492E-03  -2.82165E-01   1.06210E-01   1.83933E-02
    203000   7.67944E+02   3.28683E-03  -1.99987E-02   2.11408E-01   0.00000E+00   0.00000E+00   6.31910E-03  -2.84882E-01   1.06392E-01   1.62059E-02
    204000   7.71727E+02   3.32496E-03  -2.08869E-02   2.12754E-01   0.00000E+00   0.00000E+00   6.25946E-03  -2.83831E-01   1.06630E-01   1.79910E-02
    205000   7.75510E+02   3.37897E-03  -2.03998E-02   2.12652E-01   0.00000E+00   0.00000E+00   6.28580E-03  -2.85837E-01   1.06811E-01   1.66050E-02
    206000   7.79293E+02   3.39359E-03  -2.09604E-02   2.13626E-01   0.00000E+00   0.00000E+00   6.29414E-03  -2.84820E-01   1.07107E-01   1.83459E-02
    207000   7.83076E+02   3.44066E-03  -2.07046E-02   2.13595E-01   0.00000E+00   0.00000E+00   6.37240E-03  -2.86718E-01   1.07381E-01   1.69946E-02
    208000   7.86859E+02   3.48644E-03  -2.12801E-02   2.14539E-01   0.00000E+00   0.00000E+00   6.42440E-03  -2.86552E-01   1.07691E-01   1.78842E-02
    209000   7.90642E+02   3.49323E-03  -2.12357E-02   2.15037E-01   0.00000E+00   0.00000E+00   6.47476E-03  -2.86675E-01   1.07888E-01   1.85072E-02
    210000   7.94425E+02   3.52795E-03  -2.06376E-02   2.14743E-01   0.00000E+00   0.00000E+00   6.52327E-03  -2.88969E-01   1.08167E-01   1.68311E-02
    211000   7.98208E+02   3.57285E-03  -2.22532E-02   2.16857E-01   0.00000E+00   0.00000E+00   6.52109E-03  -2.86794E-01   1.08399E-01   1.97819E-02
    212000   8.01991E+02   3.54947E-03  -2.03284E-02   2.15276E-01   0.00000E+00   0.00000E+00   6.50943E-03  -2.90480E-01   1.08682E-01   1.66988E-02
    213000   8.05774E+02   3.57477E-03  -2.09399E-02   2.16235E-01   0.00000E+00   0.00000E+00   6.40330E-03  -2.89804E-01   1.08969E-01   1.80352E-02
    214000   8.09557E+02   3.53850E-03  -2.14313E-02   2.17120E-01   0.00000E+00   0.00000E+00   6.35289E-03  -2.90518E-01   1.09102E-01   1.78112E-02
    215000   8.13340E+02   3.45431E-03  -2.08944E-02   2.16762E-01   0.00000E+00   0.00000E+00   6.33419E-03  -2.91548E-01   1.09458E-01   1.72326E-02
    216000   8.17123E+02   3.30766E-03  -2.07136E-02   2.16874E-01   0.00000E+00   0.00000E+00   6.31854E-03  -2.92334E-01   1.09682E-01   1.68155E-02
    217000   8.20906E+02   3.19895E-03  -2.16829E-02   2.18036E-01   0.00000E+00   0.00000E+00   6.31248E-03  -2.91840E-01   1.09888E-01   1.75995E-02
    218000   8.24689E+02   3.00758E-03  -2.14614E-02   2.17930E-01   0.00000E+00   0.00000E+00   6.35236E-03  -2.92569E-01   1.10259E-01   1.71655E-02
    219000   8.28472E+02   2.79522E-03  -2.11591E-02   2.17821E-01   0.00000E+00   0.00000E+00   6.40510E-03  -2.93307E-01   1.10427E-01   1.65776E-02
    220000   8.32255E+02   2.71338E-03  -2.24365E-02   2.19236E-01   0.00000E+00   0.00000E+00   6.42810E-03  -2.91906E-01   1.10654E-01   1.82611E-02
    221000   8.36038E+02   2.55236E-03  -2.19496E-02   2.18795E-01   0.00000E+00   0.00000E+00   6.45172E-03  -2.93122E-01   1.10901E-01   1.71765E-02
    222000   8.39821E+02   2.40660E-03  -2.22413E-02   2.19163E-01   0.00000E+00   0.00000E+00   6.46519E-03  -2.93444E-01   1.11182E-01   1.70666E-02
    223000   8.43604E+02   2.31219E-03  -2.28823E-02   2.19912E-01   0.00000E+00   0.00000E+00   6.41297E-03  -2.92564E-01   1.11387E-01   1.81649E-02
    224000   8.47387E+02   2.21248E-03  -2.18747E-02   2.18974E-01   0.00000E+00   0.00000E+00   6.39015E-03  -2.94912E-01   1.11550E-01   1.59500E-02
    225000   8.51170E+02   2.17584E-03  -2.34016E-02   2.20703E-01   0.00000E+00   0.00000E+00   6.35376E-03  -2.92952E-01   1.11694E-01   1.82197E-02
    226000   8.54953E+02   2.16386E-03  -2.25658E-02   2.19981E-01   0.00000E+00   0.00000E+00   6.40062E-03  -2.94060E-01   1.11898E-01   1.74175E-02
    227000   8.58736E+02   2.10772E-03  -2.19255E-02   2.19377E-01   0.00000E+00   0.00000E+00   6.47768E-03  -2.95935E-01   1.12143E-01   1.57666E-02
    228000   8.62519E+02   2.09020E-03  -2.43547E-02   2.22049E-01   0.00000E+00   0.00000E+00   6.50609E-03  -2.92539E-01   1.12269E-01   1.95145E-02
    229000   8.66302E+02   2.05187E-03  -2.21079E-02   2.19884E-01   0.00000E+00   0.00000E+00   6.50068E-03  -2.96093E-01   1.12427E-01   1.61631E-02
    230000   8.70085E+02   2.00568E-03  -2.22451E-02   2.20199E-01   0.00000E+00   0.00000E+00   6.47868E-03  -2.95927E-01   1.12540E-01   1.65720E-02
    231000   8.73868E+02   1.96894E-03  -2.39907E-02   2.22055E-01   0.00000E+00   0.00000E+00   6.47567E-03  -2.93754E-01   1.12732E-01   1.90108E-02
    232000   8.77651E+02   1.90496E-03  -2.19988E-02   2.19988E-01   0.00000E+00   0.00000E+00   6.48771E-03  -2.97552E-01   1.12981E-01   1.53241E-02
    233000   8.81434E+02   1.87002E-03  -2.32669E-02   2.21427E-01   0.00000E+00   0.00000E+00   6.42944E-03  -2.95224E-01   1.13166E-01   1.79710E-02
    234000   8.85217E+02   1.81872E-03  -2.29012E-02   2.21150E-01   0.00000E+00   0.00000E+00   6.44180E-03  -2.96808E-01   1.13354E-01   1.66132E-02
    235000   8.89000E+02   1.80164E-03  -2.25046E-02   2.20804E-01   0.00000E+00   0.00000E+00   6.40401E-03  -2.97343E-01   1.13509E-01   1.62672E-02
    236000   8.92783E+02   1.75869E-03  -2.33468E-02   2.21922E-01   0.00000E+00   0.00000E+00   6.39709E-03  -2.96327E-01   1.13556E-01   1.75635E-02
    237000   8.96566E+02   1.71199E-03  -2.26456E-02   2.21245E-01   0.00000E+00   0.00000E+00   6.40755E-03  -2.97648E-01   1.13718E-01   1.63825E-02
    238000   9.00349E+02   1.66391E-03  -2.31666E-02   2.21841E-01   0.00000E+00   0.00000E+00   6.44907E-03  -2.97369E-01   1.13939E-01   1.69081E-02
    239000   9.04132E+02   1.62533E-03  -2.34820E-02   2.22349E-01   0.00000E+00   0.00000E+00   6.46337E-03  -2.96727E-01   1.14021E-01   1.77857E-02
    240000   9.07915E+02   1.61916E-03  -2.26079E-02   2.21509E-01   0.00000E+00   0.00000E+00   6.48782E-03  -2.98938E-01   1.14191E-01   1.57736E-02
    241000   9.11698E+02   1.62940E-03  -2.41343E-02   2.23288E-01   0.00000E+00   0.00000E+00   6.46068E-03  -2.96393E-01   1.14348E-01   1.87374E-02
    242000   9.15481E+02   1.66306E-03  -2.27432E-02   2.21862E-01   0.00000E+00   0.00000E+00   6.49276E-03  -2.99363E-01   1.14561E-01   1.59796E-02
    243000   9.19264E+02   1.65918E-03  -2.35284E-02   2.22847E-01   0.00000E+00   0.00000E+00   6.47349E-03  -2.98291E-01   1.14683E-01   1.73695E-02
    244000   9.23047E+02   1.65556E-03  -2.42107E-02   2.23626E-01   0.00000E+00   0.00000E+00   6.49462E-03  -2.97936E-01   1.14868E-01   1.80025E-02
    245000   9.26830E+02   1.63592E-03  -2.28178E-02   2.22285E-01   0.00000E+00   0.00000E+00   6.48527E-03  -2.99702E-01   1.15097E-01   1.64981E-02
    246000   9.30612E+02   1.62862E-03  -2.28278E-02   2.22445E-01   0.00000E+00   0.00000E+00   6.46748E-03  -2.99943E-01   1.15150E-01   1.64526E-02
    247000   9.34395E+02   1.64447E-03  -2.43071E-02   2.24093E-01   0.00000E+00   0.00000E+00   6.44184E-03  -2.98976E-01   1.15217E-01   1.76710E-02
    248000   9.38178E+02   1.62987E-03  -2.30646E-02   2.22985E-01   0.00000E+00   0.00000E+00   6.41266E-03  -3.00021E-01   1.15369E-01   1.68979E-02
    249000   9.41961E+02   1.60558E-03  -2.23659E-02   2.22278E-01   0.00000E+00   0.00000E+00   6.45171E-03  -3.01671E-01   1.15642E-01   1.54879E-02
    250000   9.45744E+02   1.60328E-03  -2.45225E-02   2.24538E-01   0.00000E+00   0.00000E+00   6.45712E-03  -2.99040E-01   1.15730E-01   1.83085E-02
