 kstep t[R/vA] e_n=0 e_n=1 e_n=2 e_n=3 e_n=4 e_n=5 e_n=6 e_n=7 e_n=8 e_n=9 e_n=10 e_n=11 e_n=12 e_n=13 e_n=14 e_n=15 e_n=16 e_n=17 e_n=18 e_n=19 e_n=20 e_n=21 e_n=22 e_n=23 e_n=24 e_n=25 e_n=26 e_n=27 e_n=28 e_n=29 e_n=30 e_n=31 e_n=32 e_n=33 e_n=34 e_n=35 e_n=36 e_n=37 e_n=38 e_n=39 e_n=40
         0   0.00000E+00   0.00000E+00   3.04886E-12   6.38002E-44
      1000   3.78298E+00  -3.82749E-12   2.59060E-12   3.07596E-17
      2000   7.56596E+00  -4.02569E-11   2.21950E-12   1.05000E-16
      3000   1.13489E+01  -4.57722E-11   1.90870E-12   1.71249E-16
      4000   1.51319E+01  -5.10218E-11   1.82213E-12   2.33408E-16
      5000   1.89149E+01  -8.25135E-11   1.82975E-12   3.11219E-16
      6000   2.26979E+01  -2.12792E-11   1.73811E-12   3.90109E-16
      7000   2.64808E+01  -1.11925E-10   1.73165E-12   4.58343E-16
      8000   3.02638E+01  -2.06678E-10   1.88587E-12   5.39602E-16
      9000   3.40468E+01  -1.67360E-10   2.27900E-12   6.51848E-16
     10000   3.78298E+01  -1.58511E-10   2.71391E-12   7.97247E-16
     11000   4.16128E+01  -1.19171E-10   3.02968E-12   9.05704E-16
     12000   4.53957E+01  -1.35809E-10   3.48795E-12   1.10928E-15
     13000   4.91787E+01  -2.58759E-10   4.13716E-12   1.24828E-15
     14000   5.29617E+01   1.28498E-11   5.12026E-12   1.48184E-15
     15000   5.67447E+01   1.51224E-10   6.48944E-12   1.83261E-15
     16000   6.05276E+01  -1.64066E-10   8.03093E-12   2.16144E-15
     17000   6.43106E+01  -1.74650E-10   9.94019E-12   2.57453E-15
     18000   6.80936E+01   3.01320E-10   1.23645E-11   3.08698E-15
     19000   7.18766E+01  -1.95591E-10   1.57223E-11   3.80785E-15
     20000   7.56596E+01  -5.98367E-10   2.03225E-11   4.57663E-15
     21000   7.94425E+01  -3.45968E-10   2.57838E-11   5.93232E-15
     22000   8.32255E+01   1.24872E-10   3.21699E-11   7.31445E-15
     23000   8.70085E+01   2.02662E-10   4.01696E-11   9.17481E-15
     24000   9.07915E+01  -6.69463E-10   5.08573E-11   1.12696E-14
     25000   9.45744E+01  -5.57359E-10   6.49651E-11   1.46818E-14
     26000   9.83574E+01   7.95511E-10   8.22881E-11   1.89787E-14
     27000   1.02140E+02  -1.68364E-10   1.02817E-10   2.39862E-14
     28000   1.05923E+02  -5.63365E-10   1.28043E-10   3.20175E-14
     29000   1.09706E+02  -6.37403E-11   1.60720E-10   4.02364E-14
     30000   1.13489E+02   1.60708E-11   2.03860E-10   4.81403E-14
     31000   1.17272E+02   4.27514E-10   2.57547E-10   6.28669E-14
     32000   1.21055E+02  -1.98350E-10   3.23196E-10   8.20773E-14
     33000   1.24838E+02  -2.13205E-09   4.05942E-10   9.82648E-14
     34000   1.28621E+02  -1.91202E-09   5.10775E-10   1.16695E-13
     35000   1.32404E+02  -2.35015E-09   6.47716E-10   1.46609E-13
     36000   1.36187E+02   1.84813E-09   8.19595E-10   1.88279E-13
     37000   1.39970E+02   7.89201E-09   1.03231E-09   2.41359E-13
     38000   1.43753E+02   8.66680E-09   1.30049E-09   3.01188E-13
     39000   1.47536E+02   5.13668E-09   1.63910E-09   3.97328E-13
     40000   1.51319E+02   1.93913E-09   2.07264E-09   4.75122E-13
     41000   1.55102E+02   2.99025E-09   2.62554E-09   6.29039E-13
     42000   1.58885E+02   3.89472E-09   3.31146E-09   7.41154E-13
     43000   1.62668E+02   7.12058E-10   4.17460E-09   1.03218E-12
     44000   1.66451E+02  -9.14418E-09   5.26278E-09   1.37436E-12
     45000   1.70234E+02   3.72564E-09   6.65066E-09   1.72537E-12
     46000   1.74017E+02   1.00194E-08   8.42925E-09   2.12385E-12
     47000   1.77800E+02  -7.61224E-09   1.06207E-08   2.66702E-12
     48000   1.81583E+02  -8.68271E-10   1.33986E-08   3.34941E-12
     49000   1.85366E+02   1.62952E-08   1.68873E-08   4.20529E-12
     50000   1.89149E+02   2.56384E-09   2.12755E-08   5.54576E-12
     51000   1.92932E+02   5.53750E-09   2.68834E-08   6.84413E-12
     52000   1.96715E+02  -5.73489E-09   3.39661E-08   8.12791E-12
     53000   2.00498E+02   1.70893E-08   4.29520E-08   1.03333E-11
     54000   2.04281E+02  -9.06319E-09   5.42212E-08   1.33424E-11
     55000   2.08064E+02  -1.00674E-09   6.85727E-08   1.68827E-11
     56000   2.11847E+02   2.32125E-08   8.67699E-08   2.22446E-11
     57000   2.15630E+02   7.41719E-08   1.09641E-07   2.46535E-11
     58000   2.19413E+02   4.86971E-08   1.38556E-07   3.15082E-11
     59000   2.23196E+02   6.04199E-08   1.75097E-07   4.19744E-11
     60000   2.26979E+02   1.04516E-07   2.20964E-07   5.25486E-11
     61000   2.30762E+02   6.64384E-08   2.79617E-07   6.77236E-11
     62000   2.34545E+02   9.52305E-08   3.53430E-07   8.57380E-11
     63000   2.38328E+02   1.69604E-07   4.46662E-07   1.04366E-10
     64000   2.42111E+02   1.64366E-07   5.65347E-07   1.40327E-10
     65000   2.45894E+02   1.12706E-07   7.15121E-07   1.74748E-10
     66000   2.49677E+02   1.16308E-07   9.02954E-07   2.00199E-10
     67000   2.53460E+02   2.58289E-07   1.14029E-06   2.52950E-10
     68000   2.57242E+02   2.79715E-07   1.44232E-06   3.39932E-10
     69000   2.61025E+02   3.81566E-07   1.82009E-06   4.35156E-10
     70000   2.64808E+02   6.15687E-07   2.29837E-06   5.72353E-10
     71000   2.68591E+02   7.83103E-07   2.90363E-06   7.81149E-10
     72000   2.72374E+02   7.86859E-07   3.66819E-06   9.78229E-10
     73000   2.76157E+02   7.89328E-07   4.63569E-06   1.22127E-09
     74000   2.79940E+02   8.19747E-07   5.85978E-06   1.52812E-09
     75000   2.83723E+02   1.52921E-06   7.41349E-06   2.08424E-09
     76000   2.87506E+02   1.65572E-06   9.36899E-06   2.61245E-09
     77000   2.91289E+02   1.85317E-06   1.18697E-05   3.13749E-09
     78000   2.95072E+02   2.70721E-06   1.50225E-05   3.79310E-09
     79000   2.98855E+02   4.11682E-06   1.90323E-05   4.74713E-09
     80000   3.02638E+02   5.08912E-06   2.40987E-05   6.48953E-09
     81000   3.06421E+02   7.21763E-06   3.03997E-05   9.06600E-09
     82000   3.10204E+02   8.43883E-06   3.83782E-05   1.26690E-08
     83000   3.13987E+02   9.94614E-06   4.86007E-05   1.71356E-08
     84000   3.17770E+02   1.42442E-05   6.12723E-05   2.18056E-08
     85000   3.21553E+02   1.60364E-05   7.73543E-05   2.88581E-08
     86000   3.25336E+02   2.04297E-05   9.75468E-05   3.88116E-08
     87000   3.29119E+02   2.45572E-05   1.22930E-04   5.23767E-08
     88000   3.32902E+02   3.27193E-05   1.55141E-04   7.31919E-08
     89000   3.36685E+02   4.17631E-05   1.95102E-04   1.07940E-07
     90000   3.40468E+02   5.19631E-05   2.45501E-04   1.62134E-07
     91000   3.44251E+02   6.95550E-05   3.09258E-04   2.33752E-07
     92000   3.48034E+02   8.54984E-05   3.89428E-04   3.23408E-07
     93000   3.51817E+02   1.09871E-04   4.90611E-04   4.85757E-07
     94000   3.55600E+02   1.34194E-04   6.17300E-04   7.52952E-07
     95000   3.59383E+02   1.74825E-04   7.73423E-04   1.17696E-06
     96000   3.63166E+02   2.21082E-04   9.70699E-04   1.69767E-06
     97000   3.66949E+02   2.74951E-04   1.21713E-03   2.47574E-06
     98000   3.70732E+02   3.51389E-04   1.52146E-03   3.93246E-06
     99000   3.74515E+02   4.36661E-04   1.89566E-03   5.94805E-06
    100000   3.78298E+02   5.49856E-04   2.35977E-03   8.88880E-06
    101000   3.82081E+02   7.05892E-04   2.91799E-03   1.37036E-05
    102000   3.85864E+02   8.85020E-04   3.60038E-03   2.05146E-05
    103000   3.89647E+02   1.11604E-03   4.41594E-03   3.00374E-05
    104000   3.93430E+02   1.41944E-03   5.39682E-03   4.40433E-05
    105000   3.97213E+02   1.79086E-03   6.54291E-03   6.35584E-05
    106000   4.00996E+02   2.24501E-03   7.88438E-03   9.16082E-05
    107000   4.04779E+02   2.82538E-03   9.40009E-03   1.31739E-04
    108000   4.08562E+02   3.54034E-03   1.11281E-02   1.80967E-04
    109000   4.12345E+02   4.40878E-03   1.30749E-02   2.42874E-04
    110000   4.16128E+02   5.44885E-03   1.52131E-02   3.22158E-04
    111000   4.19911E+02   6.70650E-03   1.74963E-02   4.18290E-04
    112000   4.23693E+02   8.19314E-03   2.00203E-02   5.41192E-04
    113000   4.27476E+02   9.95710E-03   2.25258E-02   6.88152E-04
    114000   4.31259E+02   1.19198E-02   2.51972E-02   8.33161E-04
    115000   4.35042E+02   1.41845E-02   2.78355E-02   1.00468E-03
    116000   4.38825E+02   1.67384E-02   3.03285E-02   1.17207E-03
    117000   4.42608E+02   1.95342E-02   3.27166E-02   1.34933E-03
    118000   4.46391E+02   2.25563E-02   3.49263E-02   1.54551E-03
    119000   4.50174E+02   2.57999E-02   3.70434E-02   1.72215E-03
    120000   4.53957E+02   2.93697E-02   3.89366E-02   1.87257E-03
    121000   4.57740E+02   3.29616E-02   4.05990E-02   2.00676E-03
    122000   4.61523E+02   3.67877E-02   4.21117E-02   2.13777E-03
    123000   4.65306E+02   4.07826E-02   4.33805E-02   2.25810E-03
    124000   4.69089E+02   4.49395E-02   4.44101E-02   2.39390E-03
    125000   4.72872E+02   4.91849E-02   4.50754E-02   2.46882E-03
    126000   4.76655E+02   5.33820E-02   4.55754E-02   2.53583E-03
    127000   4.80438E+02   5.76951E-02   4.58719E-02   2.57123E-03
    128000   4.84221E+02   6.18059E-02   4.61686E-02   2.60962E-03
    129000   4.88004E+02   6.61739E-02   4.61438E-02   2.62986E-03
    130000   4.91787E+02   7.03219E-02   4.62156E-02   2.63144E-03
    131000   4.95570E+02   7.44844E-02   4.61126E-02   2.65395E-03
    132000   4.99353E+02   7.85525E-02   4.60040E-02   2.59511E-03
    133000   5.03136E+02   8.25227E-02   4.60601E-02   2.52273E-03
    134000   5.06919E+02   8.64362E-02   4.60522E-02   2.44605E-03
    135000   5.10702E+02   9.02394E-02   4.62795E-02   2.38608E-03
    136000   5.14485E+02   9.40655E-02   4.63718E-02   2.36253E-03
    137000   5.18268E+02   9.79567E-02   4.61640E-02   2.31522E-03
    138000   5.22051E+02   1.01779E-01   4.59976E-02   2.25029E-03
    139000   5.25834E+02   1.05548E-01   4.56124E-02   2.22054E-03
    140000   5.29617E+02   1.09507E-01   4.50485E-02   2.13197E-03
    141000   5.33400E+02   1.13558E-01   4.43168E-02   2.06171E-03
    142000   5.37183E+02   1.17223E-01   4.32349E-02   2.03359E-03
    143000   5.40966E+02   1.21232E-01   4.14269E-02   1.98763E-03
    144000   5.44749E+02   1.25097E-01   3.94308E-02   1.89748E-03
    145000   5.48532E+02   1.28685E-01   3.69043E-02   1.76179E-03
    146000   5.52315E+02   1.32218E-01   3.41299E-02   1.65308E-03
    147000   5.56098E+02   1.35385E-01   3.09831E-02   1.53044E-03
    148000   5.59881E+02   1.38205E-01   2.77137E-02   1.34250E-03
    149000   5.63664E+02   1.40976E-01   2.42763E-02   1.17308E-03
    150000   5.67447E+02   1.43116E-01   2.10764E-02   9.85097E-04
    151000   5.71230E+02   1.45135E-01   1.82164E-02   7.90382E-04
    152000   5.75013E+02   1.46607E-01   1.58269E-02   6.03436E-04
    153000   5.78796E+02   1.47934E-01   1.38457E-02   4.60042E-04
    154000   5.82579E+02   1.48857E-01   1.23578E-02   3.53711E-04
    155000   5.86362E+02   1.49830E-01   1.14199E-02   2.62725E-04
    156000   5.90145E+02   1.50368E-01   1.10890E-02   2.22177E-04
    157000   5.93927E+02   1.50844E-01   1.12444E-02   1.81338E-04
    158000   5.97710E+02   1.51423E-01   1.19074E-02   1.68677E-04
    159000   6.01493E+02   1.51979E-01   1.27849E-02   1.68458E-04
    160000   6.05276E+02   1.52689E-01   1.38290E-02   1.68251E-04
    161000   6.09059E+02   1.53389E-01   1.49154E-02   1.93320E-04
    162000   6.12842E+02   1.54598E-01   1.58357E-02   2.02806E-04
    163000   6.16625E+02   1.55792E-01   1.65121E-02   2.21075E-04
    164000   6.20408E+02   1.56858E-01   1.69425E-02   2.39152E-04
    165000   6.24191E+02   1.58383E-01   1.70213E-02   2.61972E-04
    166000   6.27974E+02   1.59750E-01   1.68796E-02   2.67669E-04
    167000   6.31757E+02   1.61351E-01   1.66246E-02   2.48132E-04
    168000   6.35540E+02   1.62695E-01   1.64449E-02   2.30742E-04
    169000   6.39323E+02   1.64088E-01   1.63399E-02   2.06823E-04
    170000   6.43106E+02   1.65588E-01   1.62471E-02   2.02414E-04
    171000   6.46889E+02   1.66885E-01   1.61198E-02   2.06633E-04
    172000   6.50672E+02   1.68284E-01   1.57961E-02   2.09411E-04
    173000   6.54455E+02   1.69693E-01   1.52664E-02   2.04282E-04
    174000   6.58238E+02   1.71096E-01   1.47243E-02   2.03340E-04
    175000   6.62021E+02   1.72285E-01   1.41164E-02   2.17501E-04
    176000   6.65804E+02   1.73475E-01   1.34798E-02   2.31585E-04
    177000   6.69587E+02   1.74701E-01   1.30366E-02   2.25082E-04
    178000   6.73370E+02   1.75796E-01   1.27647E-02   2.17757E-04
    179000   6.77153E+02   1.76742E-01   1.26303E-02   2.08403E-04
    180000   6.80936E+02   1.77814E-01   1.25426E-02   1.87842E-04
    181000   6.84719E+02   1.78994E-01   1.23755E-02   1.76375E-04
    182000   6.88502E+02   1.79822E-01   1.19062E-02   1.73883E-04
    183000   6.92285E+02   1.80861E-01   1.12103E-02   1.72811E-04
    184000   6.96068E+02   1.81773E-01   1.03521E-02   1.65648E-04
    185000   6.99851E+02   1.82825E-01   9.40076E-03   1.58970E-04
    186000   7.03634E+02   1.83647E-01   8.46018E-03   1.51355E-04
    187000   7.07417E+02   1.84586E-01   7.66544E-03   1.39111E-04
    188000   7.11200E+02   1.85353E-01   7.04464E-03   1.25985E-04
    189000   7.14983E+02   1.85990E-01   6.59884E-03   1.19669E-04
    190000   7.18766E+02   1.86667E-01   6.18826E-03   1.19896E-04
    191000   7.22549E+02   1.87195E-01   5.71383E-03   1.22483E-04
    192000   7.26332E+02   1.87894E-01   5.15442E-03   1.18988E-04
    193000   7.30115E+02   1.88440E-01   4.48605E-03   1.11749E-04
    194000   7.33898E+02   1.88881E-01   3.93198E-03   1.08633E-04
    195000   7.37681E+02   1.89245E-01   3.50346E-03   9.79250E-05
    196000   7.41464E+02   1.89675E-01   3.18745E-03   8.72678E-05
    197000   7.45247E+02   1.90117E-01   2.96299E-03   8.42090E-05
    198000   7.49030E+02   1.90357E-01   2.83086E-03   8.38549E-05
    199000   7.52813E+02   1.90643E-01   2.78479E-03   7.72860E-05
    200000   7.56596E+02   1.90876E-01   2.78178E-03   7.24999E-05
    201000   7.60379E+02   1.91223E-01   2.82772E-03   6.41821E-05
    202000   7.64161E+02   1.91393E-01   2.89514E-03   6.07766E-05
    203000   7.67944E+02   1.91606E-01   3.02752E-03   6.21441E-05
    204000   7.71727E+02   1.91918E-01   3.20685E-03   6.66068E-05
    205000   7.75510E+02   1.92183E-01   3.37937E-03   6.93395E-05
    206000   7.79293E+02   1.92454E-01   3.53277E-03   7.20721E-05
    207000   7.83076E+02   1.92641E-01   3.62092E-03   6.90129E-05
    208000   7.86859E+02   1.92958E-01   3.72361E-03   6.38113E-05
    209000   7.90642E+02   1.93380E-01   3.84866E-03   6.53937E-05
    210000   7.94425E+02   1.93597E-01   3.96779E-03   6.80676E-05
    211000   7.98208E+02   1.94038E-01   4.07146E-03   6.69313E-05
    212000   8.01991E+02   1.94309E-01   4.12229E-03   6.61373E-05
    213000   8.05774E+02   1.94725E-01   4.07831E-03   6.64499E-05
    214000   8.09557E+02   1.95196E-01   3.96307E-03   6.79275E-05
    215000   8.13340E+02   1.95514E-01   3.74476E-03   6.39851E-05
    216000   8.17123E+02   1.95958E-01   3.44723E-03   6.24202E-05
    217000   8.20906E+02   1.96343E-01   3.14340E-03   6.58812E-05
    218000   8.24689E+02   1.96552E-01   2.85565E-03   6.86213E-05
    219000   8.28472E+02   1.96867E-01   2.51894E-03   7.15685E-05
    220000   8.32255E+02   1.97198E-01   2.24055E-03   7.46806E-05
    221000   8.36038E+02   1.97357E-01   1.96606E-03   7.45912E-05
    222000   8.39821E+02   1.97548E-01   1.70554E-03   7.56466E-05
    223000   8.43604E+02   1.97777E-01   1.48897E-03   7.64716E-05
    224000   8.47387E+02   1.97900E-01   1.33909E-03   7.30586E-05
    225000   8.51170E+02   1.98149E-01   1.25506E-03   7.31201E-05
    226000   8.54953E+02   1.98269E-01   1.23591E-03   7.38769E-05
    227000   8.58736E+02   1.98211E-01   1.27055E-03   7.77741E-05
    228000   8.62519E+02   1.98427E-01   1.28677E-03   7.09898E-05
    229000   8.66302E+02   1.98489E-01   1.26918E-03   7.04678E-05
    230000   8.70085E+02   1.98705E-01   1.18674E-03   6.72495E-05
    231000   8.73868E+02   1.98880E-01   1.08823E-03   6.49611E-05
    232000   8.77651E+02   1.98832E-01   1.00393E-03   5.80695E-05
    233000   8.81434E+02   1.99043E-01   9.33155E-04   5.41292E-05
    234000   8.85217E+02   1.99148E-01   8.65501E-04   5.37427E-05
    235000   8.89000E+02   1.99233E-01   8.14840E-04   5.32793E-05
    236000   8.92783E+02   1.99550E-01   7.33888E-04   5.00661E-05
    237000   8.96566E+02   1.99602E-01   6.56118E-04   5.35427E-05
    238000   9.00349E+02   1.99676E-01   6.06946E-04   5.62659E-05
    239000   9.04132E+02   1.99851E-01   5.84958E-04   5.66393E-05
    240000   9.07915E+02   1.99869E-01   5.92761E-04   5.86170E-05
    241000   9.11698E+02   2.00104E-01   6.19890E-04   5.88427E-05
    242000   9.15481E+02   2.00051E-01   6.71403E-04   5.95449E-05
    243000   9.19264E+02   2.00179E-01   7.39213E-04   5.90543E-05
    244000   9.23047E+02   2.00246E-01   7.66780E-04   5.77734E-05
    245000   9.26830E+02   2.00261E-01   7.84211E-04   5.75824E-05
    246000   9.30612E+02   2.00402E-01   7.84635E-04   5.92617E-05
    247000   9.34395E+02   2.00607E-01   7.62181E-04   6.13996E-05
    248000   9.38178E+02   2.00740E-01   7.49061E-04   6.06062E-05
    249000   9.41961E+02   2.00729E-01   7.29627E-04   5.89105E-05
    250000   9.45744E+02   2.00867E-01   6.92922E-04   5.92061E-05
