 kstep wat e_n=0 e_n=00 e_n=0th e_dissp e_n=0-e_dissp e_n=0_free dssp_n=0 dssp_o_n=0 dssp_c_n=0 dssp_j_n=0 e_n=1 dssp_n=1 dssp_o_n=1 dssp_c_n=1 dssp_j_n=1 e_n=2 dssp_n=2 dssp_o_n=2 dssp_c_n=2 dssp_j_n=2
       0   0.00000E+00   0.00000E+00   0.00000E+00   0.00000E+00   0.00000E+00   0.00000E+00   0.00000E+00   1.68833E-10   0.00000E+00   0.00000E+00   1.68833E-10   3.04886E-12   2.72105E-10   0.00000E+00   0.00000E+00   2.72105E-10   6.38002E-44  -2.50463E-20   0.00000E+00   0.00000E+00  -2.50463E-20
    1000   3.78298E+00   1.27526E-08   1.06304E-08   2.12219E-09  -7.80556E-08   9.08082E-08   8.74155E-15  -1.41296E-09   2.40263E-15   2.28068E-20  -1.41296E-09   2.57176E-12   6.31387E-09   2.53295E-15   1.43480E-18   6.31387E-09   4.82030E-17   2.41700E-11   2.42044E-15   1.73133E-22   2.41675E-11
    2000   7.56596E+00   8.82933E-08   2.40222E-08   6.42711E-08  -1.59864E-07   2.48157E-07   2.22564E-14  -1.23503E-09   4.07299E-15   6.56599E-20  -1.23503E-09   2.15413E-12   4.33770E-09   4.40444E-15   1.09416E-18   4.33770E-09   1.66743E-16  -2.36175E-11   4.51062E-15   7.28266E-22  -2.36220E-11
    3000   1.13489E+01   4.15940E-08  -9.64187E-08   1.38013E-07  -2.43062E-07   2.84655E-07   2.36034E-14  -3.93857E-10   5.18295E-15   6.87462E-20  -3.93862E-10   1.80945E-12  -5.52574E-09   5.48947E-15   6.12853E-19  -5.52574E-09   2.60232E-16  -1.72750E-10   5.45577E-15   1.91022E-21  -1.72756E-10
    4000   1.51319E+01  -4.80680E-08  -1.56957E-07   1.08889E-07  -3.16458E-07   2.68390E-07   1.94654E-14  -2.11065E-09   5.50580E-15   6.42885E-20  -2.11065E-09   1.64831E-12   1.72180E-09   5.39699E-15   5.19190E-19   1.72180E-09   3.38244E-16  -2.69999E-10   5.14136E-15   3.24008E-21  -2.70004E-10
    5000   1.89149E+01  -7.02186E-08  -1.01738E-07   3.15195E-08  -3.82342E-07   3.12123E-07   2.22402E-14   1.30327E-10   4.59782E-15   6.31099E-20   1.30323E-10   1.56246E-12  -3.48024E-09   4.89351E-15   3.77698E-19  -3.48025E-09   4.22075E-16  -1.41332E-10   4.96902E-15   4.99989E-21  -1.41337E-10
    6000   2.26979E+01   6.91921E-08   3.51566E-08   3.40355E-08  -4.39317E-07   5.08509E-07   2.13264E-14   2.59299E-10   4.50223E-15   6.66432E-20   2.59295E-10   1.43581E-12   1.93502E-09   4.62689E-15   3.46311E-19   1.93501E-09   5.36018E-16   6.74228E-12   4.85759E-15   6.43974E-21   6.73743E-12
    7000   2.64808E+01   5.44042E-09   9.74995E-07  -9.69555E-07  -4.86885E-07   4.92325E-07   1.69493E-13  -1.46545E-09   4.46118E-15   7.29546E-20  -1.46545E-09   1.44739E-12  -4.39809E-09   4.33300E-15   3.09132E-19  -4.39809E-09   6.18522E-16   2.98571E-10   4.34122E-15   8.59861E-21   2.98567E-10
    8000   3.02638E+01  -6.41028E-08   2.41897E-07  -3.06000E-07  -5.27958E-07   4.63855E-07   1.58382E-14  -1.16839E-09   4.70912E-15   6.81304E-20  -1.16840E-09   1.62954E-12  -7.23499E-09   4.28673E-15   3.10302E-19  -7.23499E-09   7.40037E-16  -1.09936E-10   4.56737E-15   1.02441E-20  -1.09940E-10
    9000   3.40468E+01  -4.40400E-08   2.63844E-07  -3.07884E-07  -5.65515E-07   5.21475E-07   2.11404E-14  -3.28721E-11   4.79077E-15   6.91100E-20  -3.28769E-11   2.04483E-12   3.51009E-10   4.41081E-15   3.24691E-19   3.51005E-10   9.01649E-16   6.13363E-11   4.69990E-15   1.10906E-20   6.13316E-11
   10000   3.78298E+01  -1.71678E-07  -4.23713E-07   2.52035E-07  -5.97607E-07   4.25929E-07   2.10644E-14   3.84896E-10   4.75686E-15   7.01856E-20   3.84892E-10   2.48234E-12   6.03138E-09   4.87306E-15   3.49546E-19   6.03137E-09   1.10816E-15   2.66934E-10   4.69623E-15   1.26951E-20   2.66929E-10
   11000   4.16128E+01   5.35302E-09   5.04783E-07  -4.99430E-07  -6.23742E-07   6.29095E-07   1.50743E-14   2.76589E-10   5.33566E-15   7.37892E-20   2.76584E-10   2.79728E-12  -4.48462E-09   5.06449E-15   4.77964E-19  -4.48463E-09   1.16539E-15   3.51359E-10   5.25600E-15   1.56360E-20   3.51354E-10
   12000   4.53957E+01  -1.40227E-07  -4.56678E-07   3.16451E-07  -6.53729E-07   5.13502E-07   2.02051E-14  -1.01761E-09   5.54838E-15   7.72922E-20  -1.01762E-09   3.31317E-12  -8.66481E-09   5.36710E-15   5.02929E-19  -8.66482E-09   1.39368E-15   6.50625E-11   5.43062E-15   1.82367E-20   6.50571E-11
   13000   4.91787E+01  -1.35120E-07  -1.01683E-06   8.81709E-07  -6.80936E-07   5.45816E-07   2.40476E-13  -2.11773E-09   5.94934E-15   7.76821E-20  -2.11774E-09   4.04105E-12   6.65567E-09   5.93262E-15   5.81179E-19   6.65566E-09   1.65002E-15  -1.95749E-10   5.88306E-15   1.91170E-20  -1.95755E-10
   14000   5.29617E+01   1.47940E-07   4.99951E-07  -3.52011E-07  -7.05249E-07   8.53189E-07   1.97260E-14  -7.84918E-10   5.90612E-15   8.35766E-20  -7.84924E-10   5.15465E-12   3.71896E-08   6.43280E-15   6.97593E-19   3.71895E-08   1.95366E-15  -2.04382E-10   6.57021E-15   2.31037E-20  -2.04389E-10
   15000   5.67447E+01  -2.07819E-08  -2.59658E-07   2.38876E-07  -7.29111E-07   7.08329E-07   1.49853E-14  -6.54863E-11   6.82286E-15   7.79140E-20  -6.54931E-11   6.67375E-12  -1.18797E-08   6.84642E-15   8.86767E-19  -1.18798E-08   2.49741E-15   3.13231E-11   6.80922E-15   2.60401E-20   3.13162E-11
   16000   6.05276E+01   2.81436E-08   7.21262E-07  -6.93118E-07  -7.54658E-07   7.82801E-07   1.03877E-14   8.66988E-10   8.49878E-15   8.64899E-20   8.66979E-10   8.32496E-12  -1.99766E-08   8.30630E-15   1.17760E-18  -1.99766E-08   3.37388E-15  -2.81884E-10   8.26919E-15   3.10846E-20  -2.81892E-10
   17000   6.43106E+01   6.04775E-08   3.92624E-07  -3.32147E-07  -7.83152E-07   8.43630E-07   9.25350E-15   1.33364E-11   9.61869E-15   9.92610E-20   1.33267E-11   1.04212E-11   4.88051E-08   9.76925E-15   1.30505E-18   4.88051E-08   3.86180E-15   6.57233E-10   9.83114E-15   3.98623E-20   6.57223E-10
   18000   6.80936E+01   2.19507E-07   2.85105E-07  -6.55971E-08  -8.11996E-07   1.03150E-06   1.46777E-14   3.43998E-10   1.12170E-14   1.08144E-19   3.43987E-10   1.32679E-11   1.72379E-08   1.13599E-14   1.79073E-18   1.72379E-08   4.64315E-15  -5.88658E-10   1.16353E-14   5.29725E-20  -5.88669E-10
   19000   7.18766E+01   2.10230E-07   5.96109E-08   1.50619E-07  -8.39555E-07   1.04978E-06   2.61314E-14   8.62710E-10   1.43486E-14   1.15747E-19   8.62695E-10   1.73329E-11  -3.87587E-08   1.39172E-14   2.31177E-18  -3.87588E-08   5.09012E-15   2.24230E-10   1.45513E-14   5.98783E-20   2.24215E-10
   20000   7.56596E+01   1.33323E-07   5.67573E-07  -4.34250E-07  -8.65717E-07   9.99040E-07   1.32922E-13  -1.02563E-09   1.73633E-14   1.21754E-19  -1.02564E-09   2.25267E-11  -6.90503E-08   1.66373E-14   2.78483E-18  -6.90503E-08   6.19304E-15  -4.05455E-10   1.70911E-14   7.19451E-20  -4.05472E-10
   21000   7.94425E+01   5.92268E-08   7.36458E-07  -6.77232E-07  -8.92861E-07   9.52088E-07   2.73034E-14  -9.58344E-11   2.15990E-14   1.46352E-19  -9.58560E-11   2.86295E-11  -1.59693E-08   1.96041E-14   3.81687E-18  -1.59694E-08   7.75705E-15  -9.35469E-10   2.22858E-14   9.86631E-20  -9.35492E-10
   22000   8.32255E+01   3.76756E-08   1.41659E-07  -1.03983E-07  -9.15086E-07   9.52762E-07   1.92658E-14  -1.50470E-09   2.45383E-14   1.54672E-19  -1.50472E-09   3.62791E-11   2.71017E-08   2.52113E-14   4.66441E-18   2.71017E-08   1.00661E-14  -3.57390E-10   2.75068E-14   1.15151E-19  -3.57418E-10
   23000   8.70085E+01  -1.24618E-07  -2.70606E-07   1.45988E-07  -9.40175E-07   8.15557E-07   2.67889E-14   1.13793E-10   3.46358E-14   1.67383E-19   1.13758E-10   4.64242E-11  -2.76872E-09   3.23824E-14   6.16409E-18  -2.76876E-09   1.31594E-14   1.07320E-09   3.32289E-14   1.30338E-19   1.07316E-09
   24000   9.07915E+01  -4.35144E-09  -6.36419E-08   5.92904E-08  -9.64986E-07   9.60634E-07   1.28975E-14   3.74925E-10   4.11117E-14   1.93252E-19   3.74884E-10   6.00834E-11  -1.30298E-08   3.91307E-14   8.36786E-18  -1.30298E-08   1.70005E-14   1.06645E-09   4.48140E-14   1.75392E-19   1.06641E-09
   25000   9.45744E+01  -2.30722E-07  -7.55550E-07   5.24828E-07  -9.84248E-07   7.53526E-07   3.87240E-14  -1.33177E-09   5.23548E-14   2.15512E-19  -1.33182E-09   7.74927E-11  -2.10370E-08   5.34310E-14   9.99290E-18  -2.10370E-08   2.27753E-14   2.57570E-09   5.60467E-14   2.35257E-19   2.57564E-09
   26000   9.83574E+01   6.21318E-07  -3.64515E-07   9.85833E-07  -9.97236E-07   1.61855E-06   2.63365E-13  -3.27383E-11   6.77253E-14   2.43890E-19  -3.28060E-11   9.84842E-11  -6.11165E-08   6.51746E-14   1.34983E-17  -6.11166E-08   2.71743E-14  -3.52119E-10   6.86090E-14   2.83915E-19  -3.52188E-10
   27000   1.02140E+02  -4.49789E-08   5.75325E-08  -1.02511E-07  -1.02498E-06   9.80006E-07   1.42550E-14   1.49176E-09   8.93947E-14   2.92094E-19   1.49167E-09   1.24611E-10   3.88171E-08   8.11634E-14   1.70023E-17   3.88170E-08   3.32929E-14  -6.91885E-10   7.70700E-14   3.37002E-19  -6.91963E-10
   28000   1.05923E+02   4.10715E-08  -2.89224E-07   3.30296E-07  -1.03116E-06   1.07223E-06   1.70155E-14  -5.44006E-10   1.09852E-13   3.37136E-19  -5.44116E-10   1.59146E-10   5.41067E-08   1.08105E-13   2.14071E-17   5.41066E-08   4.25656E-14   2.88462E-09   1.15791E-13   4.30460E-19   2.88450E-09
   29000   1.09706E+02   3.11078E-07  -2.86366E-07   5.97444E-07  -1.04476E-06   1.35584E-06   3.33175E-14   9.17191E-10   1.40077E-13   3.94641E-19   9.17051E-10   2.03839E-10   4.04556E-08   1.28422E-13   2.57180E-17   4.04555E-08   5.52168E-14  -2.04475E-10   1.40438E-13   5.44263E-19  -2.04616E-10
   30000   1.13489E+02  -2.46614E-07   1.01025E-07  -3.47639E-07  -1.07068E-06   8.24070E-07   1.56176E-14   3.82844E-09   1.83216E-13   5.21082E-19   3.82826E-09   2.61450E-10   1.38428E-08   1.71324E-13   3.21251E-17   1.38426E-08   6.40743E-14   3.96249E-09   1.67260E-13   7.10659E-19   3.96233E-09
   31000   1.17272E+02   1.54485E-07   1.20373E-07   3.41112E-08  -1.09015E-06   1.24463E-06   3.48457E-14  -2.14686E-09   2.22446E-13   6.26285E-19  -2.14708E-09   3.32806E-10   2.95256E-09   2.04234E-13   4.24811E-17   2.95236E-09   8.05888E-14  -8.63809E-10   2.11301E-13   1.03348E-18  -8.64020E-10
   32000   1.21055E+02  -2.17009E-07   2.66014E-07  -4.83023E-07  -1.09212E-06   8.75115E-07   1.03173E-14   3.12097E-10   2.87961E-13   7.73449E-19   3.11809E-10   4.22155E-10   7.21651E-08   2.79528E-13   5.66787E-17   7.21648E-08   1.09203E-13   3.83491E-09   2.60827E-13   1.20317E-18   3.83465E-09
   33000   1.24838E+02   9.85628E-07   1.38837E-06  -4.02743E-07  -1.12052E-06   2.10615E-06   2.60213E-13  -1.68994E-09   3.50631E-13   8.97718E-19  -1.69029E-09   5.37899E-10  -1.33668E-07   3.62865E-13   7.40886E-17  -1.33668E-07   1.38504E-13   6.24237E-11   3.49479E-13   1.37750E-18   6.20742E-11
   34000   1.28621E+02  -3.42199E-07  -2.46709E-07  -9.54907E-08  -1.13556E-06   7.93359E-07   3.69022E-14   2.23922E-09   4.67463E-13   9.78776E-19   2.23876E-09   6.87502E-10  -4.23258E-07   4.48967E-13   9.85889E-17  -4.23259E-07   1.65726E-13   1.63017E-09   4.39679E-13   1.64324E-18   1.62973E-09
   35000   1.32404E+02  -3.93249E-07  -9.10560E-07   5.17311E-07  -1.14965E-06   7.56400E-07   2.46752E-14   2.92384E-10   6.01328E-13   1.29727E-18   2.91782E-10   8.78055E-10  -8.35398E-09   6.40136E-13   1.22652E-16  -8.35463E-09   2.21316E-13   4.17788E-09   6.24668E-13   2.52581E-18   4.17726E-09
   36000   1.36187E+02   3.83087E-07   8.25453E-07  -4.42366E-07  -1.16077E-06   1.54386E-06   2.75529E-14   4.79508E-11   7.72854E-13   1.63239E-18   4.71779E-11   1.11832E-09  -3.99276E-07   7.63633E-13   1.58534E-16  -3.99277E-07   2.69472E-13   2.11168E-09   7.45483E-13   2.68523E-18   2.11093E-09
   37000   1.39970E+02  -1.58732E-07  -3.04577E-08  -1.28274E-07  -1.19816E-06   1.03943E-06   3.29095E-14  -3.36076E-09   9.22780E-13   1.80519E-18  -3.36168E-09   1.42502E-09   9.27243E-08   9.26951E-13   1.85212E-16   9.27233E-08   3.35721E-13  -5.30983E-09   9.70333E-13   3.50446E-18  -5.31080E-09
   38000   1.43753E+02   2.52191E-07   3.88705E-07  -1.36515E-07  -1.23327E-06   1.48546E-06   5.89765E-14   2.95178E-09   1.25803E-12   2.34079E-18   2.95053E-09   1.81563E-09  -6.17136E-08   1.12149E-12   2.34513E-16  -6.17147E-08   4.42108E-13  -6.52847E-10   1.18219E-12   4.94397E-18  -6.54029E-10
   39000   1.47536E+02   1.69149E-06   1.11759E-06   5.73895E-07  -1.29942E-06   2.99090E-06   4.99459E-13  -3.62324E-10   1.62904E-12   2.92552E-18  -3.63954E-10   2.32446E-09   1.05159E-07   1.55612E-12   3.11909E-16   1.05157E-07   5.40892E-13   3.19483E-09   1.48506E-12   5.32193E-18   3.19334E-09
   40000   1.51319E+02  -4.62627E-07  -6.24656E-07   1.62029E-07  -1.27758E-06   8.14951E-07   6.51742E-14  -5.35987E-10   2.05483E-12   3.95958E-18  -5.38041E-10   2.96642E-09   6.80450E-07   1.96015E-12   3.78743E-16   6.80449E-07   6.79075E-13  -2.41198E-09   2.01011E-12   7.83791E-18  -2.41399E-09
   41000   1.55102E+02  -1.72628E-07   8.66790E-08  -2.59307E-07  -1.32984E-06   1.15721E-06   2.61643E-14   2.01325E-09   2.49021E-12   4.72556E-18   2.01075E-09   3.78319E-09  -1.50177E-07   2.47628E-12   5.26049E-16  -1.50179E-07   8.38337E-13   4.05717E-09   2.40762E-12   8.97418E-18   4.05477E-09
   42000   1.58885E+02   4.05027E-07   5.70608E-07  -1.65581E-07  -1.38578E-06   1.79080E-06   2.95513E-14   4.72540E-10   3.29092E-12   5.93309E-18   4.69249E-10   4.82174E-09  -8.83698E-08   3.10610E-12   6.76443E-16  -8.83729E-08   1.14109E-12   5.76879E-10   3.14735E-12   1.26780E-17   5.73731E-10
   43000   1.62668E+02   2.25145E-07   3.59460E-07  -1.34315E-07  -1.41259E-06   1.63773E-06   2.65250E-14  -3.17272E-09   4.19585E-12   7.61824E-18  -3.17692E-09   6.14523E-09   1.56231E-07   3.81025E-12   8.29897E-16   1.56227E-07   1.58220E-12   9.99933E-09   4.03549E-12   1.49585E-17   9.99529E-09
   44000   1.66451E+02  -4.13209E-07  -5.45500E-07   1.32290E-07  -1.55030E-06   1.13709E-06   1.08714E-13   6.21831E-10   5.00752E-12   1.33059E-17   6.16824E-10   7.85504E-09   4.62899E-08   5.02888E-12   9.78883E-16   4.62849E-08   1.97176E-12  -1.05611E-08   5.41194E-12   2.53091E-17  -1.05665E-08
   45000   1.70234E+02   3.62000E-07   5.04252E-07  -1.42252E-07  -1.54902E-06   1.91103E-06   5.78304E-14  -7.16174E-11   6.29874E-12   1.28136E-17  -7.79161E-11   1.00434E-08   1.69992E-07   6.61147E-12   1.29256E-15   1.69985E-07   2.57681E-12  -1.03922E-08   6.62986E-12   2.27362E-17  -1.03989E-08
   46000   1.74017E+02   4.99916E-07  -1.43958E-06   1.93950E-06  -1.54552E-06   2.04543E-06   1.71380E-12   6.87592E-09   9.83546E-12   2.03293E-17   6.86608E-09   1.28489E-08  -1.12362E-07   7.88270E-12   1.73955E-15  -1.12370E-07   3.29213E-12   1.05774E-08   8.30465E-12   3.25193E-17   1.05691E-08
   47000   1.77800E+02   1.57819E-06   1.56586E-06   1.23276E-08  -1.64504E-06   3.22323E-06   1.90825E-13   2.80016E-09   9.72093E-12   1.95533E-17   2.79044E-09   1.64198E-08  -1.35535E-06   1.09541E-11   2.10188E-15  -1.35536E-06   4.06198E-12  -1.33978E-08   1.20337E-11   3.90955E-17  -1.34099E-08
   48000   1.81583E+02  -3.53755E-06  -3.96035E-06   4.22801E-07  -1.72301E-06  -1.81454E-06   4.38136E-13  -1.11207E-08   1.26828E-11   2.57577E-17  -1.11334E-08   2.10079E-08  -1.63322E-06   1.41760E-11   2.90649E-15  -1.63323E-06   5.32495E-12   1.01483E-08   1.38476E-11   4.81085E-17   1.01344E-08
   49000   1.85366E+02   1.95082E-06   2.13857E-06  -1.87753E-07  -1.74809E-06   3.69891E-06   2.55691E-13   1.05265E-08   1.85714E-11   3.27825E-17   1.05079E-08   2.68871E-08   3.05105E-07   1.69713E-11   3.34397E-15   3.05088E-07   6.61658E-12   3.17169E-09   1.78984E-11   6.63435E-17   3.15380E-09
   50000   1.89149E+02   1.61454E-06   1.57735E-06   3.71897E-08  -1.72476E-06   3.33929E-06   4.28915E-13  -1.22524E-08   2.34798E-11   4.90654E-17  -1.22759E-08   3.43172E-08  -4.00668E-07   2.27533E-11   4.62837E-15  -4.00691E-07   8.57104E-12   3.13669E-08   2.35413E-11   9.26670E-17   3.13434E-08
   51000   1.92932E+02  -1.16061E-07  -5.51722E-07   4.35660E-07  -1.49173E-06   1.37567E-06   4.24968E-13  -1.52922E-08   3.08789E-11   5.64500E-17  -1.53231E-08   4.39986E-08   4.43788E-07   2.92544E-11   6.56815E-15   4.43759E-07   1.07932E-11  -1.55693E-08   3.09620E-11   1.13545E-16  -1.56002E-08
   52000   1.96715E+02  -8.49155E-06  -9.01228E-06   5.20723E-07  -1.42439E-06  -7.06716E-06   7.45155E-12   1.23223E-08   3.69553E-11   6.48333E-17   1.22854E-08   5.62439E-08   1.33650E-06   3.93637E-11   7.19203E-15   1.33646E-06   1.30053E-11   3.83384E-08   3.86147E-11   1.19018E-16   3.82998E-08
   53000   2.00498E+02  -7.55462E-06  -8.85332E-06   1.29870E-06  -1.37528E-06  -6.17934E-06   1.83555E-12   2.69977E-09   4.79447E-11   9.37128E-17   2.65182E-09   7.20347E-08  -1.76174E-06   4.78153E-11   1.01636E-14  -1.76178E-06   1.76171E-11   3.86841E-09   5.15644E-11   1.89545E-16   3.81684E-09
   54000   2.04281E+02  -8.14056E-08  -6.97632E-07   6.16225E-07  -1.14341E-06   1.06201E-06   2.13766E-12   8.08523E-09   6.16089E-11   1.27946E-16   8.02362E-09   9.23926E-08   2.61456E-06   6.13449E-11   1.25360E-14   2.61450E-06   2.22073E-11  -1.80534E-08   6.29803E-11   2.45412E-16  -1.81164E-08
   55000   2.08064E+02   7.00643E-07   6.16430E-07   8.42127E-08  -1.04818E-06   1.74882E-06   2.49903E-13   1.44401E-08   7.65652E-11   1.58039E-16   1.43635E-08   1.18424E-07  -9.95693E-07   8.71182E-11   1.55126E-14  -9.95780E-07   2.80884E-11   1.10902E-08   8.23422E-11   2.77095E-16   1.10078E-08
   56000   2.11847E+02  -1.82069E-06  -2.19379E-06   3.73100E-07  -1.09869E-06  -7.22000E-07   1.51997E-12   1.95015E-08   9.32107E-11   2.14600E-16   1.94082E-08   1.51739E-07   4.54150E-06   9.54582E-11   1.93109E-14   4.54141E-06   3.84569E-11   5.50305E-08   1.09662E-10   4.07274E-16   5.49209E-08
   57000   2.15630E+02  -8.88264E-06  -1.02909E-05   1.40826E-06  -1.05678E-06  -7.82586E-06   3.38933E-12  -3.07789E-08   1.25021E-10   2.27279E-16  -3.09039E-08   1.94199E-07  -2.72836E-07   1.34176E-10   2.85258E-14  -2.72970E-07   4.99887E-11  -4.65008E-08   1.33330E-10   5.26229E-16  -4.66341E-08
   58000   2.19413E+02   1.66189E-06   1.70396E-06  -4.20751E-08  -7.82354E-07   2.44425E-06   4.32946E-12  -5.37625E-09   1.62026E-10   3.26038E-16  -5.53828E-09   2.48407E-07  -2.00365E-06   1.61015E-10   3.31036E-14  -2.00381E-06   6.73501E-11  -4.65286E-08   1.86009E-10   6.72784E-16  -4.67146E-08
   59000   2.23196E+02  -4.64962E-06  -3.91582E-06  -7.33831E-07  -6.56261E-07  -3.99336E-06   2.98376E-11   5.50157E-08   2.14704E-10   3.78015E-16   5.48010E-08   3.18287E-07  -1.98472E-07   2.12982E-10   4.25652E-14  -1.98685E-07   8.45104E-11   1.73855E-08   2.18399E-10   7.53774E-16   1.71671E-08
   60000   2.26979E+02  -4.84711E-07  -1.80356E-07  -3.04359E-07  -5.17014E-07   3.23036E-08   4.44239E-12  -1.31340E-08   2.63054E-10   4.85018E-16  -1.33971E-08   4.06741E-07  -3.19742E-06   2.69463E-10   5.45470E-14  -3.19769E-06   9.96138E-11   8.20599E-08   2.62379E-10   8.97907E-16   8.17975E-08
   61000   2.30762E+02   2.85388E-05   2.73670E-05   1.17186E-06  -3.59615E-07   2.88984E-05   1.22234E-11   4.76199E-08   3.22644E-10   6.84887E-16   4.72973E-08   5.20708E-07   2.08001E-07   3.38701E-10   7.20366E-14   2.07662E-07   1.23247E-10  -2.27024E-08   3.37731E-10   1.28278E-15  -2.30402E-08
   62000   2.34545E+02  -1.83651E-05  -1.89239E-05   5.58793E-07  -7.40372E-07  -1.76247E-05   1.90688E-11  -1.31680E-08   4.08896E-10   7.83983E-16  -1.35769E-08   6.67396E-07  -8.43496E-06   4.45824E-10   9.32253E-14  -8.43540E-06   1.59162E-10  -9.62352E-08   4.54204E-10   1.85457E-15  -9.66894E-08
   63000   2.38328E+02  -3.60782E-05  -3.79896E-05   1.91139E-06  -8.78450E-07  -3.51998E-05   9.08934E-12  -7.74128E-09   5.95529E-10   1.18808E-15  -8.33681E-09   8.56293E-07  -8.52323E-08   5.59971E-10   1.10952E-13  -8.57924E-08   2.17194E-10   1.78826E-08   5.89701E-10   2.19799E-15   1.72929E-08
   64000   2.42111E+02   1.57184E-06   8.95650E-07   6.76174E-07  -1.21900E-06   2.79084E-06   1.37693E-11   1.81957E-08   6.88292E-10   1.31450E-15   1.75074E-08   1.09464E-06  -3.19885E-06   7.22870E-10   1.47067E-13  -3.19957E-06   2.61066E-10   9.45394E-08   7.14151E-10   2.84852E-15   9.38253E-08
   65000   2.45894E+02  -2.01520E-05  -1.13107E-05  -8.84147E-06  -1.10283E-06  -1.90492E-05   2.15940E-10  -1.73406E-08   8.43399E-10   1.25155E-15  -1.81840E-08   1.39882E-06  -1.82814E-06   9.60185E-10   2.07854E-13  -1.82910E-06   3.40655E-10  -5.17671E-08   9.38846E-10   2.86304E-15  -5.27060E-08
   66000   2.49677E+02   1.50655E-05   1.77776E-05  -2.71208E-06  -7.02252E-07   1.57678E-05   1.08528E-11   1.05296E-07   1.12715E-09   2.59482E-15   1.04169E-07   1.78682E-06   1.32951E-06   1.08891E-09   2.38911E-13   1.32842E-06   4.13930E-10   9.74687E-09   1.26177E-09   4.58705E-15   8.48509E-09
   67000   2.53460E+02  -1.37106E-05  -1.10765E-05  -2.63416E-06   3.67694E-07  -1.40783E-05   3.89590E-11   1.92405E-08   1.54757E-09   3.30421E-15   1.76929E-08   2.27988E-06   2.42988E-07   1.66773E-09   3.35817E-13   2.41320E-07   5.17931E-10  -7.26315E-08   1.59440E-09   6.10396E-15  -7.42259E-08
   68000   2.57242E+02  -4.48074E-06  -5.18786E-06   7.07040E-07   1.90299E-06  -6.38373E-06   7.88816E-11  -2.51610E-08   1.88424E-09   3.35077E-15  -2.70453E-08   2.90236E-06  -1.37539E-05   2.12541E-09   4.10425E-13  -1.37560E-05   6.61680E-10  -2.49119E-07   2.01643E-09   7.09851E-15  -2.51136E-07
   69000   2.61025E+02  -6.59401E-06   2.96134E-06  -9.55543E-06   2.24251E-06  -8.83652E-06   7.74463E-11  -5.23901E-08   2.27774E-09   4.97042E-15  -5.46678E-08   3.70252E-06  -1.29366E-05   2.41429E-09   4.71305E-13  -1.29391E-05   9.01783E-10   1.79668E-07   2.57072E-09   1.05546E-14   1.77097E-07
   70000   2.64808E+02   3.23053E-06   1.24589E-07   3.10586E-06   2.98312E-06   2.47416E-07   8.64898E-11   2.52137E-08   3.16425E-09   5.79575E-15   2.20494E-08   4.73751E-06   2.48643E-05   3.24790E-09   6.48066E-13   2.48611E-05   1.21393E-09   1.90591E-07   3.42830E-09   1.19385E-14   1.87163E-07
   71000   2.68591E+02  -3.37065E-05  -3.55108E-05   1.80339E-06   4.86096E-06  -3.85674E-05   9.24451E-10  -3.46678E-11   4.07457E-09   7.83651E-15  -4.10925E-09   6.06481E-06   3.81046E-06   3.90386E-09   8.33053E-13   3.80656E-06   1.55043E-09  -2.35307E-07   4.22746E-09   1.39692E-14  -2.39535E-07
   72000   2.72374E+02   8.85246E-06   1.04020E-05  -1.54959E-06   4.93939E-06   3.91307E-06   3.47153E-11  -5.25533E-07   5.09271E-09   8.78681E-15  -5.30626E-07   7.75496E-06   1.19814E-05   5.12691E-09   9.73707E-13   1.19763E-05   2.17633E-09  -4.46681E-07   5.01391E-09   1.96345E-14  -4.51695E-07
   73000   2.76157E+02   3.67674E-05   3.25295E-05   4.23776E-06   3.76603E-06   3.30014E-05   1.35946E-10   1.19043E-07   6.27833E-09   1.21489E-14   1.12765E-07   9.89306E-06   2.19499E-05   6.91331E-09   1.36367E-12   2.19430E-05   2.59232E-09  -1.18285E-07   6.41229E-09   2.56516E-14  -1.24697E-07
   74000   2.79940E+02   1.37803E-06  -3.59883E-07   1.73782E-06   4.79975E-06  -3.42172E-06   8.84474E-11   1.85392E-07   8.15479E-09   1.87733E-14   1.77237E-07   1.26212E-05   4.08616E-06   8.64084E-09   1.64565E-12   4.07752E-06   3.38998E-09  -6.26112E-07   8.68902E-09   3.58155E-14  -6.34801E-07
   75000   2.83723E+02   7.15839E-07   1.34428E-06  -6.28514E-07   9.38864E-06  -8.67281E-06   7.68354E-11  -1.37906E-07   1.06725E-08   1.99550E-14  -1.48578E-07   1.61320E-05   3.39559E-05   9.77711E-09   1.77532E-12   3.39461E-05   4.15637E-09   2.60141E-07   1.02333E-08   3.82527E-14   2.49907E-07
   76000   2.87506E+02   1.08292E-04   1.08793E-04  -5.01065E-07   6.29975E-06   1.01992E-04   3.95697E-10  -2.41651E-07   1.29864E-08   2.52655E-14  -2.54637E-07   2.05252E-05  -4.37494E-05   1.39936E-08   2.83198E-12  -4.37634E-05   5.25995E-09   4.03705E-07   1.46280E-08   4.75353E-14   3.89077E-07
   77000   2.91289E+02  -2.13071E-05  -1.15577E-05  -9.74979E-06   6.49554E-06  -2.78027E-05   3.90638E-10   4.83846E-07   1.63951E-08   3.65281E-14   4.67451E-07   2.62236E-05  -7.61067E-06   1.82690E-08   3.45562E-12  -7.62894E-06   6.72363E-09  -2.39902E-08   1.81145E-08   6.79005E-14  -4.21048E-08
   78000   2.95072E+02  -2.19579E-04  -2.04311E-04  -1.52735E-05   6.68061E-06  -2.26260E-04   5.69346E-09  -4.39857E-07   2.21649E-08   3.27214E-14  -4.62022E-07   3.35814E-05   6.70497E-06   2.24971E-08   4.51587E-12   6.68247E-06   9.48198E-09   1.12494E-07   2.11340E-08   7.26231E-14   9.13597E-08
   79000   2.98855E+02   8.82861E-05   7.09517E-05   1.73337E-05   1.08962E-05   7.73899E-05   7.17500E-10  -2.61198E-07   2.83545E-08   6.06889E-14  -2.89553E-07   4.28228E-05   2.65738E-05   3.01798E-08   6.36441E-12   2.65436E-05   1.26238E-08  -2.57657E-07   2.95879E-08   1.13796E-13  -2.87245E-07
   80000   3.02638E+02   1.38229E-04   1.46159E-04  -7.93285E-06   1.08033E-05   1.27425E-04   2.68370E-09  -7.93544E-07   3.63610E-08   6.86119E-14  -8.29905E-07   5.47535E-05   3.65441E-05   3.51640E-08   7.61813E-12   3.65089E-05   1.76478E-08   1.74064E-07   3.86817E-08   1.33010E-13   1.35382E-07
   81000   3.06421E+02   2.31845E-05   4.73098E-05  -2.41261E-05   1.00003E-05   1.31842E-05   7.59866E-10  -1.16358E-06   4.58694E-08   8.71255E-14  -1.20945E-06   7.00742E-05  -5.18600E-05   5.15404E-08   9.42885E-12  -5.19115E-05   2.51630E-08  -1.21693E-06   4.64104E-08   1.52210E-13  -1.26334E-06
   82000   3.10204E+02  -4.02173E-05  -3.22548E-05  -7.96344E-06   6.86645E-06  -4.70838E-05   9.35092E-10  -1.64897E-07   6.31801E-08   1.34999E-13  -2.28078E-07   8.95798E-05  -4.81808E-05   6.18243E-08   1.35828E-11  -4.82426E-05   3.64216E-08   7.10860E-07   6.47206E-08   2.54197E-13   6.46139E-07
   83000   3.13987E+02  -3.76162E-05   1.85124E-05  -5.61341E-05   1.74118E-05  -5.50280E-05   5.57417E-09   1.01666E-06   7.41122E-08   1.24898E-13   9.42551E-07   1.15035E-04   1.06321E-04   8.06629E-08   1.62738E-11   1.06240E-04   5.00182E-08   2.17295E-06   7.92768E-08   2.61650E-13   2.09367E-06
   84000   3.17770E+02  -8.65141E-05  -2.47770E-05  -6.17986E-05   1.66602E-05  -1.03174E-04   6.15376E-08   4.97392E-07   9.51360E-08   1.88513E-13   4.02256E-07   1.46981E-04   1.46903E-04   9.01248E-08   1.97351E-11   1.46813E-04   6.86107E-08   1.00814E-06   9.90366E-08   3.97478E-13   9.09102E-07
   85000   3.21553E+02  -3.11764E-06   3.76891E-05  -4.08166E-05   1.37306E-05  -1.68482E-05   9.82910E-09   1.56339E-06   1.23083E-07   2.89066E-13   1.44030E-06   1.87661E-04  -9.96574E-06   1.20925E-07   2.55300E-11  -1.00867E-05   1.00770E-07  -9.77313E-07   1.28855E-07   5.33698E-13  -1.10617E-06
   86000   3.25336E+02   2.65650E-04   2.22837E-04   4.28045E-05   4.96347E-06   2.60686E-04   8.21803E-09  -1.06344E-06   1.58537E-07   3.62545E-13  -1.22198E-06   2.40340E-04   9.41945E-05   1.55581E-07   3.13607E-11   9.40389E-05   1.42451E-07   1.94970E-06   1.58048E-07   6.26392E-13   1.79165E-06
   87000   3.29119E+02  -6.29653E-05  -6.32900E-05   2.94659E-07   1.50598E-05  -7.80252E-05   2.99636E-08  -1.55523E-07   2.07017E-07   5.30668E-13  -3.62541E-07   3.06753E-04   4.50066E-05   2.10842E-07   4.78775E-11   4.47958E-05   2.07445E-07  -7.53406E-07   2.05982E-07   9.50622E-13  -9.59388E-07
   88000   3.32902E+02   8.77236E-05   1.35991E-04  -4.83046E-05   2.08486E-05   6.68750E-05   3.71855E-08   4.10506E-06   2.49224E-07   5.64110E-13   3.85584E-06   3.91867E-04   1.32770E-04   2.58396E-07   5.58415E-11   1.32512E-04   3.22414E-07   7.80465E-07   2.66067E-07   1.04293E-12   5.14396E-07
   89000   3.36685E+02   2.69174E-04   3.75195E-04  -1.06088E-04   1.64584E-05   2.52716E-04   6.67790E-08   1.96258E-07   3.07917E-07   5.84080E-13  -1.11659E-07   4.99688E-04   1.13032E-04   3.33349E-07   6.25520E-11   1.12699E-04   4.82185E-07  -2.83484E-06   3.45724E-07   1.18397E-12  -3.18057E-06
   90000   3.40468E+02   4.64286E-04   3.47885E-04   1.16261E-04   8.90770E-06   4.55378E-04   1.40066E-07  -1.13181E-06   4.34394E-07   9.73359E-13  -1.56621E-06   6.37742E-04   1.42480E-04   4.22058E-07   8.22475E-11   1.42058E-04   7.58257E-07  -1.96045E-06   4.31266E-07   1.76939E-12  -2.39172E-06
   91000   3.44251E+02   7.76931E-05  -1.24497E-04   2.00707E-04   1.52184E-05   6.24746E-05   1.48230E-06   5.84261E-06   5.00720E-07   1.12744E-12   5.34189E-06   8.08751E-04  -9.14746E-05   5.32969E-07   1.04429E-10  -9.20077E-05   1.13378E-06   4.47945E-06   5.50889E-07   2.11569E-12   3.92856E-06
   92000   3.48034E+02   4.78157E-04   3.27092E-04   1.50980E-04  -3.99683E-06   4.82154E-04   8.52202E-08   3.26980E-06   6.84544E-07   1.48675E-12   2.58525E-06   1.02779E-03  -1.87065E-04   6.63351E-07   1.41701E-10  -1.87728E-04   1.65694E-06   1.62900E-06   7.44404E-07   2.43266E-12   8.84593E-07
   93000   3.51817E+02   6.05365E-05   9.83520E-05  -3.79607E-05   1.87119E-05   4.18245E-05   1.45159E-07   1.38623E-06   9.01406E-07   2.16070E-12   4.84825E-07   1.30345E-03   3.65207E-04   8.29468E-07   1.66181E-10   3.64378E-04   2.63770E-06  -2.58853E-06   8.79551E-07   3.87818E-12  -3.46809E-06
   94000   3.55600E+02   4.09964E-04   1.07052E-04   3.02372E-04   1.98827E-05   3.90082E-04   5.40665E-07   5.50346E-06   1.00962E-06   2.69257E-12   4.49384E-06   1.64518E-03   2.47278E-04   1.09737E-06   2.17634E-10   2.46181E-04   4.17274E-06  -1.04394E-07   1.07508E-06   4.68400E-12  -1.17947E-06
   95000   3.59383E+02   7.40584E-04   9.38428E-04  -1.98990E-04   3.08558E-05   7.09728E-04   1.14671E-06   2.91121E-06   1.40899E-06   3.65578E-12   1.50222E-06   2.07964E-03   3.53367E-04   1.43528E-06   2.76933E-10   3.51931E-04   6.49221E-06   1.57383E-06   1.49284E-06   6.11948E-12   8.09793E-08
   96000   3.63166E+02  -5.35681E-04  -2.63334E-04  -2.73593E-04   6.67826E-05  -6.02463E-04   1.24672E-06   1.25828E-05   1.77653E-06   4.23900E-12   1.08063E-05   2.62213E-03  -4.76090E-04   1.67741E-06   3.37106E-10  -4.77768E-04   1.00958E-05   2.09866E-05   1.74072E-06   7.39951E-12   1.92459E-05
   97000   3.66949E+02  -1.00585E-03  -1.30315E-03   2.71127E-04   1.10239E-04  -1.11609E-03   2.61743E-05   1.15803E-05   1.93906E-06   6.92046E-12   9.64127E-06   3.29559E-03   3.57742E-04   2.19604E-06   4.43332E-10   3.55546E-04   1.55267E-05   1.75772E-05   2.09429E-06   9.75210E-12   1.54829E-05
   98000   3.70732E+02   7.15034E-04   9.33414E-04  -2.26933E-04   1.81895E-04   5.33139E-04   8.55334E-06   1.82329E-05   2.63356E-06   8.92106E-12   1.55994E-05   4.12699E-03   5.13858E-04   2.68081E-06   5.67951E-10   5.11177E-04   2.30486E-05  -4.92623E-06   2.91729E-06   1.46371E-11  -7.84353E-06
   99000   3.74515E+02   2.35268E-03   2.59700E-03  -2.50901E-04   2.50470E-04   2.10221E-03   6.58670E-06   6.76023E-06   3.23395E-06   1.05505E-11   3.52628E-06   5.14261E-03   9.35010E-04   3.64651E-06   6.64004E-10   9.31363E-04   3.61760E-05  -3.11400E-06   3.16865E-06   1.47948E-11  -6.28266E-06
  100000   3.78298E+02   6.35156E-03   6.12521E-03   2.14680E-04   3.25582E-04   6.02598E-03   1.16662E-05   2.20542E-05   4.31272E-06   1.73972E-11   1.77415E-05   6.37529E-03  -7.75954E-04   4.07102E-06   8.17063E-10  -7.80025E-04   5.63532E-05  -1.18933E-05   4.39378E-06   2.17166E-11  -1.62871E-05
  101000   3.82081E+02  -1.74163E-03  -1.31666E-03  -4.29065E-04   3.30638E-04  -2.07227E-03   4.09286E-06   5.50833E-05   5.08053E-06   2.06287E-11   5.00027E-05   7.83981E-03  -1.32786E-03   4.83699E-06   1.00757E-09  -1.33270E-03   8.34743E-05  -4.62701E-06   5.32310E-06   2.66410E-11  -9.95014E-06
  102000   3.85864E+02  -7.15515E-03  -7.22631E-03   4.15662E-05   3.72125E-04  -7.52727E-03   2.95993E-05   2.68605E-05   6.02791E-06   2.97761E-11   2.08326E-05   9.58950E-03   3.23119E-04   6.42646E-06   1.10814E-09   3.16691E-04   1.21986E-04  -7.36018E-06   6.43497E-06   3.98880E-11  -1.37952E-05
  103000   3.89647E+02   2.44868E-03   3.42459E-03  -1.21387E-03   5.78070E-04   1.87061E-03   2.37962E-04   3.29257E-06   7.09024E-06   4.31928E-11  -3.79772E-06   1.16364E-02   1.21221E-03   7.73352E-06   1.57554E-09   1.20448E-03   1.75692E-04   1.69811E-05   7.78527E-06   5.06216E-11   9.19578E-06
  104000   3.93430E+02   2.74326E-03   8.11102E-04   1.89633E-03   8.64101E-04   1.87916E-03   3.58236E-05   2.09702E-05   9.40835E-06   5.45712E-11   1.15618E-05   1.39680E-02   1.00319E-03   1.02712E-05   2.11715E-09   9.92916E-04   2.43746E-04   7.74501E-05   1.00600E-05   6.48058E-11   6.73900E-05
  105000   3.97213E+02   7.99655E-03   9.42942E-03  -1.50140E-03   1.30142E-03   6.69513E-03   6.85293E-05   5.60397E-05   1.19564E-05   7.40444E-11   4.40832E-05   1.66442E-02  -8.97541E-04   1.07481E-05   2.08350E-09  -9.08291E-04   3.37356E-04  -7.81253E-05   1.12489E-05   8.02710E-11  -8.93743E-05
  106000   4.00996E+02   5.99541E-04   7.66705E-04  -3.06827E-04   1.68277E-03  -1.08323E-03   1.39663E-04   6.85534E-05   1.32223E-05   1.18473E-10   5.53310E-05   1.96038E-02  -1.33672E-03   1.37170E-05   2.46043E-09  -1.35044E-03   4.62308E-04  -7.16341E-06   1.48763E-05   1.12189E-10  -2.20398E-05
  107000   4.04779E+02  -7.32017E-03  -5.65133E-03  -1.85900E-03   2.18138E-03  -9.50155E-03   1.90158E-04   2.20175E-05   1.73675E-05   1.53445E-10   4.64986E-06   2.29059E-02  -8.51474E-05   1.61122E-05   2.87382E-09  -1.01262E-04   6.03884E-04   2.53639E-05   1.66945E-05   1.23512E-10   8.66930E-06
  108000   4.08562E+02  -3.06274E-03   4.12877E-04  -3.56309E-03   2.74566E-03  -5.80841E-03   8.74699E-05   1.12146E-04   2.00976E-05   2.06126E-10   9.20487E-05   2.65432E-02   7.00423E-04   1.89895E-05   3.59478E-09   6.81430E-04   7.85598E-04  -4.55049E-05   1.98763E-05   1.78195E-10  -6.53814E-05
  109000   4.12345E+02  -1.30404E-03   2.39613E-03  -3.78265E-03   3.28628E-03  -4.59032E-03   8.24728E-05   3.83410E-05   2.12271E-05   2.77964E-10   1.71136E-05   3.03873E-02  -2.35502E-03   2.33194E-05   4.14486E-09  -2.37834E-03   9.92844E-04   1.16462E-04   2.21735E-05   2.01305E-10   9.42880E-05
  110000   4.16128E+02   8.54935E-02   8.96806E-02  -5.97171E-03   3.84082E-03   8.16527E-02   1.78459E-03   1.12765E-04   2.61809E-05   3.38679E-10   8.65837E-05   3.44075E-02  -9.49411E-05   2.60417E-05   4.54044E-09  -1.20987E-04   1.23556E-03  -2.23298E-05   2.75553E-05   2.62346E-10  -4.98854E-05
  111000   4.19911E+02   8.41596E-03   9.98125E-03  -1.71217E-03   4.63129E-03   3.78467E-03   1.46879E-04   8.71317E-05   3.14725E-05   4.32029E-10   5.56589E-05   3.84592E-02   1.12487E-03   2.84314E-05   5.33498E-09   1.09643E-03   1.49182E-03   3.69668E-05   2.79667E-05   3.31074E-10   8.99976E-06
  112000   4.23693E+02  -8.51308E-03  -6.57535E-03  -2.05706E-03   5.43918E-03  -1.39523E-02   1.19334E-04   2.28092E-04   3.21311E-05   4.77971E-10   1.95961E-04   4.26895E-02   6.67472E-04   3.32167E-05   5.56833E-09   6.34250E-04   1.74542E-03   1.45145E-04   3.51765E-05   3.75918E-10   1.09968E-04
  113000   4.27476E+02  -3.05315E-03  -1.18728E-02   8.23500E-03   6.14765E-03  -9.20080E-03   5.84647E-04   2.06203E-04   3.77943E-05   6.71717E-10   1.68408E-04   4.67658E-02   1.87516E-04   3.66334E-05   5.51949E-09   1.50877E-04   2.04908E-03   1.40924E-04   3.66601E-05   4.25582E-10   1.04263E-04
  114000   4.31259E+02   3.51980E-03   4.58090E-03  -1.21566E-03   7.20459E-03  -3.68479E-03   1.54560E-04   1.39521E-04   3.67814E-05   7.26543E-10   1.02739E-04   5.07222E-02  -2.17243E-03   4.09057E-05   6.64663E-09  -2.21335E-03   2.31279E-03  -2.00139E-04   4.00923E-05   4.86986E-10  -2.40232E-04
  115000   4.35042E+02   8.50981E-03   1.36352E-03   6.08687E-03   8.00155E-03   5.08257E-04   1.05941E-03   8.16472E-05   4.24201E-05   8.51807E-10   3.92263E-05   5.44696E-02   1.63234E-03   4.53564E-05   7.35873E-09   1.58697E-03   2.60199E-03   5.93501E-06   4.50295E-05   6.12508E-10  -3.90951E-05
  116000   4.38825E+02  -3.76097E-02  -6.14797E-02   1.81005E-02   9.46100E-03  -4.70707E-02   5.76941E-03   1.74617E-04   4.61630E-05   9.25975E-10   1.28453E-04   5.80188E-02  -8.93911E-04   4.81685E-05   7.28977E-09  -9.42087E-04   2.86142E-03   1.61615E-05   4.64977E-05   6.34382E-10  -3.03369E-05
  117000   4.42608E+02   1.07543E-01   1.06282E-01   3.61582E-04   1.06733E-02   9.68695E-02   8.99334E-04   1.49090E-04   4.97143E-05   1.24325E-09   9.93745E-05   6.13388E-02   4.91921E-04   5.06522E-05   7.86535E-09   4.41261E-04   3.13707E-03   7.94537E-05   5.37736E-05   7.53146E-10   2.56793E-05
  118000   4.46391E+02   4.74601E-02   4.53582E-02   1.48462E-03   1.24378E-02   3.50222E-02   6.17281E-04   3.33056E-04   5.50598E-05   1.29544E-09   2.77995E-04   6.40330E-02  -1.16029E-03   5.05245E-05   8.33310E-09  -1.21082E-03   3.47084E-03   1.53594E-04   5.46957E-05   7.58488E-10   9.88972E-05
  119000   4.50174E+02  -3.67405E-02  -2.72823E-02  -9.59195E-03   1.42250E-02  -5.09655E-02   1.33781E-04   2.86222E-04   5.94408E-05   1.50977E-09   2.26780E-04   6.68381E-02  -8.30896E-04   5.98312E-05   9.08702E-09  -8.90736E-04   3.68052E-03  -3.56680E-04   6.22487E-05   8.72974E-10  -4.18929E-04
  120000   4.53957E+02  -3.19104E-03  -7.34888E-03   3.59399E-03   1.59161E-02  -1.91071E-02   5.63853E-04   2.21474E-04   5.94064E-05   1.71005E-09   1.62066E-04   6.87912E-02   1.39493E-03   6.21617E-05   8.74731E-09   1.33276E-03   3.97885E-03  -1.93272E-05   6.39893E-05   8.76980E-10  -8.33174E-05
  121000   4.57740E+02  -5.72436E-04   3.86453E-05  -1.12801E-03   1.80079E-02  -1.85803E-02   5.16932E-04   1.60079E-04   6.28177E-05   1.65258E-09   9.72593E-05   7.02073E-02  -1.66702E-03   6.77974E-05   9.49235E-09  -1.73483E-03   4.23500E-03  -3.46867E-04   6.62102E-05   1.09318E-09  -4.13079E-04
  122000   4.61523E+02   2.41970E-02   1.09964E-02   1.25456E-02   1.97619E-02   4.43512E-03   6.54973E-04   3.05655E-04   6.61025E-05   1.77090E-09   2.39550E-04   7.11419E-02   1.35532E-04   6.20604E-05   9.16663E-09   7.34627E-05   4.39191E-03   1.42467E-04   5.97962E-05   1.06932E-09   8.26699E-05
  123000   4.65306E+02   1.26606E-01   1.22576E-01  -5.48881E-03   2.20236E-02   1.04582E-01   9.51876E-03   1.99941E-04   6.28270E-05   1.71455E-09   1.37113E-04   7.17263E-02   1.87795E-03   5.89777E-05   8.99639E-09   1.81897E-03   4.58855E-03  -3.00938E-04   6.59206E-05   1.14305E-09  -3.66860E-04
  124000   4.69089E+02   8.30489E-02   7.37694E-02   8.06352E-03   2.40972E-02   5.89517E-02   1.21598E-03   3.34000E-04   6.53517E-05   1.70670E-09   2.68646E-04   7.17034E-02  -2.93855E-03   6.32748E-05   9.21946E-09  -3.00183E-03   4.79433E-03  -3.93246E-04   6.51962E-05   1.11807E-09  -4.58443E-04
  125000   4.72872E+02  -5.78496E-03   2.30188E-02  -3.04334E-02   2.66474E-02  -3.24323E-02   1.62965E-03   3.79048E-04   6.80825E-05   1.93366E-09   3.10964E-04   7.14427E-02   2.48176E-03   6.52339E-05   8.57244E-09   2.41652E-03   4.91652E-03  -3.20576E-04   6.75468E-05   1.24987E-09  -3.88124E-04
  126000   4.76655E+02   8.60617E-02   9.19582E-02  -6.94323E-03   2.86831E-02   5.73786E-02   1.04670E-03   3.57456E-04   6.57699E-05   1.85487E-09   2.91684E-04   7.05059E-02  -4.73091E-04   6.79839E-05   9.36247E-09  -5.41085E-04   4.85970E-03   4.65518E-04   6.67005E-05   1.31740E-09   3.98816E-04
  127000   4.80438E+02  -3.96070E-02  -4.10283E-02   7.30765E-04   3.13112E-02  -7.09183E-02   6.90503E-04   4.83336E-05   6.04739E-05   1.82857E-09  -1.21421E-05   6.95192E-02  -6.37614E-04   6.82590E-05   9.71142E-09  -7.05882E-04   4.83143E-03   4.01341E-04   6.81969E-05   1.30460E-09   3.33143E-04
  128000   4.84221E+02  -5.51131E-02  -5.60450E-02   9.19431E-04   3.34453E-02  -8.85584E-02   1.25328E-05  -1.87667E-04   6.16692E-05   1.84022E-09  -2.49338E-04   6.81225E-02  -8.89684E-05   6.22763E-05   9.19873E-09  -1.51254E-04   4.71910E-03  -2.04643E-05   6.55677E-05   1.32717E-09  -8.60333E-05
  129000   4.88004E+02   3.00963E-02  -9.01545E-03   2.97181E-02   3.60822E-02  -5.98588E-03   9.39367E-03   3.29438E-04   6.83175E-05   1.75422E-09   2.61119E-04   6.61010E-02  -7.34313E-04   6.61829E-05   8.75838E-09  -8.00505E-04   4.56417E-03   9.12174E-05   6.69958E-05   1.38928E-09   2.42202E-05
  130000   4.91787E+02   1.20754E-01   1.24684E-01  -5.06324E-03   3.82565E-02   8.24980E-02   1.13334E-03   3.18899E-04   6.56083E-05   1.80550E-09   2.53289E-04   6.39417E-02   2.55260E-04   6.47247E-05   8.69350E-09   1.90527E-04   4.40825E-03  -3.59327E-04   6.67147E-05   1.42194E-09  -4.26044E-04
  131000   4.95570E+02   1.43598E-02   1.65216E-02  -2.63261E-03   4.02784E-02  -2.59186E-02   4.70763E-04   6.98672E-05   5.90836E-05   1.82171E-09   1.07818E-05   6.15899E-02   1.93650E-03   6.74857E-05   9.09597E-09   1.86901E-03   4.09235E-03  -1.72063E-04   6.79744E-05   1.48001E-09  -2.40039E-04
  132000   4.99353E+02   7.11604E-02   7.34961E-02  -3.19856E-03   4.23798E-02   2.87806E-02   8.62838E-04   3.50928E-05   5.62992E-05   1.50762E-09  -2.12079E-05   5.91832E-02  -4.57546E-04   5.87976E-05   8.09979E-09  -5.16352E-04   3.82772E-03  -1.84277E-04   6.65122E-05   1.27082E-09  -2.50790E-04
  133000   5.03136E+02   7.25049E-02   6.30441E-02   8.60552E-03   4.39477E-02   2.85572E-02   8.55300E-04   1.02811E-04   5.32704E-05   1.59951E-09   4.95389E-05   5.65162E-02  -5.71818E-04   5.47413E-05   7.82257E-09  -6.26567E-04   3.49849E-03   1.61073E-04   5.52489E-05   1.26389E-09   1.05823E-04
  134000   5.06919E+02   1.61105E-01   1.80307E-01  -2.00987E-02   4.50074E-02   1.16097E-01   8.95869E-04   8.34056E-05   4.81528E-05   1.43790E-09   3.52514E-05   5.42029E-02   2.00192E-04   4.82969E-05   7.65168E-09   1.51888E-04   3.16529E-03   2.23444E-04   5.26954E-05   1.35931E-09   1.70747E-04
  135000   5.10702E+02   5.34858E-02   6.98504E-02  -2.40050E-02   4.64366E-02   7.04921E-03   7.64042E-03   1.12694E-04   4.94811E-05   1.38227E-09   6.32116E-05   5.18578E-02  -4.08353E-05   4.85870E-05   7.18226E-09  -8.94295E-05   2.85598E-03  -2.33229E-04   4.73966E-05   1.18008E-09  -2.80627E-04
  136000   5.14485E+02   1.43833E-01   1.37836E-01   4.44953E-03   4.77272E-02   9.61060E-02   1.54777E-03   1.23477E-04   4.29544E-05   1.34490E-09   8.05211E-05   4.92600E-02  -2.26146E-03   4.64289E-05   6.89790E-09  -2.30790E-03   2.58126E-03   2.11041E-04   5.12329E-05   1.06311E-09   1.59807E-04
  137000   5.18268E+02   6.63255E-03   4.66322E-03   9.46165E-04   4.89127E-02  -4.22802E-02   1.02316E-03   5.71663E-05   4.35339E-05   1.29638E-09   1.36311E-05   4.69211E-02  -8.89514E-04   4.57492E-05   6.79643E-09  -9.35270E-04   2.44541E-03  -1.28024E-05   4.34394E-05   1.05608E-09  -5.62429E-05
  138000   5.22051E+02   7.54686E-02   6.47102E-02   9.73263E-03   5.00531E-02   2.54155E-02   1.02579E-03  -2.77431E-05   4.01766E-05   1.19356E-09  -6.79208E-05   4.43769E-02   1.01848E-03   4.09870E-05   6.21453E-09   9.77486E-04   2.21309E-03   9.61013E-05   4.02843E-05   1.10497E-09   5.58159E-05
  139000   5.25834E+02   8.74784E-02   8.29522E-02   3.62982E-03   5.10351E-02   3.64433E-02   8.96377E-04  -4.35449E-05   3.73420E-05   1.03159E-09  -8.08880E-05   4.18503E-02  -6.07931E-04   3.76386E-05   6.04939E-09  -6.45576E-04   1.95939E-03   9.58932E-05   3.99178E-05   1.10575E-09   5.59743E-05
  140000   5.29617E+02  -1.17066E-01  -1.07721E-01  -9.67618E-03   5.18929E-02  -1.68959E-01   3.30261E-04   2.12060E-04   3.53276E-05   1.10548E-09   1.76731E-04   3.90684E-02   6.48737E-04   3.60686E-05   5.41159E-09   6.12663E-04   1.82575E-03   1.37267E-04   3.60004E-05   1.06512E-09   1.01266E-04
  141000   5.33400E+02   3.29673E-02   8.82460E-03   2.37726E-02   5.29151E-02  -1.99477E-02   3.70102E-04   2.81721E-04   3.36526E-05   1.11698E-09   2.48068E-04   3.62017E-02  -2.90445E-04   3.17818E-05   5.48993E-09  -3.22233E-04   1.64426E-03   8.21269E-05   3.42972E-05   9.52522E-10   4.78288E-05
  142000   5.37183E+02   2.24721E-01   1.65486E-01   5.34577E-02   5.36595E-02   1.71061E-01   5.77672E-03  -9.83470E-06   2.98052E-05   9.31037E-10  -3.96408E-05   3.32918E-02  -1.90242E-03   3.17230E-05   4.98733E-09  -1.93415E-03   1.48845E-03   8.86126E-05   3.30905E-05   9.36929E-10   5.55211E-05
  143000   5.40966E+02  -1.35993E-02  -1.19860E-02  -2.11313E-03   5.42952E-02  -6.78945E-02   4.99770E-04   1.38242E-04   2.98577E-05   9.50116E-10   1.08383E-04   3.02748E-02  -1.97066E-03   2.85234E-05   4.88030E-09  -1.99918E-03   1.32174E-03  -3.10153E-06   3.04318E-05   9.21138E-10  -3.35342E-05
  144000   5.44749E+02   1.78827E-01   2.04589E-01  -2.66307E-02   5.45324E-02   1.24295E-01   8.68551E-04   1.20180E-04   2.74228E-05   8.72281E-10   9.27562E-05   2.71542E-02   9.25323E-05   2.75589E-05   4.24687E-09   6.49692E-05   1.11958E-03  -3.10758E-04   2.93717E-05   8.82262E-10  -3.40131E-04
  145000   5.48532E+02   1.35284E-01   1.26057E-01   8.73182E-03   5.50096E-02   8.02741E-02   4.95329E-04  -3.42377E-06   2.66718E-05   7.45976E-10  -3.00963E-05   2.40326E-02   4.63304E-04   2.52083E-05   3.78883E-09   4.38092E-04   9.69881E-04  -4.06041E-05   2.50816E-05   9.70230E-10  -6.56867E-05
  146000   5.52315E+02  -7.63278E-02  -7.40658E-02  -2.50475E-03   5.54316E-02  -1.31759E-01   2.42751E-04  -1.00570E-04   2.23102E-05   6.51655E-10  -1.22880E-04   2.12021E-02   9.64962E-05   2.31262E-05   3.42143E-09   7.33666E-05   8.13455E-04  -1.47937E-04   2.34457E-05   8.54058E-10  -1.71383E-04
  147000   5.56098E+02   5.19630E-02   3.35790E-02   1.79977E-02   5.56074E-02  -3.64442E-03   3.86299E-04   1.08097E-04   2.01130E-05   6.65125E-10   8.79829E-05   1.84003E-02  -3.98655E-04   1.93288E-05   3.13580E-09  -4.17987E-04   6.92459E-04   1.55367E-05   2.06736E-05   8.27484E-10  -5.13779E-06
  148000   5.59881E+02   2.76900E-02   1.20804E-03   2.35534E-02   5.57087E-02  -2.80187E-02   2.92861E-03  -1.10573E-05   1.83574E-05   6.15260E-10  -2.94154E-05   1.58543E-02  -2.13054E-05   1.69067E-05   2.66731E-09  -3.82148E-05   5.61016E-04   4.57365E-05   1.81529E-05   7.79703E-10   2.75827E-05
  149000   5.63664E+02   1.02027E-01   1.11876E-01  -1.03481E-02   5.59214E-02   4.61052E-02   4.98221E-04  -1.65574E-04   1.50462E-05   5.69964E-10  -1.80620E-04   1.35920E-02   1.51896E-03   1.56396E-05   2.73972E-09   1.50331E-03   4.38906E-04   1.93835E-06   1.55208E-05   8.11992E-10  -1.35833E-05
  150000   5.67447E+02   9.54769E-02   7.25680E-02   2.26270E-02   5.60754E-02   3.94014E-02   2.81868E-04  -3.19173E-05   1.34162E-05   6.20677E-10  -4.53342E-05   1.16461E-02  -5.06230E-04   1.57825E-05   2.53082E-09  -5.22015E-04   3.41475E-04  -1.89591E-04   1.64807E-05   8.01045E-10  -2.06073E-04
  151000   5.71230E+02   1.41325E-01   1.47575E-01  -6.51368E-03   5.59172E-02   8.54074E-02   2.63113E-04   2.52488E-05   1.25680E-05   5.64410E-10   1.26802E-05   1.00755E-02  -1.48150E-04   1.19965E-05   2.21360E-09  -1.60149E-04   2.54460E-04  -1.66298E-05   1.21858E-05   7.62026E-10  -2.88164E-05
  152000   5.75013E+02  -2.93577E-02  -5.38706E-02   2.43207E-02   5.58443E-02  -8.52020E-02   1.92141E-04  -1.36080E-04   1.11254E-05   5.16352E-10  -1.47206E-04   8.81819E-03  -6.72925E-04   1.06849E-05   2.04819E-09  -6.83612E-04   1.92474E-04  -8.02895E-05   1.05005E-05   7.87037E-10  -9.07908E-05
  153000   5.78796E+02   1.11063E-01   1.15280E-01  -4.44324E-03   5.56535E-02   5.54093E-02   2.25645E-04  -3.47316E-05   8.76748E-06   4.56583E-10  -4.34995E-05   7.92885E-03  -4.67829E-04   9.50056E-06   1.62974E-09  -4.77332E-04   1.60274E-04  -3.29189E-05   9.52820E-06   7.35441E-10  -4.24479E-05
  154000   5.82579E+02  -1.15627E-01  -1.37471E-01   1.98009E-02   5.52649E-02  -1.70891E-01   2.04389E-03  -3.10763E-05   8.01228E-06   4.30234E-10  -3.90891E-05   7.48681E-03   1.16386E-04   8.23161E-06   1.73002E-09   1.08152E-04   1.62736E-04  -1.19204E-05   8.60265E-06   6.93781E-10  -2.05237E-05
  155000   5.86362E+02  -6.89778E-02  -5.68469E-02  -1.22216E-02   5.39006E-02  -1.22878E-01   9.07287E-05  -6.28819E-05   7.77335E-06   4.68609E-10  -7.06558E-05   7.45611E-03  -8.88596E-05   8.03702E-06   1.92870E-09  -9.68985E-05   1.57618E-04  -4.09979E-05   8.13199E-06   7.39875E-10  -4.91306E-05
  156000   5.90145E+02   1.06523E-02   1.20294E-02  -1.51470E-03   5.30829E-02  -4.24306E-02   1.37631E-04  -4.26840E-05   6.96331E-06   4.83938E-10  -4.96478E-05   7.75293E-03  -5.10902E-04   7.51131E-06   1.83284E-09  -5.18416E-04   1.40887E-04   2.46401E-05   7.91815E-06   7.88534E-10   1.67212E-05
  157000   5.93927E+02   1.37881E-01   1.40411E-01  -2.74254E-03   5.17998E-02   8.60816E-02   2.13307E-04  -1.22338E-04   7.86809E-06   4.49273E-10  -1.30206E-04   8.34570E-03   3.10767E-05   7.73922E-06   1.91721E-09   2.33355E-05   1.30371E-04  -1.73522E-05   8.31651E-06   7.99501E-10  -2.56695E-05
  158000   5.97710E+02   3.54563E-02   3.64228E-02  -1.13805E-03   5.11507E-02  -1.56944E-02   1.71587E-04   1.98215E-05   7.71702E-06   4.61931E-10   1.21040E-05   9.18138E-03   1.94165E-04   8.75751E-06   2.12150E-09   1.85405E-04   1.31216E-04   3.34159E-05   8.25017E-06   7.45256E-10   2.51650E-05
  159000   6.01493E+02   8.34071E-02   1.15406E-01  -3.22858E-02   5.00018E-02   3.34052E-02   2.86314E-04  -1.01672E-04   8.32645E-06   4.19396E-10  -1.09999E-04   1.01715E-02   6.44327E-04   8.35142E-06   2.08614E-09   6.35974E-04   1.38741E-04  -2.26179E-05   9.01654E-06   6.88352E-10  -3.16351E-05
  160000   6.05276E+02   6.13899E-02   9.64713E-02  -3.53400E-02   4.92991E-02   1.20908E-02   2.58606E-04  -4.47881E-05   9.24410E-06   4.05678E-10  -5.40326E-05   1.13009E-02   1.65543E-03   9.52117E-06   2.25559E-09   1.64591E-03   1.56762E-04   5.57398E-05   1.00165E-05   6.56711E-10   4.57227E-05
  161000   6.09059E+02   1.50537E-01   1.05270E-01   4.33047E-02   4.88173E-02   1.01719E-01   1.96183E-03  -9.79368E-06   9.60782E-06   4.46442E-10  -1.94020E-05   1.24272E-02   5.05288E-04   9.99136E-06   2.32941E-09   4.95294E-04   1.58061E-04   5.26806E-05   1.05877E-05   7.36507E-10   4.20922E-05
  162000   6.12842E+02  -4.74583E-02  -3.23402E-02  -1.52638E-02   4.81863E-02  -9.56446E-02   1.45762E-04  -8.87399E-05   1.07535E-05   4.96033E-10  -9.94939E-05   1.34139E-02   4.45837E-04   1.05048E-05   2.51151E-09   4.35329E-04   1.67810E-04  -4.28425E-05   1.14813E-05   8.54382E-10  -5.43247E-05
  163000   6.16625E+02  -5.90260E-03  -2.59792E-02   1.98554E-02   4.73080E-02  -5.32106E-02   2.21196E-04  -5.19434E-05   1.12698E-05   5.88377E-10  -6.32138E-05   1.43283E-02   6.07245E-04   1.22218E-05   2.95770E-09   5.95020E-04   1.73046E-04  -3.22061E-07   1.20379E-05   9.87377E-10  -1.23610E-05
  164000   6.20408E+02   2.10066E-03   1.74750E-02  -1.55313E-02   4.62705E-02  -4.41698E-02   1.56887E-04   6.66819E-05   1.25983E-05   5.00229E-10   5.40831E-05   1.52223E-02  -1.34278E-04   1.24622E-05   2.88503E-09  -1.46743E-04   1.80974E-04   1.41515E-05   1.31965E-05   8.33706E-10   9.54126E-07
  165000   6.24191E+02   3.08549E-02   3.34149E-02  -2.78676E-03   4.52943E-02  -1.44394E-02   2.26818E-04   1.22026E-05   1.30101E-05   4.54880E-10  -8.07896E-07   1.59690E-02  -2.19957E-04   1.34116E-05   2.79803E-09  -2.33371E-04   1.93288E-04   9.32227E-05   1.39179E-05   7.29245E-10   7.93041E-05
  166000   6.27974E+02  -9.53839E-02  -1.05819E-01   1.03960E-02   4.45018E-02  -1.39886E-01   3.87701E-05   6.84994E-05   1.44493E-05   4.44325E-10   5.40497E-05   1.65000E-02   3.23834E-04   1.40299E-05   2.95896E-09   3.09801E-04   2.01928E-04  -1.92466E-05   1.49271E-05   7.34442E-10  -3.41745E-05
  167000   6.31757E+02  -1.56151E-01  -1.42435E-01  -1.57474E-02   4.37536E-02  -1.99905E-01   2.03066E-03   8.41981E-05   1.54360E-05   4.89018E-10   6.87616E-05   1.68005E-02   1.71683E-03   1.56938E-05   3.20323E-09   1.70113E-03   2.20250E-04   2.42656E-05   1.52378E-05   7.82503E-10   9.02698E-06
  168000   6.35540E+02  -4.38901E-02  -3.90414E-02  -4.93493E-03   4.31609E-02  -8.70510E-02   8.61830E-05  -2.21523E-05   1.72118E-05   5.20462E-10  -3.93645E-05   1.68603E-02   3.76118E-05   1.61235E-05   3.41706E-09   2.14849E-05   2.34175E-04   5.86545E-05   1.58060E-05   8.23268E-10   4.28477E-05
  169000   6.39323E+02   9.79765E-02   9.75036E-02   2.63648E-04   4.22950E-02   5.56815E-02   2.09293E-04  -3.71045E-06   1.52546E-05   5.64648E-10  -1.89656E-05   1.67572E-02   1.40540E-04   1.68420E-05   3.26434E-09   1.23695E-04   2.31421E-04   5.44835E-05   1.60766E-05   8.68051E-10   3.84060E-05
  170000   6.43106E+02  -1.99895E-02  -2.68083E-02   6.55124E-03   4.18030E-02  -6.17925E-02   2.67631E-04  -7.60920E-05   1.54915E-05   5.21458E-10  -9.15840E-05   1.65272E-02  -3.34341E-04   1.57096E-05   3.41619E-09  -3.50054E-04   2.30306E-04   5.80981E-05   1.58221E-05   8.89536E-10   4.22751E-05
  171000   6.46889E+02   1.50855E-01   1.62937E-01  -1.23770E-02   4.10799E-02   1.09775E-01   2.95137E-04   4.81476E-06   1.55914E-05   5.31981E-10  -1.07772E-05   1.62131E-02  -5.82384E-04   1.60295E-05   3.16363E-09  -5.98417E-04   2.43685E-04   5.16718E-05   1.62522E-05   8.12777E-10   3.54187E-05
  172000   6.50672E+02   1.37481E-01   1.21786E-01   1.54579E-02   4.02142E-02   9.72670E-02   2.37741E-04   1.26652E-04   1.43521E-05   4.74581E-10   1.12299E-04   1.58712E-02   1.35891E-04   1.49730E-05   2.82547E-09   1.20915E-04   2.40697E-04  -7.56916E-05   1.48562E-05   7.68852E-10  -9.05485E-05
  173000   6.54455E+02   2.45543E-01   2.58724E-01  -1.51595E-02   3.93036E-02   2.06239E-01   1.97877E-03   1.81397E-05   1.35936E-05   4.82032E-10   4.54560E-06   1.55629E-02  -7.01468E-04   1.37496E-05   2.83650E-09  -7.15220E-04   2.37184E-04   1.35618E-05   1.42349E-05   8.24472E-10  -6.73971E-07
  174000   6.58238E+02   1.26698E-01   1.50188E-01  -2.51206E-02   3.85165E-02   8.81810E-02   1.63007E-03   8.02029E-05   1.33298E-05   5.31036E-10   6.68726E-05   1.52437E-02  -3.67024E-04   1.33263E-05   2.88527E-09  -3.80353E-04   2.16669E-04   4.33245E-06   1.37834E-05   8.50194E-10  -9.45182E-06
  175000   6.62021E+02  -4.20586E-03  -1.57019E-02   1.14065E-02   3.74099E-02  -4.16158E-02   8.95065E-05   4.96915E-05   1.16596E-05   5.30949E-10   3.80314E-05   1.48153E-02   1.06930E-03   1.24577E-05   2.68019E-09   1.05684E-03   2.05630E-04   2.66018E-05   1.34151E-05   9.54287E-10   1.31857E-05
  176000   6.65804E+02   6.73635E-02   3.50413E-02   3.20977E-02   3.65073E-02   3.08562E-02   2.24459E-04  -2.98905E-06   1.24110E-05   5.66619E-10  -1.54006E-05   1.42904E-02  -9.92568E-04   1.22610E-05   2.71706E-09  -1.00483E-03   2.06564E-04   5.19838E-05   1.25762E-05   8.42253E-10   3.94067E-05
  177000   6.69587E+02  -8.74136E-02  -1.12773E-01   2.52249E-02   3.51488E-02  -1.22562E-01   1.34038E-04   7.71243E-05   1.19967E-05   4.78731E-10   6.51270E-05   1.36636E-02   1.16722E-04   1.23286E-05   2.59481E-09   1.04391E-04   2.09736E-04   4.94191E-05   1.19008E-05   7.93459E-10   3.75175E-05
  178000   6.73370E+02  -6.63011E-02  -1.05151E-01   3.86827E-02   3.39896E-02  -1.00291E-01   1.67614E-04   5.27217E-06   1.16674E-05   4.58438E-10  -6.39573E-06   1.30608E-02   7.02938E-05   1.14779E-05   2.46413E-09   5.88134E-05   2.15880E-04   1.32126E-05   1.22084E-05   7.85794E-10   1.00341E-06
  179000   6.77153E+02   9.66927E-02   4.14629E-02   5.50590E-02   3.26250E-02   6.40677E-02   1.70826E-04  -7.43520E-06   1.07624E-05   4.57775E-10  -1.81981E-05   1.23251E-02  -3.78370E-04   1.16579E-05   2.41431E-09  -3.90031E-04   2.14304E-04  -4.57530E-05   1.13949E-05   7.99479E-10  -5.71486E-05
  180000   6.80936E+02   9.16007E-03  -4.80052E-02   5.50797E-02   3.12244E-02  -2.20643E-02   2.08559E-03   1.27104E-05   1.09185E-05   5.15426E-10   1.79138E-06   1.16364E-02   4.20270E-04   1.07282E-05   2.35887E-09   4.09539E-04   1.92312E-04   1.00349E-04   1.06635E-05   8.75515E-10   8.96842E-05
  181000   6.84719E+02  -1.05150E-01  -1.49522E-01   4.42004E-02   2.99598E-02  -1.35110E-01   1.71651E-04   5.30299E-05   1.01699E-05   4.66353E-10   4.28595E-05   1.09655E-02   5.65380E-04   1.06056E-05   2.34123E-09   5.54772E-04   1.70836E-04   9.55824E-05   9.92038E-06   9.08260E-10   8.56611E-05
  182000   6.88502E+02  -1.47718E-01  -1.95534E-01   4.76811E-02   2.89515E-02  -1.76670E-01   1.35013E-04   4.30384E-05   9.49533E-06   5.35027E-10   3.35425E-05   1.02829E-02  -7.09931E-05   9.49072E-06   2.18274E-09  -8.04860E-05   1.64768E-04   2.45248E-05   9.88697E-06   8.70540E-10   1.46369E-05
  183000   6.92285E+02  -2.88631E-02  -3.61552E-02   7.22080E-03   2.81025E-02  -5.69656E-02   7.12773E-05  -9.36462E-05   8.65660E-06   5.10015E-10  -1.02303E-04   9.65703E-03  -1.39810E-03   8.71847E-06   2.22650E-09  -1.40682E-03   1.63046E-04   2.13054E-05   8.61594E-06   8.31415E-10   1.26886E-05
  184000   6.96068E+02  -1.48502E-03  -7.60143E-03   5.84800E-03   2.70888E-02  -2.85739E-02   2.68414E-04   6.58683E-05   7.96195E-06   4.57421E-10   5.79059E-05   9.03983E-03   5.66055E-04   8.69240E-06   2.13443E-09   5.57361E-04   1.68175E-04   4.67583E-05   8.28165E-06   8.28682E-10   3.84758E-05
  185000   6.99851E+02   1.13256E-02  -1.78292E-02   2.89497E-02   2.58190E-02  -1.44935E-02   2.05019E-04   7.87126E-05   7.69185E-06   5.33077E-10   7.10202E-05   8.42550E-03  -1.90258E-04   7.41360E-06   1.87802E-09  -1.97673E-04   1.64517E-04  -4.51385E-05   7.35976E-06   9.18595E-10  -5.24992E-05
  186000   7.03634E+02  -2.32951E-01  -2.54922E-01   2.07596E-02   2.45625E-02  -2.57514E-01   1.21120E-03   1.42916E-05   7.32073E-06   5.14479E-10   6.97031E-06   7.85716E-03   1.37489E-04   7.31358E-06   1.94282E-09   1.30173E-04   1.59050E-04   5.85656E-05   6.94323E-06   8.84879E-10   5.16214E-05
  187000   7.07417E+02  -1.28362E-01  -1.29967E-01   1.46434E-03   2.30208E-02  -1.51383E-01   1.40410E-04   9.16429E-05   6.26763E-06   5.23608E-10   8.53747E-05   7.20182E-03   1.05742E-04   6.21444E-06   1.72950E-09   9.95262E-05   1.42627E-04  -1.57210E-05   6.32406E-06   8.46014E-10  -2.20459E-05
  188000   7.11200E+02   7.69637E-02   6.83930E-02   8.43314E-03   2.15113E-02   5.54525E-02   1.37561E-04   1.35363E-05   6.11504E-06   5.58972E-10   7.42069E-06   6.57584E-03  -6.54416E-04   6.09566E-06   1.93983E-09  -6.60514E-04   1.37435E-04   5.10924E-06   6.40317E-06   8.99755E-10  -1.29483E-06
  189000   7.14983E+02   2.05902E-01   2.07206E-01  -1.50134E-03   1.97155E-02   1.86187E-01   1.97179E-04   3.88246E-05   5.67139E-06   4.71363E-10   3.31528E-05   5.93877E-03  -6.56695E-05   5.72293E-06   1.51263E-09  -7.13940E-05   1.26111E-04   3.79923E-05   5.34866E-06   7.93536E-10   3.26429E-05
  190000   7.18766E+02   1.07247E-01   1.10186E-01  -3.16019E-03   1.75135E-02   8.97338E-02   2.21276E-04  -6.83276E-05   5.41241E-06   4.62290E-10  -7.37405E-05   5.30331E-03  -3.48527E-04   4.99944E-06   1.43801E-09  -3.53528E-04   1.29055E-04   3.20804E-05   4.88608E-06   7.59556E-10   2.71935E-05
  191000   7.22549E+02   1.31626E-01   1.40613E-01  -9.20177E-03   1.55151E-02   1.16111E-01   2.14679E-04   3.14854E-05   4.73061E-06   4.82924E-10   2.67543E-05   4.72311E-03   2.36177E-04   4.69266E-06   1.36141E-09   2.31483E-04   1.34863E-04  -2.48464E-05   4.58218E-06   7.71415E-10  -2.94294E-05
  192000   7.26332E+02   1.07054E-01   1.15916E-01  -9.01340E-03   1.36052E-02   9.34491E-02   1.52033E-04  -7.02192E-05   4.26877E-06   4.97228E-10  -7.44885E-05   4.14591E-03  -4.59034E-05   4.27609E-06   1.46608E-09  -5.01810E-05   1.21442E-04  -2.56865E-05   4.57192E-06   9.21478E-10  -3.02593E-05
  193000   7.30115E+02   4.29142E-02  -8.45841E-03   5.00881E-02   1.23971E-02   3.05171E-02   1.28446E-03  -2.26629E-05   3.79599E-06   5.50476E-10  -2.64595E-05   3.59957E-03   1.09458E-04   4.09786E-06   1.50471E-09   1.05359E-04   1.07386E-04   7.09635E-05   3.97728E-06   8.65983E-10   6.69853E-05
  194000   7.33898E+02   1.30293E-01   1.34671E-01  -4.61761E-03   1.10269E-02   1.19266E-01   2.39283E-04   4.13581E-05   3.48242E-06   5.48734E-10   3.78752E-05   3.04495E-03  -3.20552E-04   3.42523E-06   1.37094E-09  -3.23979E-04   9.92259E-05  -3.04329E-05   3.44197E-06   8.85186E-10  -3.38757E-05
  195000   7.37681E+02  -1.43164E-01  -1.55995E-01   1.27676E-02   9.98966E-03  -1.53154E-01   6.30156E-05   4.89142E-05   2.86680E-06   4.97041E-10   4.60470E-05   2.56224E-03  -3.58446E-04   2.95612E-06   1.23652E-09  -3.61403E-04   9.38163E-05   1.86891E-05   2.88761E-06   7.79453E-10   1.58007E-05
  196000   7.41464E+02  -3.01532E-02  -3.61696E-02   5.99807E-03   8.95618E-03  -3.91094E-02   1.83830E-05   6.46741E-05   2.68514E-06   5.28627E-10   6.19884E-05   2.18378E-03   3.11253E-04   2.73497E-06   1.30859E-09   3.08517E-04   9.54269E-05  -3.99917E-05   2.71702E-06   8.77731E-10  -4.27096E-05
  197000   7.45247E+02   4.18077E-02   2.70310E-02   1.46479E-02   7.48506E-03   3.43226E-02   1.28834E-04  -5.59928E-06   2.11281E-06   4.81218E-10  -7.71257E-06   1.90671E-03   2.10931E-04   2.31135E-06   1.15053E-09   2.08619E-04   9.68564E-05   1.82084E-05   2.23094E-06   8.07753E-10   1.59767E-05
  198000   7.49030E+02   5.86715E-02   5.30372E-02   5.49819E-03   5.70721E-03   5.29643E-02   1.36066E-04  -5.63950E-05   2.18137E-06   5.35413E-10  -5.85769E-05   1.75455E-03  -1.61785E-04   2.17692E-06   1.22389E-09  -1.63963E-04   8.67725E-05  -1.10857E-05   2.21644E-06   9.02338E-10  -1.33030E-05
  199000   7.52813E+02  -1.13439E-01  -1.73005E-01   5.82219E-02   3.63186E-03  -1.17071E-01   1.34422E-03  -4.45730E-05   1.80736E-06   5.19843E-10  -4.63809E-05   1.65583E-03   7.14442E-05   1.81060E-06   1.16688E-09   6.96324E-05   8.18556E-05  -7.56151E-06   1.72045E-06   8.32934E-10  -9.28279E-06
  200000   7.56596E+02   1.21657E-01   1.17260E-01   4.13237E-03   1.06253E-03   1.20595E-01   2.64702E-04   3.36192E-05   1.69467E-06   5.49916E-10   3.19240E-05   1.60625E-03   1.23760E-04   1.89094E-06   1.26546E-09   1.21867E-04   7.87366E-05   4.92217E-05   1.82469E-06   9.55326E-10   4.73960E-05
  201000   7.60379E+02   7.48041E-02   3.08297E-02   4.38094E-02  -1.26363E-03   7.60678E-02   1.65073E-04   9.19296E-06   1.70744E-06   4.62876E-10   7.48505E-06   1.62589E-03  -2.02665E-05   1.92496E-06   1.18713E-09  -2.21926E-05   7.79363E-05   2.10020E-05   1.85261E-06   8.20406E-10   1.91485E-05
  202000   7.64161E+02  -7.82866E-02  -7.76825E-02  -6.40044E-04  -3.69791E-03  -7.45887E-02   3.59718E-05   1.15550E-05   1.84447E-06   4.81486E-10   9.71008E-06   1.66634E-03  -2.04591E-04   2.00736E-06   1.19721E-09  -2.06599E-04   8.59299E-05   5.87578E-05   1.87147E-06   8.77592E-10   5.68854E-05
  203000   7.67944E+02  -5.92305E-02  -1.11825E-01   5.24512E-02  -5.64090E-03  -5.35896E-02   1.43780E-04  -4.73750E-05   1.89125E-06   4.75889E-10  -4.92668E-05   1.73234E-03  -1.57161E-04   2.10503E-06   1.16541E-09  -1.59267E-04   9.80831E-05  -9.72701E-05   2.08553E-06   8.87305E-10  -9.93565E-05
  204000   7.71727E+02  -7.58131E-02  -1.20884E-01   4.48718E-02  -7.61548E-03  -6.81976E-02   1.99311E-04   8.22577E-05   2.13273E-06   5.23487E-10   8.01244E-05   1.87988E-03  -2.14132E-04   2.14046E-06   1.39085E-09  -2.16274E-04   1.07374E-04   6.51808E-05   2.07379E-06   1.01903E-09   6.31060E-05
  205000   7.75510E+02  -1.10398E-01  -1.82502E-01   7.09014E-02  -9.64465E-03  -1.00753E-01   1.20299E-03  -1.61895E-04   2.07593E-06   4.97852E-10  -1.63972E-04   2.12986E-03  -1.94195E-04   2.20190E-06   1.27808E-09  -1.96398E-04   1.12238E-04   3.05614E-05   2.00025E-06   8.95577E-10   2.85603E-05
  206000   7.79293E+02   2.35788E-01   2.29059E-01   6.47144E-03  -1.11833E-02   2.46971E-01   2.57488E-04   1.07072E-04   2.20997E-06   5.60307E-10   1.04861E-04   2.42656E-03   1.88844E-04   2.10984E-06   1.37944E-09   1.86733E-04   1.06053E-04   6.07004E-05   2.05746E-06   9.51910E-10   5.86420E-05
  207000   7.83076E+02   7.03766E-02   5.08096E-02   1.93677E-02  -1.30694E-02   8.34460E-02   1.99290E-04  -6.13430E-05   2.12629E-06   5.09025E-10  -6.34698E-05   2.77001E-03  -1.05991E-04   2.24478E-06   1.34628E-09  -1.08238E-04   1.02626E-04   5.16400E-05   2.31694E-06   9.12082E-10   4.93221E-05
  208000   7.86859E+02  -6.92903E-02  -7.53397E-02   6.01123E-03  -1.47785E-02  -5.45118E-02   3.82363E-05   1.08833E-04   2.51163E-06   4.50696E-10   1.06321E-04   3.10402E-03  -8.67715E-05   2.39824E-06   1.22154E-09  -8.91710E-05   9.86737E-05  -5.33207E-05   2.40813E-06   7.75466E-10  -5.57296E-05
  209000   7.90642E+02  -3.57109E-02  -3.65797E-02   8.17447E-04  -1.65524E-02  -1.91585E-02   5.13244E-05  -1.35738E-05   2.55201E-06   4.59484E-10  -1.61262E-05   3.38046E-03   4.46424E-04   2.67927E-06   1.36682E-09   4.43743E-04   1.03511E-04  -1.18204E-05   2.61226E-06   8.08842E-10  -1.44335E-05
  210000   7.94425E+02  -2.81003E-03  -4.07492E-02   3.78369E-02  -1.87698E-02   1.59598E-02   1.02289E-04  -1.80515E-05   2.91256E-06   5.33755E-10  -2.09646E-05   3.60146E-03   9.85925E-05   2.93689E-06   1.54107E-09   9.56541E-05   9.78557E-05   3.31524E-05   2.82091E-06   9.27569E-10   3.03305E-05
  211000   7.98208E+02   1.23227E-01   8.47235E-02   3.83418E-02  -2.06020E-02   1.43829E-01   1.61728E-04  -8.56863E-05   3.11326E-06   4.98438E-10  -8.88001E-05   3.79088E-03   3.99307E-04   3.24750E-06   1.54258E-09   3.96058E-04   9.94626E-05   1.05068E-05   3.28938E-06   9.48275E-10   7.21647E-06
  212000   8.01991E+02  -2.07120E-01  -1.81736E-01  -2.68421E-02  -2.30282E-02  -1.84091E-01   1.45837E-03  -6.99852E-05   3.41040E-06   5.85972E-10  -7.33962E-05   3.93515E-03  -5.27182E-04   3.48529E-06   1.65785E-09  -5.30669E-04   1.01382E-04  -5.62941E-05   3.56641E-06   1.05262E-09  -5.98615E-05
  213000   8.05774E+02   6.84041E-02   3.46020E-02   3.36306E-02  -2.46349E-02   9.30390E-02   1.71457E-04  -7.90595E-06   3.51169E-06   6.46293E-10  -1.14183E-05   4.04711E-03   4.57659E-04   3.66502E-06   1.68750E-09   4.53992E-04   1.02197E-04  -9.47251E-05   3.53641E-06   1.01118E-09  -9.82625E-05
  214000   8.09557E+02   7.60428E-02   2.64886E-02   4.93267E-02  -2.67657E-02   1.02808E-01   2.27520E-04   1.32002E-05   3.62581E-06   4.90914E-10   9.57393E-06   4.13977E-03  -3.84812E-04   3.81871E-06   1.58153E-09  -3.88632E-04   1.04628E-04   1.74926E-05   3.75055E-06   9.13713E-10   1.37411E-05
  215000   8.13340E+02   1.33946E-02  -3.51317E-02   4.83569E-02  -2.84795E-02   4.18741E-02   1.69431E-04   1.00789E-05   3.49523E-06   4.85340E-10   6.58315E-06   4.23717E-03   3.77315E-04   3.67723E-06   1.58187E-09   3.73636E-04   1.03581E-04  -2.85013E-05   3.59261E-06   9.38267E-10  -3.20949E-05
  216000   8.17123E+02  -1.49333E-02  -5.18192E-02   3.67052E-02  -3.05729E-02   1.56396E-02   1.80723E-04   5.68498E-05   3.42400E-06   5.16008E-10   5.34253E-05   4.26907E-03  -1.35214E-04   3.77470E-06   1.53941E-09  -1.38991E-04   9.98131E-05  -2.48481E-05   3.67341E-06   8.48523E-10  -2.85223E-05
  217000   8.20906E+02  -6.63118E-03  -4.16433E-02   3.49756E-02  -3.22958E-02   2.56646E-02   3.65378E-05  -5.05865E-05   3.60243E-06   4.92555E-10  -5.41894E-05   4.25108E-03   3.28649E-04   3.66266E-06   1.44915E-09   3.24985E-04   9.62168E-05   1.42878E-05   3.91871E-06   8.55523E-10   1.03683E-05
  218000   8.24689E+02  -2.24187E-02   1.47968E-02  -3.86341E-02  -3.38004E-02   1.13817E-02   1.41860E-03   5.80935E-06   3.57474E-06   4.48631E-10   2.23415E-06   4.19673E-03   4.61872E-05   3.64337E-06   1.35185E-09   4.25425E-05   9.59474E-05  -7.71634E-05   3.73981E-06   7.97881E-10  -8.09040E-05
  219000   8.28472E+02   4.63565E-02   5.93911E-02  -1.31858E-02  -3.57600E-02   8.21165E-02   1.51153E-04  -1.26211E-05   3.60518E-06   5.17884E-10  -1.62268E-05   3.99206E-03  -4.69602E-04   3.76060E-06   1.48601E-09  -4.73364E-04   1.00590E-04   4.41714E-05   3.76955E-06   9.63438E-10   4.04009E-05
  220000   8.32255E+02  -5.76558E-03  -3.87288E-02   3.27813E-02  -3.74312E-02   3.16656E-02   1.81912E-04  -4.00168E-05   3.54078E-06   5.77325E-10  -4.35582E-05   3.82266E-03   1.33117E-04   3.55710E-06   1.60654E-09   1.29558E-04   1.03384E-04  -7.98551E-05   3.71853E-06   1.03227E-09  -8.35747E-05
  221000   8.36038E+02   4.99325E-03   8.45767E-03  -3.54988E-03  -3.93426E-02   4.43358E-02   8.54654E-05   1.29881E-04   3.57178E-06   5.47699E-10   1.26309E-04   3.62070E-03   1.25500E-04   3.71607E-06   1.39076E-09   1.21782E-04   1.08305E-04  -5.34005E-05   3.35082E-06   9.19732E-10  -5.67522E-05
  222000   8.39821E+02   7.83757E-02   8.66905E-02  -8.52109E-03  -4.13752E-02   1.19751E-01   2.06341E-04   3.15957E-06   3.59154E-06   5.05922E-10  -4.32480E-07   3.40059E-03   3.92762E-04   3.64707E-06   1.40605E-09   3.89113E-04   1.13415E-04  -7.86208E-05   3.70539E-06   9.16981E-10  -8.23271E-05
  223000   8.43604E+02   1.05109E-02  -7.67450E-03   1.80805E-02  -4.36888E-02   5.41997E-02   1.04943E-04  -1.13053E-05   3.41415E-06   5.05566E-10  -1.47200E-05   3.27629E-03  -3.30595E-04   3.28435E-06   1.40477E-09  -3.33881E-04   1.17448E-04  -9.00552E-05   3.46742E-06   9.37545E-10  -9.35235E-05
  224000   8.47387E+02  -1.00867E-01  -1.20663E-01   1.83020E-02  -4.58564E-02  -5.50111E-02   1.49325E-03   1.32355E-04   3.22766E-06   4.92220E-10   1.29126E-04   3.18203E-03  -5.16707E-04   3.17316E-06   1.31739E-09  -5.19882E-04   1.19157E-04   6.24419E-05   3.17152E-06   9.39677E-10   5.92694E-05
  225000   8.51170E+02   6.67712E-02   7.57342E-02  -9.15165E-03  -4.80212E-02   1.14792E-01   1.88582E-04   1.07114E-04   3.14972E-06   5.64436E-10   1.03964E-04   3.01024E-03  -1.95307E-04   2.97698E-06   1.44183E-09  -1.98285E-04   1.24450E-04   2.30813E-05   3.32544E-06   1.02859E-09   1.97548E-05
  226000   8.54953E+02  -1.70718E-02  -8.98012E-03  -8.19613E-03  -5.02637E-02   3.31919E-02   1.04493E-04   6.45281E-05   3.06364E-06   5.72579E-10   6.14639E-05   2.82235E-03  -1.05495E-04   2.98625E-06   1.49264E-09  -1.08483E-04   1.29921E-04  -1.22232E-04   3.10352E-06   9.93602E-10  -1.25337E-04
  227000   8.58736E+02  -7.31641E-02  -8.44807E-02   1.12424E-02  -5.20298E-02  -2.11343E-02   7.42571E-05  -1.06980E-05   2.92259E-06   4.73354E-10  -1.36211E-05   2.64952E-03   4.37791E-05   3.12487E-06   1.29813E-09   4.06529E-05   1.30013E-04   4.12307E-05   2.83150E-06   8.42470E-10   3.83983E-05
  228000   8.62519E+02   5.47522E-02   7.19727E-02  -1.73996E-02  -5.38912E-02   1.08643E-01   1.79086E-04   8.72938E-05   2.91666E-06   4.68583E-10   8.43767E-05   2.41391E-03   7.36061E-05   2.96047E-06   1.15809E-09   7.06444E-05   1.25143E-04   1.15352E-05   2.99897E-06   8.95600E-10   8.53533E-06
  229000   8.66302E+02  -9.43494E-02  -9.57344E-02   1.34868E-03  -5.63228E-02  -3.80266E-02   3.62887E-05   7.24394E-05   3.12270E-06   5.25699E-10   6.93162E-05   2.24059E-03  -1.88832E-04   2.76819E-06   1.20762E-09  -1.91601E-04   1.19138E-04  -1.32847E-04   3.06882E-06   8.65540E-10  -1.35917E-04
  230000   8.70085E+02   3.36382E-02   2.93073E-02   4.15544E-03  -5.84625E-02   9.21006E-02   1.75399E-04   5.26883E-05   3.03332E-06   5.38249E-10   4.96544E-05   2.10797E-03   1.97665E-04   3.06034E-06   1.23364E-09   1.94604E-04   1.09622E-04   3.38535E-05   2.86739E-06   9.58232E-10   3.09852E-05
  231000   8.73868E+02   1.17036E-01   1.09213E-01   6.43110E-03  -6.02160E-02   1.77252E-01   1.39187E-03   2.03811E-04   2.88281E-06   5.97296E-10   2.00927E-04   2.15625E-03  -4.98566E-04   2.94121E-06   1.41230E-09  -5.01509E-04   9.41557E-05   4.94708E-05   3.00145E-06   9.17858E-10   4.64685E-05
  232000   8.77651E+02   4.98860E-02   2.58926E-02   2.38153E-02  -6.21195E-02   1.12005E-01   1.78057E-04   3.07536E-05   2.77986E-06   5.54127E-10   2.79732E-05   2.27567E-03  -3.33601E-04   2.87026E-06   1.38505E-09  -3.36473E-04   9.37909E-05   2.08216E-05   2.79293E-06   9.16492E-10   1.80278E-05
  233000   8.81434E+02   9.50202E-02   7.78733E-02   1.69860E-02  -6.44215E-02   1.59442E-01   1.60885E-04   8.47114E-05   2.55453E-06   5.51869E-10   8.21563E-05   2.42880E-03  -1.26182E-04   2.76499E-06   1.44607E-09  -1.28948E-04   9.49210E-05  -2.89668E-05   2.62097E-06   1.01573E-09  -3.15888E-05
  234000   8.85217E+02   1.31251E-02   2.61992E-02  -1.32678E-02  -6.59840E-02   7.91091E-02   1.93738E-04   4.30513E-05   2.58200E-06   5.90718E-10   4.04688E-05   2.59513E-03   5.52144E-04   2.72113E-06   1.43468E-09   5.49422E-04   9.01238E-05   2.27079E-05   2.63122E-06   9.58652E-10   2.00757E-05
  235000   8.89000E+02  -1.35273E-02  -6.61353E-03  -7.07625E-03  -6.76225E-02   5.40953E-02   1.62490E-04   6.06525E-06   2.58488E-06   5.43253E-10   3.47983E-06   2.64987E-03   6.78035E-05   2.63083E-06   1.38481E-09   6.51713E-05   8.84307E-05   6.03285E-05   2.60425E-06   1.01353E-09   5.77233E-05
  236000   8.92783E+02   4.59338E-02   5.08901E-02  -5.11993E-03  -6.96195E-02   1.15553E-01   1.63644E-04   1.69849E-04   2.64224E-06   5.03634E-10   1.67206E-04   2.67139E-03   8.82828E-05   3.13736E-06   1.37498E-09   8.51441E-05   8.53624E-05  -7.90128E-05   2.85052E-06   8.71869E-10  -8.18642E-05
  237000   8.96566E+02   4.21516E-02   3.28114E-02   7.73851E-03  -7.19224E-02   1.14074E-01   1.60165E-03  -1.03745E-06   2.88001E-06   5.83344E-10  -3.91804E-06   2.67640E-03   5.05159E-05   2.71002E-06   1.39616E-09   4.78045E-05   8.07696E-05  -6.74217E-07   2.87632E-06   9.02856E-10  -3.55144E-06
  238000   9.00349E+02   5.21676E-02   4.72005E-02   4.79950E-03  -7.41587E-02   1.26326E-01   1.67576E-04   2.99205E-05   2.68714E-06   5.48701E-10   2.72328E-05   2.68024E-03  -3.96868E-04   2.92338E-06   1.35044E-09  -3.99793E-04   8.05209E-05  -4.68719E-05   2.78740E-06   9.27626E-10  -4.96602E-05
  239000   9.04132E+02  -5.46978E-02  -5.64557E-02   1.73385E-03  -7.64125E-02   2.17148E-02   2.40291E-05   7.90739E-05   2.85434E-06   6.00453E-10   7.62190E-05   2.69394E-03   4.49711E-04   2.91717E-06   1.57316E-09   4.46792E-04   8.32512E-05   2.81425E-05   2.88021E-06   1.03819E-09   2.52613E-05
  240000   9.07915E+02  -8.70399E-03   1.91603E-02  -2.80071E-02  -7.86171E-02   6.99131E-02   1.42768E-04   3.62095E-05   2.74934E-06   5.42064E-10   3.34596E-05   2.72922E-03  -1.79266E-06   2.84141E-06   1.42906E-09  -4.63549E-06   8.23829E-05   3.32892E-05   2.69486E-06   9.93395E-10   3.05933E-05
  241000   9.11698E+02   3.75756E-02   1.82996E-02   1.91500E-02  -8.05951E-02   1.18171E-01   1.26037E-04   7.24019E-07   2.66307E-06   4.69788E-10  -1.93952E-06   2.74824E-03   5.17067E-04   2.88625E-06   1.52253E-09   5.14179E-04   8.58616E-05   1.87234E-06   2.65933E-06   9.81662E-10  -7.87965E-07
  242000   9.15481E+02   4.37873E-02   4.05634E-02   3.05682E-03  -8.27253E-02   1.26513E-01   1.67090E-04   3.22285E-05   2.69649E-06   5.23019E-10   2.95315E-05   2.72138E-03   9.37700E-05   2.60509E-06   1.29759E-09   9.11636E-05   9.23586E-05  -1.18218E-04   2.64863E-06   9.29614E-10  -1.20867E-04
  243000   9.19264E+02   8.55548E-02   9.20597E-02  -7.69159E-03  -8.47843E-02   1.70339E-01   1.18661E-03  -3.72019E-06   2.44965E-06   5.04645E-10  -6.17035E-06   2.68471E-03   1.56755E-04   2.40651E-06   1.24866E-09   1.54347E-04   9.40565E-05  -2.12616E-05   2.46464E-06   8.81845E-10  -2.37271E-05
  244000   9.23047E+02  -5.77680E-02  -7.66611E-02   1.87371E-02  -8.65186E-02   2.87505E-02   1.56020E-04  -3.74508E-05   2.46107E-06   5.20171E-10  -3.99124E-05   2.59989E-03   3.02610E-04   2.33920E-06   1.39876E-09   3.00270E-04   9.41708E-05   5.69339E-05   2.46006E-06   9.43433E-10   5.44729E-05
  245000   9.26830E+02   9.03954E-02   9.99524E-02  -9.80065E-03  -8.85886E-02   1.78984E-01   2.43612E-04   6.23909E-05   2.39189E-06   4.73577E-10   5.99986E-05   2.51313E-03   4.24869E-04   2.13435E-06   1.20861E-09   4.22733E-04   9.64427E-05  -3.32181E-05   2.21358E-06   8.51871E-10  -3.54325E-05
  246000   9.30612E+02   9.27273E-02   1.15039E-01  -2.24807E-02  -9.06373E-02   1.83365E-01   1.69346E-04   2.33475E-05   2.32974E-06   5.73192E-10   2.10172E-05   2.43908E-03   2.83133E-04   2.28551E-06   1.31483E-09   2.80846E-04   1.01592E-04  -1.53665E-07   2.42135E-06   9.73845E-10  -2.57599E-06
  247000   9.34395E+02   5.31014E-02   4.38004E-02   9.15153E-03  -9.31722E-02   1.46274E-01   1.49553E-04  -6.47813E-05   2.39769E-06   4.88915E-10  -6.71794E-05   2.37049E-03  -2.14534E-04   2.29370E-06   1.34344E-09  -2.16829E-04   1.01859E-04   6.50875E-05   2.31680E-06   9.11675E-10   6.27698E-05
  248000   9.38178E+02   8.93010E-02   7.83121E-02   1.08913E-02  -9.57023E-02   1.85003E-01   9.75175E-05   1.88978E-05   2.19891E-06   5.10028E-10   1.66984E-05   2.30531E-03   1.36691E-04   2.15142E-06   1.18367E-09   1.34539E-04   9.15744E-05   3.26104E-05   2.11319E-06   8.81718E-10   3.04963E-05
  249000   9.41961E+02   1.94267E-02   2.97555E-02  -1.04936E-02  -9.79978E-02   1.17424E-01   1.64759E-04  -1.80489E-05   2.14803E-06   5.19865E-10  -2.01974E-05   2.18552E-03  -3.06940E-04   2.27362E-06   1.20627E-09  -3.09215E-04   8.55789E-05  -1.33071E-05   2.17074E-06   8.95352E-10  -1.54788E-05
  250000   9.45744E+02  -1.30064E-01  -1.37317E-01   5.88877E-03  -9.99965E-02  -3.00680E-02   1.36339E-03  -6.87322E-05   2.16765E-06   5.59465E-10  -7.09004E-05   2.08179E-03   3.67022E-05   2.08871E-06   1.35785E-09   3.46121E-05   7.99898E-05  -3.61201E-05   2.03856E-06   9.81233E-10  -3.81596E-05
