  time  amplitude  omega  amp_cos  amp_sin
   3.78297E+00   5.93453E-09   8.27272E-01  -5.93410E-09   7.14763E-11
   7.56594E+00   3.62230E-09   1.18504E-01  -3.28305E-09  -1.53059E-09
   1.13489E+01   3.42710E-09   5.69549E-01   2.92034E-09  -1.79350E-09
   1.51319E+01   7.01539E-09   1.85362E-01   6.93613E-09   1.05161E-09
   1.89149E+01   5.11879E-09   2.86277E-01   1.69426E-09   4.83027E-09
   2.26978E+01   7.43995E-09   3.70471E-01  -6.50525E-09   3.61034E-09
   2.64808E+01   7.42305E-09   2.68421E-01  -6.48289E-09  -3.61576E-09
   3.02638E+01   8.09929E-09   3.65308E-01   2.54714E-09  -7.68834E-09
   3.40468E+01   1.01371E-08   2.90140E-01   1.00183E-08  -1.54782E-09
   3.78297E+01   9.88692E-09   3.13491E-01   5.06757E-09   8.48945E-09
   4.16127E+01   1.16386E-08   3.36101E-01  -7.79004E-09   8.64705E-09
   4.53957E+01   1.27290E-08   3.05043E-01  -1.20968E-08  -3.96152E-09
   4.91786E+01   1.40152E-08   3.40278E-01   4.61618E-10  -1.40076E-08
   5.29616E+01   1.67319E-08   3.14224E-01   1.57223E-08  -5.72398E-09
   5.67446E+01   1.81478E-08   3.15520E-01   1.20527E-08   1.35674E-08
   6.05276E+01   2.07615E-08   3.24140E-01  -9.95121E-09   1.82212E-08
   6.43105E+01   2.31861E-08   3.15967E-01  -2.30071E-08  -2.87613E-09
   6.80935E+01   2.62783E-08   3.27880E-01  -5.37695E-09  -2.57223E-08
   7.18765E+01   3.06192E-08   3.16412E-01   2.56137E-08  -1.67772E-08
   7.56594E+01   3.39577E-08   3.17122E-01   2.76418E-08   1.97244E-08
   7.94424E+01   3.87154E-08   3.21022E-01  -1.00800E-08   3.73802E-08
   8.32254E+01   4.39593E-08   3.15112E-01  -4.36672E-08   5.05904E-09
   8.70084E+01   4.99189E-08   3.21582E-01  -2.25898E-08  -4.45151E-08
   9.07913E+01   5.71148E-08   3.17769E-01   3.81949E-08  -4.24648E-08
   9.45743E+01   6.41731E-08   3.16454E-01   6.00854E-08   2.25374E-08
   9.83573E+01   7.28812E-08   3.18411E-01   5.39778E-10   7.28792E-08
   1.02140E+02   8.22733E-08   3.15875E-01  -7.63046E-08   3.07654E-08
   1.05923E+02   9.38028E-08   3.19061E-01  -6.37369E-08  -6.88227E-08
   1.09706E+02   1.05577E-07   3.18101E-01   4.65219E-08  -9.47746E-08
   1.13489E+02   1.19596E-07   3.17153E-01   1.19161E-07   1.01891E-08
   1.17272E+02   1.34932E-07   3.18348E-01   3.74441E-08   1.29633E-07
   1.21055E+02   1.52364E-07   3.17118E-01  -1.21078E-07   9.24920E-08
   1.24838E+02   1.72164E-07   3.18331E-01  -1.46603E-07  -9.02661E-08
   1.28621E+02   1.94597E-07   3.15826E-01   3.40458E-08  -1.91595E-07
   1.32404E+02   2.19770E-07   3.19129E-01   2.15911E-07  -4.10044E-08
   1.36187E+02   2.49650E-07   3.15992E-01   1.33263E-07   2.11107E-07
   1.39970E+02   2.80595E-07   3.17949E-01  -1.67503E-07   2.25114E-07
   1.43753E+02   3.18613E-07   3.18253E-01  -3.06827E-07  -8.58584E-08
   1.47536E+02   3.59622E-07   3.16216E-01  -3.65142E-08  -3.57764E-07
   1.51319E+02   4.05135E-07   3.17091E-01   3.60661E-07  -1.84548E-07
   1.55102E+02   4.61146E-07   3.18571E-01   3.42960E-07   3.08275E-07
   1.58885E+02   5.19270E-07   3.16240E-01  -1.81816E-07   4.86399E-07
   1.62668E+02   5.85595E-07   3.18490E-01  -5.85575E-07   4.82354E-09
   1.66451E+02   6.63615E-07   3.15818E-01  -2.48797E-07  -6.15211E-07
   1.70234E+02   7.50401E-07   3.17797E-01   5.47585E-07  -5.13082E-07
   1.74017E+02   8.50731E-07   3.16511E-01   7.68072E-07   3.65800E-07
   1.77800E+02   9.59355E-07   3.18450E-01  -7.51015E-08   9.56410E-07
   1.81583E+02   1.08329E-06   3.16037E-01  -1.03590E-06   3.16896E-07
   1.85366E+02   1.22955E-06   3.17568E-01  -7.59979E-07  -9.66553E-07
   1.89149E+02   1.38439E-06   3.17197E-01   7.04185E-07  -1.19191E-06
   1.92932E+02   1.57731E-06   3.16700E-01   1.55693E-06   2.52696E-07
   1.96715E+02   1.77493E-06   3.19101E-01   3.57399E-07   1.73858E-06
   2.00498E+02   2.01106E-06   3.16589E-01  -1.68669E-06   1.09519E-06
   2.04281E+02   2.28015E-06   3.17362E-01  -1.84955E-06  -1.33351E-06
   2.08063E+02   2.57319E-06   3.18590E-01   6.59276E-07  -2.48730E-06
   2.11846E+02   2.91405E-06   3.17120E-01   2.89578E-06  -3.25811E-07
   2.15629E+02   3.29261E-06   3.16470E-01   1.53691E-06   2.91190E-06
   2.19412E+02   3.72203E-06   3.18322E-01  -2.45022E-06   2.80177E-06
   2.23195E+02   4.23002E-06   3.17105E-01  -3.97738E-06  -1.43999E-06
   2.26978E+02   4.76231E-06   3.16851E-01  -1.18051E-07  -4.76085E-06
   2.30761E+02   5.38080E-06   3.17710E-01   4.96915E-06  -2.06411E-06
   2.34544E+02   6.10618E-06   3.16441E-01   4.23934E-06   4.39469E-06
   2.38327E+02   6.89220E-06   3.16609E-01  -2.87515E-06   6.26386E-06
   2.42110E+02   7.79649E-06   3.17291E-01  -7.78254E-06  -4.66126E-07
   2.45893E+02   8.80790E-06   3.16019E-01  -2.73287E-06  -8.37321E-06
   2.49676E+02   9.97563E-06   3.17039E-01   7.71314E-06  -6.32619E-06
   2.53459E+02   1.12679E-05   3.18049E-01   9.79947E-06   5.56202E-06
   2.57242E+02   1.27194E-05   3.18561E-01  -1.90774E-06   1.25755E-05
   2.61025E+02   1.43153E-05   3.16041E-01  -1.39555E-05   3.18919E-06
   2.64808E+02   1.62228E-05   3.18144E-01  -9.05177E-06  -1.34627E-05
   2.68591E+02   1.83788E-05   3.17000E-01   1.04874E-05  -1.50929E-05
   2.72374E+02   2.07841E-05   3.17769E-01   2.01954E-05   4.91184E-06
   2.76157E+02   2.34589E-05   3.18859E-01   2.94746E-06   2.32730E-05
   2.79940E+02   2.64266E-05   3.16630E-01  -2.32046E-05   1.26457E-05
   2.83723E+02   2.99284E-05   3.17255E-01  -2.28674E-05  -1.93077E-05
   2.87506E+02   3.37238E-05   3.17827E-01   1.10150E-05  -3.18742E-05
   2.91289E+02   3.82702E-05   3.17136E-01   3.82421E-05  -1.46723E-06
   2.95072E+02   4.33159E-05   3.16696E-01   1.73095E-05   3.97070E-05
   2.98855E+02   4.89157E-05   3.19507E-01  -3.50078E-05   3.41643E-05
   3.02638E+02   5.54711E-05   3.16785E-01  -5.05321E-05  -2.28813E-05
   3.06421E+02   6.24888E-05   3.17839E-01   3.54531E-06  -6.23881E-05
   3.10204E+02   7.09334E-05   3.18531E-01   6.75730E-05  -2.15738E-05
   3.13987E+02   8.00707E-05   3.16903E-01   5.04101E-05   6.22104E-05
   3.17770E+02   9.03663E-05   3.17336E-01  -4.48599E-05   7.84452E-05
   3.21553E+02   1.02421E-04   3.17142E-01  -1.01295E-04  -1.51452E-05
   3.25336E+02   1.15923E-04   3.16743E-01  -2.57671E-05  -1.13023E-04
   3.29119E+02   1.30958E-04   3.18476E-01   1.08807E-04  -7.28776E-05
   3.32902E+02   1.48053E-04   3.17767E-01   1.21186E-04   8.50502E-05
   3.36685E+02   1.67288E-04   3.17167E-01  -3.99243E-05   1.62454E-04
   3.40468E+02   1.88635E-04   3.18328E-01  -1.87149E-04   2.36283E-05
   3.44250E+02   2.12572E-04   3.18252E-01  -1.00501E-04  -1.87314E-04
   3.48033E+02   2.39480E-04   3.17128E-01   1.55599E-04  -1.82043E-04
   3.51816E+02   2.69859E-04   3.17775E-01   2.54539E-04   8.96316E-05
   3.55599E+02   3.04033E-04   3.18689E-01   8.09533E-06   3.03926E-04
   3.59382E+02   3.42384E-04   3.17122E-01  -3.15654E-04   1.32624E-04
   3.63165E+02   3.85887E-04   3.18969E-01  -2.66379E-04  -2.79198E-04
   3.66948E+02   4.33680E-04   3.18744E-01   1.86247E-04  -3.91651E-04
   3.70731E+02   4.84282E-04   3.18908E-01   4.82752E-04   3.84682E-05
   3.74514E+02   5.42638E-04   3.18789E-01   1.52728E-04   5.20701E-04
   3.78297E+02   6.05326E-04   3.19677E-01  -4.83068E-04   3.64781E-04
   3.82080E+02   6.73039E-04   3.19333E-01  -5.69789E-04  -3.58220E-04
   3.85863E+02   7.47871E-04   3.20178E-01   1.49808E-04  -7.32713E-04
   3.89646E+02   8.25202E-04   3.19997E-01   8.14847E-04  -1.30314E-04
   3.93429E+02   9.08598E-04   3.20843E-01   4.48020E-04   7.90461E-04
   3.97212E+02   9.96330E-04   3.20230E-01  -6.38637E-04   7.64733E-04
   4.00995E+02   1.08539E-03   3.22863E-01  -1.02093E-03  -3.68474E-04
   4.04778E+02   1.17667E-03   3.21133E-01  -1.12830E-05  -1.17662E-03
   4.08561E+02   1.26962E-03   3.22973E-01   1.18886E-03  -4.45574E-04
   4.12344E+02   1.36227E-03   3.24649E-01   8.78892E-04   1.04083E-03
   4.16127E+02   1.45292E-03   3.23358E-01  -7.24463E-04   1.25942E-03
   4.19910E+02   1.52725E-03   3.25843E-01  -1.50151E-03  -2.79235E-04
   4.23693E+02   1.60892E-03   3.23684E-01  -2.60207E-04  -1.58774E-03
   4.27476E+02   1.68341E-03   3.26212E-01   1.47799E-03  -8.05868E-04
   4.31259E+02   1.74981E-03   3.23808E-01   1.30884E-03   1.16136E-03
   4.35042E+02   1.81378E-03   3.27260E-01  -6.94586E-04   1.67551E-03
   4.38825E+02   1.86664E-03   3.25293E-01  -1.86404E-03  -9.84530E-05
   4.42608E+02   1.93099E-03   3.27549E-01  -5.31631E-04  -1.85636E-03
   4.46391E+02   1.97212E-03   3.27417E-01   1.61520E-03  -1.13155E-03
   4.50174E+02   2.02156E-03   3.30613E-01   1.62197E-03   1.20661E-03
   4.53957E+02   2.05253E-03   3.29094E-01  -6.33474E-04   1.95232E-03
   4.57740E+02   2.07312E-03   3.30337E-01  -2.07307E-03   1.53121E-05
   4.61523E+02   2.09644E-03   3.28256E-01  -6.92010E-04  -1.97893E-03
   4.65306E+02   2.11213E-03   3.34354E-01   1.69117E-03  -1.26532E-03
   4.69089E+02   2.11424E-03   3.29632E-01   1.73939E-03   1.20188E-03
   4.72872E+02   2.11049E-03   3.33330E-01  -6.13252E-04   2.01943E-03
   4.76655E+02   2.09338E-03   3.34418E-01  -2.09326E-03   2.27682E-05
   4.80437E+02   2.06553E-03   3.32284E-01  -6.58861E-04  -1.95763E-03
   4.84220E+02   2.04105E-03   3.34068E-01   1.64720E-03  -1.20525E-03
   4.88003E+02   2.01124E-03   3.36093E-01   1.61350E-03   1.20070E-03
   4.91786E+02   1.95404E-03   3.37596E-01  -6.62823E-04   1.83819E-03
   4.95569E+02   1.92745E-03   3.38288E-01  -1.92453E-03  -1.05976E-04
   4.99352E+02   1.86976E-03   3.39832E-01  -4.26649E-04  -1.82043E-03
   5.03135E+02   1.80836E-03   3.40102E-01   1.57433E-03  -8.89755E-04
   5.06918E+02   1.76840E-03   3.38614E-01   1.27379E-03   1.22666E-03
   5.10701E+02   1.69467E-03   3.37998E-01  -7.74124E-04   1.50752E-03
   5.14484E+02   1.65935E-03   3.36330E-01  -1.63374E-03  -2.90416E-04
   5.18267E+02   1.61795E-03   3.40011E-01  -1.75397E-04  -1.60842E-03
   5.22050E+02   1.55475E-03   3.38394E-01   1.43245E-03  -6.04417E-04
   5.25833E+02   1.50550E-03   3.42502E-01   9.40078E-04   1.17591E-03
   5.29616E+02   1.42641E-03   3.36801E-01  -8.05065E-04   1.17750E-03
   5.33399E+02   1.34536E-03   3.36767E-01  -1.28411E-03  -4.01295E-04
   5.37182E+02   1.28942E-03   3.34654E-01  -2.47362E-06  -1.28942E-03
   5.40965E+02   1.20981E-03   3.34586E-01   1.15325E-03  -3.65588E-04
   5.44748E+02   1.16005E-03   3.33723E-01   6.69602E-04   9.47285E-04
   5.48531E+02   1.07886E-03   3.34341E-01  -6.52470E-04   8.59202E-04
   5.52314E+02   1.00519E-03   3.31950E-01  -9.49495E-04  -3.29948E-04
   5.56097E+02   9.32597E-04   3.30709E-01   1.37196E-05  -9.32496E-04
   5.59880E+02   8.52435E-04   3.34445E-01   8.16624E-04  -2.44481E-04
   5.63663E+02   7.75308E-04   3.32506E-01   4.40216E-04   6.38211E-04
   5.67446E+02   6.84972E-04   3.25351E-01  -4.01869E-04   5.54696E-04
   5.71229E+02   5.96677E-04   3.37766E-01  -5.63717E-04  -1.95567E-04
   5.75012E+02   5.57681E-04   3.26514E-01  -9.31400E-07  -5.57680E-04
   5.78795E+02   4.63558E-04   3.45029E-01   4.47105E-04  -1.22409E-04
   5.82578E+02   4.01380E-04   3.53638E-01   1.92511E-04   3.52200E-04
   5.86361E+02   3.22089E-04   3.57471E-01  -2.42421E-04   2.12070E-04
   5.90144E+02   2.32157E-04   3.74105E-01  -1.78085E-04  -1.48939E-04
   5.93927E+02   1.88781E-04   4.00054E-01   1.12604E-04  -1.51521E-04
   5.97710E+02   1.33151E-04   4.40110E-01   9.89332E-05   8.91153E-05
   6.01493E+02   1.52367E-04   5.05668E-01  -1.34047E-04   7.24362E-05
   6.05276E+02   1.73615E-04   4.26803E-01  -7.57725E-05  -1.56207E-04
   6.09059E+02   2.51316E-04   4.06694E-01   2.22458E-04  -1.16926E-04
   6.12842E+02   2.78433E-04   3.76430E-01   1.64194E-04   2.24868E-04
   6.16624E+02   3.20573E-04   3.28991E-01  -1.84661E-04   2.62044E-04
   6.20407E+02   3.57135E-04   3.39289E-01  -3.38257E-04  -1.14576E-04
   6.24190E+02   3.91584E-04   3.16815E-01  -1.78890E-05  -3.91175E-04
   6.27973E+02   4.19101E-04   3.24806E-01   3.87985E-04  -1.58470E-04
   6.31756E+02   4.45467E-04   3.15165E-01   3.08920E-04   3.20951E-04
   6.35539E+02   4.44686E-04   3.16982E-01  -1.86522E-04   4.03677E-04
   6.39322E+02   4.41587E-04   2.96887E-01  -4.41539E-04   6.55523E-06
   6.43105E+02   4.50159E-04   3.10918E-01  -1.79210E-04  -4.12949E-04
   6.46888E+02   4.35833E-04   2.93927E-01   2.81593E-04  -3.32650E-04
   6.50671E+02   4.47653E-04   3.05359E-01   4.29364E-04   1.26650E-04
   6.54454E+02   4.29297E-04   3.03163E-01   5.86735E-05   4.25269E-04
   6.58237E+02   4.07860E-04   2.89759E-01  -3.33892E-04   2.34234E-04
   6.62020E+02   4.24356E-04   2.97903E-01  -3.69270E-04  -2.09088E-04
   6.65803E+02   3.94091E-04   3.05677E-01   3.96504E-05  -3.92092E-04
   6.69586E+02   3.61701E-04   2.92430E-01   3.38034E-04  -1.28689E-04
   6.73369E+02   3.40277E-04   3.03081E-01   2.41239E-04   2.39984E-04
   6.77152E+02   2.85622E-04   2.71607E-01  -6.77472E-05   2.77471E-04
   6.80935E+02   2.64696E-04   2.72484E-01  -2.52833E-04   7.83549E-05
   6.84718E+02   2.60302E-04   2.69611E-01  -1.95797E-04  -1.71524E-04
   6.88501E+02   2.38144E-04   2.77925E-01   4.73114E-05  -2.33397E-04
   6.92284E+02   2.30457E-04   2.77051E-01   2.18560E-04  -7.30895E-05
   6.96067E+02   2.17909E-04   2.38084E-01   1.82518E-04   1.19044E-04
   6.99850E+02   2.22163E-04   3.02268E-01  -3.33358E-05   2.19648E-04
   7.03633E+02   2.55167E-04   2.75520E-01  -2.37163E-04   9.41470E-05
   7.07416E+02   2.32191E-04   3.09813E-01  -1.62745E-04  -1.65610E-04
   7.11199E+02   2.24908E-04   3.14143E-01   9.00050E-05  -2.06114E-04
   7.14982E+02   2.12076E-04   2.79480E-01   2.10978E-04  -2.15545E-05
   7.18765E+02   1.80345E-04   2.99281E-01   9.27890E-05   1.54643E-04
   7.22548E+02   1.80145E-04   2.85653E-01  -9.26470E-05   1.54495E-04
   7.26331E+02   1.64432E-04   2.77052E-01  -1.64407E-04  -2.87152E-06
   7.30114E+02   1.62954E-04   2.75453E-01  -7.97353E-05  -1.42114E-04
   7.33897E+02   1.72828E-04   2.83926E-01   9.22110E-05  -1.46173E-04
   7.37680E+02   1.82674E-04   3.12416E-01   1.79920E-04   3.15977E-05
   7.41463E+02   1.91988E-04   3.20541E-01   3.51929E-05   1.88735E-04
   7.45246E+02   1.83654E-04   3.12469E-01  -1.54312E-04   9.95818E-05
   7.49029E+02   1.90410E-04   3.46331E-01  -1.40987E-04  -1.27980E-04
   7.52812E+02   1.77577E-04   3.10791E-01   5.95527E-05  -1.67293E-04
   7.56594E+02   1.46189E-04   3.04777E-01   1.45769E-04  -1.10767E-05
   7.60377E+02   1.51813E-04   2.81201E-01   8.35602E-05   1.26747E-04
   7.64160E+02   1.35472E-04   2.38411E-01  -4.24914E-05   1.28636E-04
   7.67943E+02   1.41887E-04   3.09631E-01  -1.41428E-04   1.14002E-05
   7.71726E+02   1.52828E-04   2.10903E-01  -1.15158E-04  -1.00474E-04
   7.75509E+02   1.51308E-04   2.98458E-01   4.11842E-05  -1.45595E-04
   7.79292E+02   1.74316E-04   2.79430E-01   1.69400E-04  -4.11055E-05
   7.83075E+02   1.72825E-04   2.85114E-01   1.15287E-04   1.28753E-04
   7.86858E+02   1.69043E-04   3.07497E-01  -7.09272E-05   1.53444E-04
   7.90641E+02   1.63009E-04   3.12180E-01  -1.62858E-04  -7.03240E-06
   7.94424E+02   1.50650E-04   2.80816E-01  -6.75981E-05  -1.34632E-04
   7.98207E+02   1.43942E-04   3.28739E-01   1.01056E-04  -1.02503E-04
   8.01990E+02   1.16380E-04   3.36310E-01   1.03243E-04   5.37156E-05
   8.05773E+02   9.89972E-05   2.40436E-01   1.78685E-05   9.73713E-05
   8.09556E+02   8.44748E-05   3.63268E-01  -7.85095E-05   3.11808E-05
   8.13339E+02   7.41657E-05   2.73956E-01  -5.86669E-05  -4.53734E-05
   8.17122E+02   7.00013E-05   3.67099E-01   3.20916E-05  -6.22119E-05
   8.20905E+02   9.87235E-05   4.13128E-01   8.80947E-05   4.45607E-05
   8.24688E+02   9.22910E-05   3.49099E-01  -1.99725E-05   9.01040E-05
   8.28471E+02   1.46987E-04   3.84810E-01  -1.46207E-04  -1.51218E-05
   8.32254E+02   1.75373E-04   3.33246E-01  -3.60566E-05  -1.71627E-04
   8.36037E+02   2.23672E-04   3.29378E-01   1.92777E-04  -1.13429E-04
   8.39820E+02   2.60568E-04   3.36929E-01   1.91937E-04   1.76226E-04
   8.43603E+02   2.78568E-04   3.13534E-01  -9.76215E-05   2.60903E-04
   8.47386E+02   3.12372E-04   2.90509E-01  -3.10352E-04   3.54605E-05
   8.51169E+02   3.25597E-04   3.07366E-01  -1.62292E-04  -2.82267E-04
   8.54952E+02   3.45933E-04   3.10106E-01   2.09717E-04  -2.75115E-04
   8.58735E+02   3.59329E-04   2.94352E-01   3.52585E-04   6.92899E-05
   8.62518E+02   3.43866E-04   2.91570E-01   9.29617E-05   3.31062E-04
   8.66301E+02   3.35806E-04   2.91260E-01  -2.47366E-04   2.27103E-04
   8.70084E+02   3.34741E-04   2.83664E-01  -3.16639E-04  -1.08589E-04
   8.73867E+02   3.48220E-04   2.77145E-01  -6.64453E-05  -3.41822E-04
   8.77650E+02   3.46282E-04   2.98425E-01   2.79017E-04  -2.05087E-04
   8.81433E+02   3.41866E-04   2.98102E-01   3.01016E-04   1.62054E-04
   8.85216E+02   3.54552E-04   2.98913E-01  -1.90801E-05   3.54038E-04
   8.88999E+02   3.18621E-04   3.00083E-01  -2.95685E-04   1.18701E-04
   8.92781E+02   2.96048E-04   3.07806E-01  -2.09907E-04  -2.08766E-04
   8.96564E+02   2.88435E-04   3.00906E-01   9.89567E-05  -2.70929E-04
   9.00347E+02   2.42957E-04   2.94734E-01   2.41603E-04  -2.56161E-05
   9.04130E+02   2.13560E-04   3.23248E-01   9.35810E-05   1.91965E-04
   9.07913E+02   1.87065E-04   2.99758E-01  -1.17681E-04   1.45411E-04
   9.11696E+02   1.58732E-04   3.22763E-01  -1.50136E-04  -5.15256E-05
   9.15479E+02   1.29982E-04   3.21242E-01  -3.24247E-06  -1.29941E-04
   9.19262E+02   1.19829E-04   3.61506E-01   1.16723E-04  -2.71058E-05
   9.23045E+02   1.27749E-04   3.41512E-01   6.20342E-05   1.11676E-04
   9.26828E+02   1.24705E-04   3.65644E-01  -9.58107E-05   7.98228E-05
   9.30611E+02   1.42590E-04   3.80697E-01  -1.04763E-04  -9.67290E-05
   9.34394E+02   1.68063E-04   3.12939E-01   5.89827E-05  -1.57373E-04
   9.38177E+02   1.62246E-04   3.30762E-01   1.62123E-04   6.33529E-06
   9.41960E+02   1.82665E-04   3.34287E-01   4.82189E-05   1.76186E-04
