 kstep wat kin_energy mag_energy ep_energy ion_energy ep_energy_trns ion_energy_trns elcl_energy_trns mag_int mag_ideal dssp_energy total_energy
         0   0.00000E+00   0.00000E+00   3.04886E-12   1.32318E-14   6.03413E-15   0.00000E+00   0.00000E+00   0.00000E+00   0.00000E+00   0.00000E+00   0.00000E+00   3.04886E-12
      1000   3.78298E+00   1.47807E-12  -4.71921E-10  -2.59120E-08   5.63903E-09   2.26911E-10   9.14838E-11   9.14694E-11  -6.40454E-10  -1.31276E-10   3.43897E-10   2.83318E-10
      2000   7.56596E+00   1.33593E-12  -1.64776E-09  -4.23310E-08   2.06520E-08   9.03394E-10   3.10003E-10   3.09943E-10  -1.85781E-09  -3.67969E-10   1.28845E-09   1.16536E-09
      3000   1.13489E+01   9.97366E-13  -2.73782E-09  -6.92891E-09   2.53960E-08   4.62007E-10   4.15187E-10   4.15110E-10  -2.93660E-09  -1.76130E-10   2.56654E-09   1.12202E-09
      4000   1.51319E+01   1.07848E-12  -4.34711E-09  -1.02610E-09   3.56012E-08   2.44660E-10   6.32244E-10   6.32169E-10  -4.46641E-09  -1.53990E-10   4.20723E-09   1.37027E-09
      5000   1.89149E+01   8.51427E-13  -7.38176E-09  -3.23507E-09   5.39257E-08   1.99804E-09   1.41413E-09   1.41405E-09  -7.51080E-09  -1.28922E-09   6.10642E-09   3.55174E-09
      6000   2.26979E+01   9.79367E-13  -9.86355E-09  -3.19538E-08   9.00714E-08   2.25042E-09   1.95741E-09   1.95731E-09  -9.83240E-09  -1.81946E-09   8.05905E-09   4.36162E-09
      7000   2.64808E+01   8.80417E-13  -1.22854E-08  -5.35741E-08   1.13015E-07   3.42038E-09   2.55807E-09   2.55797E-09  -1.23261E-08  -2.41418E-09   9.89291E-09   6.14477E-09
      8000   3.02638E+01   1.02617E-12  -1.52893E-08  -6.17164E-08   1.31661E-07   4.93901E-09   3.32699E-09   3.32692E-09  -1.53002E-08  -3.33137E-09   1.19877E-08   8.29234E-09
      9000   3.40468E+01   1.22768E-12  -1.77923E-08  -9.45949E-08   1.56731E-07   4.60952E-09   3.62771E-09   3.62766E-09  -1.76022E-08  -3.29705E-09   1.45200E-08   8.59388E-09
     10000   3.78298E+01   1.22875E-12  -2.22647E-08  -6.32559E-08   1.91836E-07   7.88745E-09   5.00505E-09   5.00500E-09  -2.20230E-08  -5.40965E-09   1.68778E-08   1.25118E-08
     11000   4.16128E+01   1.62667E-12  -2.39174E-08  -5.83153E-09   2.10113E-07   7.52474E-09   4.82120E-09   4.82115E-09  -2.35400E-08  -4.38049E-09   1.95489E-08   1.28002E-08
     12000   4.53957E+01   1.76549E-12  -2.63269E-08  -7.50142E-09   2.23000E-07   7.86348E-09   5.20203E-09   5.20197E-09  -2.59228E-08  -4.47885E-09   2.18654E-08   1.38078E-08
     13000   4.91787E+01   2.09450E-12  -3.19869E-08  -5.22262E-09   2.31826E-07   1.28433E-08   7.05363E-09   7.05359E-09  -3.15210E-08  -7.60504E-09   2.44059E-08   1.93716E-08
     14000   5.29617E+01   2.69842E-12  -3.47344E-08   2.58120E-08   2.23464E-07   1.03670E-08   7.37187E-09   7.37186E-09  -3.40747E-08  -7.58281E-09   2.71939E-08   1.75730E-08
     15000   5.67447E+01   3.14307E-12  -3.83249E-08   7.72000E-08   2.27016E-07   1.51462E-08   8.41359E-09   8.41360E-09  -3.80529E-08  -8.98059E-09   2.93958E-08   2.30475E-08
     16000   6.05276E+01   4.13720E-12  -3.79984E-08   9.35580E-08   2.13151E-07   8.92367E-09   7.02442E-09   7.02442E-09  -3.77227E-08  -5.53171E-09   3.25264E-08   1.75047E-08
     17000   6.43106E+01   5.08560E-12  -4.40680E-08   5.17511E-08   2.44340E-07   1.35671E-08   9.06311E-09   9.06308E-09  -4.38785E-08  -8.97764E-09   3.51509E-08   2.27813E-08
     18000   6.80936E+01   6.40877E-12  -4.89140E-08  -5.59178E-08   2.61976E-07   1.53052E-08   1.05642E-08   1.05641E-08  -4.83652E-08  -1.13248E-08   3.76566E-08   2.51825E-08
     19000   7.18766E+01   8.38110E-12  -4.96772E-08   1.03507E-07   2.81641E-07   1.69738E-08   1.00826E-08   1.00826E-08  -4.95257E-08  -9.80450E-09   3.99561E-08   2.74263E-08
     20000   7.56596E+01   1.04075E-11  -4.78088E-08   1.44627E-07   2.45790E-07   4.37451E-09   7.94241E-09   7.94252E-09  -4.71174E-08  -4.71766E-09   4.31968E-08   1.56578E-08
     21000   7.94425E+01   1.35024E-11  -5.95720E-08   5.44057E-08   2.08115E-07   2.42039E-08   1.33734E-08   1.33735E-08  -5.96276E-08  -1.48397E-08   4.48513E-08   3.62436E-08
     22000   8.32255E+01   1.71645E-11  -5.51671E-08  -5.96724E-08   1.44042E-07   2.26737E-09   9.82308E-09   9.82311E-09  -5.49689E-08  -7.26298E-09   4.80285E-08   1.47921E-08
     23000   8.70085E+01   2.19242E-11  -6.60965E-08   1.34698E-07   2.54963E-07   2.72185E-08   1.40920E-08   1.40920E-08  -6.59160E-08  -1.54247E-08   5.07859E-08   4.01137E-08
     24000   9.07915E+01   2.83324E-11  -5.77945E-08   1.76632E-07   3.52695E-07   3.66716E-10   8.86146E-09   8.86155E-09  -5.70548E-08  -3.73496E-09   5.41570E-08   1.44807E-08
     25000   9.45744E+01   3.58678E-11  -6.26460E-08   2.57160E-07   3.83980E-07   1.51320E-08   1.14135E-08   1.14137E-08  -6.31747E-08  -7.60938E-09   5.51242E-08   3.04732E-08
     26000   9.83574E+01   4.60145E-11  -5.87309E-08   3.75189E-07   1.94366E-07   4.38731E-09   7.55483E-09   7.55514E-09  -5.78957E-08   2.36093E-10   5.90511E-08   1.98635E-08
     27000   1.02140E+02   5.85984E-11  -6.24660E-08  -1.24542E-07   4.09899E-08  -6.60584E-09   8.08103E-09   8.08123E-09  -6.15016E-08  -6.04148E-10   6.19297E-08   9.07874E-09
     28000   1.05923E+02   7.47393E-11  -9.10000E-08  -6.29789E-07   1.63495E-07   4.24621E-08   2.12930E-08   2.12931E-08  -8.92879E-08  -2.60662E-08   6.49975E-08   5.91205E-08
     29000   1.09706E+02   9.55853E-11  -6.70419E-08  -1.56906E-06   3.67061E-07  -6.25688E-09   9.47170E-09   9.47199E-09  -6.71685E-08  -1.82168E-09   6.52780E-08   1.10185E-08
     30000   1.13489E+02   1.21760E-10  -9.89381E-08  -1.85209E-06   5.69291E-07   5.12512E-08   2.47192E-08   2.47197E-08  -1.00256E-07  -3.25252E-08   6.64757E-08   6.83495E-08
     31000   1.17272E+02   1.55203E-10  -9.15220E-08  -2.31534E-06   2.76668E-07   9.01489E-09   1.94930E-08   1.94938E-08  -9.13790E-08  -2.14589E-08   7.01380E-08   2.67729E-08
     32000   1.21055E+02   1.97515E-10  -1.01353E-07  -2.12205E-06   1.65152E-08   4.92669E-08   2.49849E-08   2.49857E-08  -1.02978E-07  -3.13318E-08   7.01109E-08   6.81928E-08
     33000   1.24838E+02   2.52430E-10  -8.61302E-08  -1.22386E-06   4.72919E-08  -1.76358E-09   1.75804E-08   1.75810E-08  -8.95264E-08  -1.58480E-08   7.03855E-08   1.79056E-08
     34000   1.28621E+02   3.20576E-10  -7.81986E-08  -5.14601E-07   5.29749E-07   3.74873E-08   1.46675E-08   1.46684E-08  -8.40039E-08  -8.57186E-09   6.97532E-08   5.86984E-08
     35000   1.32404E+02   4.09211E-10  -6.24923E-08  -1.10335E-06   7.07825E-07  -2.52901E-08   5.71117E-09   5.71246E-09  -6.61744E-08   1.16413E-08   7.42868E-08  -1.66266E-09
     36000   1.36187E+02   5.23502E-10  -1.30612E-07  -2.72906E-06   3.54988E-07   8.26819E-08   3.82612E-08   3.82630E-08  -1.34466E-07  -5.38799E-08   7.69167E-08   1.06034E-07
     37000   1.39970E+02   6.62927E-10  -1.05880E-07  -2.46100E-06  -4.24461E-07   2.17988E-08   2.38068E-08   2.38091E-08  -1.08354E-07  -2.56109E-08   8.04848E-08   4.46827E-08
     38000   1.43753E+02   8.52083E-10  -8.59486E-08  -2.10049E-06  -4.36094E-07  -3.29857E-08   1.05434E-08   1.05460E-08  -8.25961E-08   2.48351E-09   8.86910E-08  -8.30183E-09
     39000   1.47536E+02   1.08605E-09  -1.20156E-07  -4.32725E-07   7.60122E-07   4.96305E-08   3.02615E-08   3.02647E-08  -1.21271E-07  -3.40866E-08   8.63974E-08   7.74844E-08
     40000   1.51319E+02   1.37947E-09  -4.99024E-09   2.05012E-06   1.14700E-06  -1.04680E-07  -2.23229E-08  -2.23180E-08  -1.43728E-08   7.46512E-08   8.00637E-08  -7.28676E-08
     41000   1.55102E+02   1.77577E-09  -5.44686E-08   3.77763E-06   5.50564E-07  -1.24283E-08  -8.88929E-10  -8.82368E-10  -5.80300E-08   3.24634E-08   8.74758E-08   2.05833E-08
     42000   1.58885E+02   2.25116E-09  -7.21175E-08   1.56469E-06  -7.66033E-07  -8.07392E-08   7.37194E-09   7.38028E-09  -7.71392E-08   1.50450E-08   8.78646E-08  -4.79887E-08
     43000   1.62668E+02   2.88001E-09  -1.19016E-07   2.41777E-06  -3.71645E-07   9.87217E-08   3.08616E-08   3.08717E-08  -1.23394E-07  -2.86862E-08   9.12384E-08   1.35557E-07
     44000   1.66451E+02   3.67218E-09   4.48237E-08   3.83577E-06   1.27527E-06  -2.08291E-07  -4.37358E-08  -4.37244E-08   2.99687E-08   1.27718E-07   8.40505E-08  -1.63205E-07
     45000   1.70234E+02   4.69090E-09  -8.45358E-08   3.99016E-06   2.55731E-06   5.00680E-08   2.46968E-08   2.47131E-08  -1.09634E-07  -8.91457E-09   7.70837E-08   9.67168E-08
     46000   1.74017E+02   6.00809E-09  -4.74283E-08   4.34735E-06   2.71580E-07  -1.06008E-07  -4.09058E-10  -3.87764E-10  -6.19635E-08   4.21206E-08   9.14047E-08  -5.68208E-08
     47000   1.77800E+02   7.67635E-09  -1.13369E-07   5.99187E-06  -3.00186E-06   3.28856E-08   1.76642E-08   1.76901E-08  -9.64283E-08   1.07532E-08   1.26482E-07   8.90292E-08
     48000   1.81583E+02   9.82432E-09  -1.31494E-07   2.31462E-06  -2.57847E-06  -1.27345E-08   3.66635E-08   3.66974E-08  -1.31113E-07  -2.26481E-08   1.11855E-07   5.08119E-08
     49000   1.85366E+02   1.25301E-08  -1.76870E-07   4.17064E-06   1.81866E-06   7.63136E-08   6.08482E-08   6.08963E-08  -1.76819E-07  -6.84595E-08   1.12233E-07   1.45951E-07
     50000   1.89149E+02   1.60807E-08   4.77961E-08   6.59252E-06   3.97513E-06  -2.48571E-07  -4.27903E-08  -4.27301E-08   4.24819E-08   1.49431E-07   1.06517E-07  -1.63698E-07
     51000   1.92932E+02   2.05258E-08   1.01197E-08   2.88469E-06  -1.77597E-07  -8.26288E-08  -2.18211E-08  -2.17480E-08   1.20972E-08   1.16734E-07   1.12851E-07   1.72989E-08
     52000   1.96715E+02   2.62816E-08  -1.31155E-07  -3.15135E-06  -5.40948E-06  -4.99384E-08   5.87554E-08   5.88485E-08  -1.44093E-07  -4.18358E-08   9.72879E-08   6.00806E-08
     53000   2.00498E+02   3.37636E-08  -4.07011E-07  -1.62887E-05  -4.43469E-06   2.65027E-07   1.69838E-07   1.69938E-07  -3.69918E-07  -2.67431E-07   1.49756E-07   3.81312E-07
     54000   2.04281E+02   4.31630E-08  -2.38315E-07  -2.19996E-05   1.51198E-06   7.76416E-08   1.27877E-07   1.28000E-07  -2.71584E-07  -1.67661E-07   8.36540E-08   2.22021E-07
     55000   2.08064E+02   5.53042E-08  -3.59097E-07  -2.60698E-05   8.32319E-06   1.82079E-07   1.75988E-07   1.76126E-07  -3.37599E-07  -2.31684E-07   1.44039E-07   3.74439E-07
     56000   2.11847E+02   7.09230E-08  -3.19431E-07  -2.55377E-05   3.38453E-06   2.85537E-07   1.85821E-07   1.85968E-07  -3.37386E-07  -2.30650E-07   1.10050E-07   5.18868E-07
     57000   2.15630E+02   9.06000E-08  -4.66124E-07  -2.78559E-05  -7.70873E-06   3.61623E-07   2.78799E-07   2.79022E-07  -4.91610E-07  -3.88357E-07   1.05002E-07   6.48922E-07
     58000   2.19413E+02   1.16135E-07  -4.81169E-07  -1.98635E-05  -1.12918E-05   2.17330E-07   2.91033E-07   2.91268E-07  -4.76688E-07  -3.76099E-07   1.39953E-07   5.74551E-07
     59000   2.23196E+02   1.48949E-07  -6.94165E-08  -1.02654E-05  -2.27903E-08   1.32296E-07   1.51245E-07   1.51591E-07  -1.65380E-07  -6.03895E-08   5.37044E-08   5.68369E-07
     60000   2.26979E+02   1.89794E-07   5.02601E-07  -1.71682E-05   1.27591E-05  -1.36613E-06  -1.50749E-07  -1.50271E-07   4.95374E-07   6.13806E-07   1.68422E-07  -8.06335E-07
     61000   2.30762E+02   2.43439E-07  -4.98868E-07  -4.71428E-05   1.35708E-05   4.03150E-07   3.52993E-07   3.53617E-07  -4.51418E-07  -3.08140E-07   2.64010E-07   1.11834E-06
     62000   2.34545E+02   3.11575E-07  -4.61648E-07  -5.14021E-05  -8.65334E-06  -5.74018E-07   3.60218E-07   3.61135E-07  -4.43896E-07  -2.66701E-07   2.88782E-07   2.86045E-07
     63000   2.38328E+02   3.99004E-07   5.85732E-08  -1.57232E-05  -2.52848E-05  -4.69795E-07   2.30685E-07   2.31745E-07  -1.02891E-07   1.14708E-07   1.76304E-07   6.26516E-07
     64000   2.42111E+02   5.10844E-07   2.84167E-07  -3.38883E-05  -1.46348E-05  -2.48869E-06   2.77154E-08   2.91316E-08   4.77428E-07   7.41230E-07   6.10941E-07  -1.02589E-06
     65000   2.45894E+02   6.52476E-07   1.61671E-07  -3.52126E-05   1.25033E-05  -6.96582E-07   2.03782E-07   2.05507E-07   2.92612E-07   6.07203E-07   6.42547E-07   1.16940E-06
     66000   2.49677E+02   8.34808E-07   2.51097E-06   9.79835E-06   1.59866E-05  -5.74136E-06  -8.21541E-07  -8.19645E-07   2.55245E-06   2.92980E-06   6.71076E-07  -3.36569E-06
     67000   2.53460E+02   1.06491E-06   3.33898E-07   3.73199E-05   5.74373E-06  -8.56993E-07   3.55031E-07   3.57461E-07   4.92082E-07   9.38703E-07   9.27817E-07   2.18212E-06
     68000   2.57242E+02   1.35799E-06   2.96987E-06  -2.97898E-05  -3.07500E-05  -8.43515E-06  -8.58385E-07  -8.55204E-07   3.27573E-06   3.79982E-06   1.24325E-06  -4.57764E-06
     69000   2.61025E+02   1.72939E-06   1.01936E-06  -1.29766E-04  -2.90194E-05  -3.24712E-06   4.95856E-07   4.99949E-07   8.70138E-07   1.51222E-06   1.02143E-06   1.51886E-06
     70000   2.64808E+02   2.21183E-06   9.36949E-07  -2.20756E-04  -4.50773E-06  -6.59989E-06   6.59399E-07   6.64107E-07   1.03003E-06   1.84384E-06   1.58236E-06  -5.45251E-07
     71000   2.68591E+02   2.83655E-06  -1.05017E-07  -2.78827E-04   2.11288E-05  -5.79823E-06   1.42957E-06   1.43572E-06   2.71957E-07   1.28201E-06   2.25006E-06   2.04865E-06
     72000   2.72374E+02   3.61400E-06   5.46658E-07  -3.73215E-04   1.85945E-05  -6.60718E-06   1.64337E-06   1.65033E-06   7.62012E-07   1.98948E-06   2.54473E-06   3.39191E-06
     73000   2.76157E+02   4.62923E-06   3.29233E-06  -4.25996E-04  -2.93966E-06  -1.14900E-05   7.36916E-07   7.43742E-07   3.63236E-06   5.12223E-06   3.23709E-06   1.14933E-06
     74000   2.79940E+02   5.88383E-06   1.12661E-06  -3.57654E-04  -3.05853E-05  -1.23860E-05   2.37359E-06   2.38119E-06   1.92435E-06   3.73992E-06   4.41121E-06   3.79042E-06
     75000   2.83723E+02   7.54534E-06   4.55951E-06  -1.61354E-04  -2.87391E-05  -1.82113E-05   1.56918E-06   1.58052E-06   5.61207E-06   7.88660E-06   5.62420E-06   2.66742E-06
     76000   2.87506E+02   9.57525E-06   1.18284E-05  -1.96864E-04   4.76720E-06  -3.08716E-05  -1.37365E-06  -1.35806E-06   1.38199E-05   1.67578E-05   7.86265E-06  -4.33698E-06
     77000   2.91289E+02   1.22728E-05   9.88125E-06  -1.93906E-04   6.17291E-05  -3.02931E-05   1.02252E-06   1.03729E-06   1.19017E-05   1.57288E-05   9.59347E-06   3.51428E-06
     78000   2.95072E+02   1.56766E-05   1.31459E-05  -2.84144E-04   2.80752E-05  -4.46386E-05   1.67683E-06   1.69547E-06   1.46626E-05   1.95787E-05   1.12156E-05  -1.22823E-06
     79000   2.98855E+02   2.00223E-05   1.68812E-05  -1.71189E-04  -5.58155E-05  -5.02754E-05   2.25257E-06   2.27016E-06   1.85055E-05   2.47139E-05   1.39377E-05   5.08858E-06
     80000   3.02638E+02   2.56492E-05   2.87230E-05  -5.93337E-05  -7.24594E-05  -7.18292E-05  -4.18668E-07  -3.87977E-07   3.03418E-05   3.80935E-05   1.71637E-05  -1.09997E-06
     81000   3.06421E+02   3.26828E-05   3.24375E-05   1.77920E-04   3.54842E-05  -8.75580E-05   1.85238E-06   1.88168E-06   3.46061E-05   4.42656E-05   2.17784E-05   3.07477E-06
     82000   3.10204E+02   4.19795E-05   4.37953E-05   5.95867E-04   9.41681E-05  -1.17464E-04   1.40647E-06   1.43965E-06   4.66263E-05   5.87229E-05   2.76348E-05  -1.20782E-06
     83000   3.13987E+02   5.37541E-05   5.43141E-05   6.91485E-04   7.74107E-05  -1.40783E-04   2.56645E-06   2.60328E-06   5.88911E-05   7.40807E-05   3.60061E-05   8.46099E-06
     84000   3.17770E+02   6.85320E-05   6.37019E-05   6.48284E-04   4.21488E-05  -1.75513E-04   5.93766E-06   5.98299E-06   7.02395E-05   8.93024E-05   4.63634E-05   1.50045E-05
     85000   3.21553E+02   8.78688E-05   8.25670E-05   8.30707E-04   7.97903E-05  -2.28142E-04   6.93063E-06   6.98664E-06   9.09550E-05   1.14868E-04   5.88500E-05   1.50613E-05
     86000   3.25336E+02   1.12336E-04   9.89736E-05   4.57476E-04   1.68864E-04  -2.87147E-04   1.25491E-05   1.25788E-05   1.09957E-04   1.40004E-04   7.49706E-05   2.42617E-05
     87000   3.29119E+02   1.43429E-04   1.21677E-04   2.91346E-04   9.68290E-05  -3.57893E-04   1.81328E-05   1.81983E-05   1.36923E-04   1.74714E-04   9.64260E-05   3.99691E-05
     88000   3.32902E+02   1.83457E-04   1.56789E-04   7.25163E-04   7.77787E-05  -4.62689E-04   2.30219E-05   2.32073E-05   1.75251E-04   2.22750E-04   1.21415E-04   4.52012E-05
     89000   3.36685E+02   2.34087E-04   2.04264E-04   1.45277E-03   3.60353E-05  -5.89093E-04   2.67809E-05   2.71880E-05   2.29435E-04   2.89369E-04   1.55985E-04   5.92112E-05
     90000   3.40468E+02   2.98780E-04   2.95882E-04   1.06836E-03   7.83017E-09  -8.03563E-04   1.85151E-05   1.90343E-05   3.25630E-04   4.01454E-04   1.96180E-04   2.48282E-05
     91000   3.44251E+02   3.78103E-04   3.38720E-04   6.05982E-04   2.28718E-04  -9.67536E-04   4.20013E-05   4.25036E-05   3.76773E-04   4.73505E-04   2.50505E-04   8.42972E-05
     92000   3.48034E+02   4.83191E-04   4.23960E-04   1.51131E-03   5.13451E-04  -1.22311E-03   5.64061E-05   5.71261E-05   4.71193E-04   5.94897E-04   3.18607E-04   1.16178E-04
     93000   3.51817E+02   6.10128E-04   5.90198E-04   3.46217E-03   5.09113E-04  -1.59772E-03   4.68486E-05   4.77005E-05   6.51762E-04   8.10089E-04   4.08111E-04   1.05270E-04
     94000   3.55600E+02   7.73435E-04   7.44974E-04   5.56229E-03   3.44853E-04  -2.02722E-03   6.20531E-05   6.35527E-05   8.18127E-04   1.02054E-03   5.15079E-04   1.31875E-04
     95000   3.59383E+02   9.79783E-04   8.96693E-04   5.81548E-03   4.13848E-04  -2.53464E-03   9.50282E-05   9.67807E-05   1.00237E-03   1.26057E-03   6.68409E-04   2.02051E-04
     96000   3.63166E+02   1.23496E-03   1.12420E-03   5.00868E-03   1.05990E-03  -3.19223E-03   1.23714E-04   1.25105E-04   1.26093E-03   1.58982E-03   8.51967E-04   2.67716E-04
     97000   3.66949E+02   1.56309E-03   1.39634E-03   3.96666E-03   1.77791E-03  -4.00069E-03   1.64680E-04   1.67035E-04   1.56858E-03   1.98603E-03   1.07893E-03   3.69391E-04
     98000   3.70732E+02   1.95504E-03   1.71901E-03   4.13466E-03   2.02758E-03  -4.99547E-03   2.29161E-04   2.31957E-04   1.93923E-03   2.46859E-03   1.36790E-03   5.07604E-04
     99000   3.74515E+02   2.44845E-03   2.17733E-03   7.12698E-03   1.76554E-03  -6.35798E-03   2.69750E-04   2.73915E-04   2.45986E-03   3.13061E-03   1.73300E-03   5.44464E-04
    100000   3.78298E+02   3.05113E-03   2.77888E-03   1.12853E-02   1.59075E-03  -7.99479E-03   3.01180E-04   3.08005E-04   3.13619E-03   3.98404E-03   2.18672E-03   6.31128E-04
    101000   3.82081E+02   3.77102E-03   3.38418E-03   1.32924E-02   2.68953E-03  -9.82543E-03   4.08253E-04   4.15653E-04   3.83379E-03   4.90316E-03   2.75084E-03   9.04513E-04
    102000   3.85864E+02   4.63152E-03   4.14530E-03   1.26896E-02   4.18201E-03  -1.21554E-02   5.28475E-04   5.36832E-04   4.69452E-03   6.03825E-03   3.43426E-03   1.12100E-03
    103000   3.89647E+02   5.65062E-03   5.04664E-03   1.34227E-02   5.70963E-03  -1.50246E-02   6.64003E-04   6.77241E-04   5.73475E-03   7.41714E-03   4.29245E-03   1.30630E-03
    104000   3.93430E+02   6.85959E-03   6.09711E-03   1.29203E-02   6.42680E-03  -1.82449E-02   8.05534E-04   8.21627E-04   6.97066E-03   9.06680E-03   5.35628E-03   1.69520E-03
    105000   3.97213E+02   8.22055E-03   7.35053E-03   9.13672E-03   5.39416E-03  -2.24833E-02   9.69859E-04   9.86017E-04   8.46795E-03   1.10667E-02   6.66523E-03   1.70891E-03
    106000   4.00996E+02   9.78079E-03   8.31219E-03   7.67697E-03   6.69117E-03  -2.63054E-02   1.39822E-03   1.41743E-03   9.67973E-03   1.28918E-02   8.20798E-03   2.81121E-03
    107000   4.04779E+02   1.15429E-02   1.01906E-02   9.12069E-03   9.25507E-03  -3.22671E-02   1.45125E-03   1.47484E-03   1.19336E-02   1.58765E-02   1.01265E-02   2.51903E-03
    108000   4.08562E+02   1.34710E-02   1.18555E-02   1.19449E-02   1.24498E-02  -3.80980E-02   1.77945E-03   1.80729E-03   1.40211E-02   1.88357E-02   1.23891E-02   3.20440E-03
    109000   4.12345E+02   1.56239E-02   1.34666E-02   1.07212E-02   1.50802E-02  -4.48155E-02   2.20194E-03   2.24075E-03   1.61364E-02   2.19728E-02   1.50562E-02   3.77388E-03
    110000   4.16128E+02   1.78527E-02   1.55989E-02   1.36649E-02   1.45168E-02  -5.28265E-02   2.45511E-03   2.51361E-03   1.89305E-02   2.59523E-02   1.82427E-02   3.83665E-03
    111000   4.19911E+02   2.01707E-02   1.73874E-02   1.32362E-02   1.54844E-02  -6.06891E-02   2.94688E-03   3.02631E-03   2.14982E-02   2.98854E-02   2.19426E-02   4.78477E-03
    112000   4.23693E+02   2.26000E-02   1.93100E-02   1.00309E-02   1.93157E-02  -7.01536E-02   3.43140E-03   3.54530E-03   2.43444E-02   3.42691E-02   2.61917E-02   4.92472E-03
    113000   4.27476E+02   2.50158E-02   2.08626E-02   1.48320E-02   2.51289E-02  -7.91139E-02   4.12265E-03   4.29426E-03   2.70263E-02   3.86773E-02   3.10917E-02   6.27312E-03
    114000   4.31259E+02   2.73708E-02   2.29722E-02   9.05923E-03   2.57886E-02  -9.01999E-02   4.52549E-03   4.80387E-03   3.04059E-02   4.39671E-02   3.65734E-02   6.04584E-03
    115000   4.35042E+02   2.96898E-02   2.40124E-02   6.17655E-03   2.65189E-02  -9.99750E-02   5.47397E-03   5.88767E-03   3.28968E-02   4.85211E-02   4.26445E-02   7.73337E-03
    116000   4.38825E+02   3.18540E-02   2.56858E-02   8.28006E-03   2.78175E-02  -1.12037E-01   6.01957E-03   6.59134E-03   3.63626E-02   5.42195E-02   4.94994E-02   7.61292E-03
    117000   4.42608E+02   3.39864E-02   2.69823E-02   7.65002E-03   3.37287E-02  -1.23426E-01   6.78341E-03   7.52550E-03   3.95789E-02   5.97943E-02   5.68596E-02   8.71080E-03
    118000   4.46391E+02   3.58915E-02   2.75149E-02   2.13713E-03   4.03441E-02  -1.35464E-01   7.79607E-03   8.74752E-03   4.23685E-02   6.50769E-02   6.49383E-02   9.42418E-03
    119000   4.50174E+02   3.77039E-02   2.83561E-02   8.22681E-03   4.02805E-02  -1.47364E-01   8.67002E-03   9.94355E-03   4.55161E-02   7.08247E-02   7.33880E-02   1.06980E-02
    120000   4.53957E+02   3.91239E-02   2.93924E-02   2.44888E-02   3.78981E-02  -1.60745E-01   9.36610E-03   1.09457E-02   4.90812E-02   7.70699E-02   8.23437E-02   1.04271E-02
    121000   4.57740E+02   4.02851E-02   2.92182E-02   3.33051E-02   4.35490E-02  -1.72263E-01   1.05177E-02   1.24440E-02   5.15524E-02   8.23217E-02   9.17167E-02   1.19192E-02
    122000   4.61523E+02   4.12383E-02   2.97557E-02   2.04600E-02   4.99067E-02  -1.86137E-01   1.11358E-02   1.34659E-02   5.49842E-02   8.86004E-02   1.01552E-01   1.10104E-02
    123000   4.65306E+02   4.18555E-02   2.83332E-02   4.21406E-03   5.70683E-02  -1.96612E-01   1.26807E-02   1.54567E-02   5.65950E-02   9.31358E-02   1.11738E-01   1.34522E-02
    124000   4.69089E+02   4.23761E-02   2.80427E-02  -4.83867E-03   5.53928E-02  -2.09698E-01   1.33943E-02   1.67482E-02   5.92564E-02   9.87471E-02   1.21970E-01   1.28337E-02
    125000   4.72872E+02   4.20655E-02   2.74854E-02  -9.43394E-03   5.42970E-02  -2.21189E-01   1.43864E-02   1.83487E-02   6.18778E-02   1.04308E-01   1.32470E-01   1.35667E-02
    126000   4.76655E+02   4.21536E-02   2.49298E-02  -2.28100E-02   6.24143E-02  -2.31267E-01   1.58376E-02   2.03877E-02   6.25944E-02   1.07994E-01   1.43114E-01   1.51558E-02
    127000   4.80438E+02   4.11756E-02   2.45252E-02  -3.91682E-02   6.85737E-02  -2.42603E-01   1.64671E-02   2.15958E-02   6.53659E-02   1.13694E-01   1.53586E-01   1.47460E-02
    128000   4.84221E+02   4.03357E-02   2.26260E-02  -4.60704E-02   7.12629E-02  -2.51848E-01   1.74702E-02   2.32311E-02   6.66261E-02   1.17853E-01   1.63972E-01   1.57869E-02
    129000   4.88004E+02   3.94506E-02   2.00230E-02  -2.94612E-02   6.80941E-02  -2.60717E-01   1.85312E-02   2.49972E-02   6.69250E-02   1.21014E-01   1.73976E-01   1.62608E-02
    130000   4.91787E+02   3.77044E-02   1.88292E-02  -1.94106E-02   6.69481E-02  -2.69128E-01   1.90126E-02   2.61874E-02   6.86373E-02   1.25480E-01   1.83737E-01   1.63428E-02
    131000   4.95570E+02   3.66974E-02   1.64674E-02  -2.09281E-02   7.29532E-02  -2.76980E-01   1.95495E-02   2.74308E-02   6.88775E-02   1.28388E-01   1.92965E-01   1.61310E-02
    132000   4.99353E+02   3.46175E-02   1.39210E-02  -2.60356E-02   7.91560E-02  -2.82728E-01   2.05619E-02   2.91080E-02   6.88863E-02   1.30989E-01   2.01845E-01   1.73262E-02
    133000   5.03136E+02   3.31049E-02   1.18517E-02  -3.86542E-02   7.66191E-02  -2.89375E-01   2.08311E-02   3.00398E-02   6.90938E-02   1.33724E-01   2.10172E-01   1.66240E-02
    134000   5.06919E+02   3.14023E-02   9.82298E-03  -5.12157E-02   7.61337E-02  -2.94535E-01   2.12433E-02   3.11159E-02   6.90529E-02   1.36084E-01   2.17849E-01   1.68985E-02
    135000   5.10702E+02   2.97278E-02   7.77731E-03  -5.39855E-02   7.84350E-02  -2.99272E-01   2.16896E-02   3.22084E-02   6.87943E-02   1.38089E-01   2.24971E-01   1.71027E-02
    136000   5.14485E+02   2.83558E-02   6.09440E-03  -5.47382E-02   8.00570E-02  -3.04767E-01   2.17111E-02   3.28703E-02   6.87154E-02   1.40167E-01   2.31582E-01   1.58465E-02
    137000   5.18268E+02   2.68731E-02   4.01813E-03  -5.76493E-02   8.33363E-02  -3.07899E-01   2.20975E-02   3.38747E-02   6.81853E-02   1.41672E-01   2.37814E-01   1.67781E-02
    138000   5.22051E+02   2.52484E-02   2.61377E-03  -7.35392E-02   7.91938E-02  -3.13139E-01   2.20158E-02   3.44168E-02   6.82220E-02   1.43649E-01   2.43667E-01   1.48218E-02
    139000   5.25834E+02   2.38446E-02  -9.63646E-04  -8.75030E-02   8.03801E-02  -3.13720E-01   2.28452E-02   3.58600E-02   6.60308E-02   1.43313E-01   2.49214E-01   1.70800E-02
    140000   5.29617E+02   2.21723E-02  -2.00750E-03  -9.36881E-02   7.93243E-02  -3.17620E-01   2.25246E-02   3.61363E-02   6.62183E-02   1.45186E-01   2.54292E-01   1.54973E-02
    141000   5.33400E+02   2.04348E-02  -3.51162E-03  -1.07245E-01   7.96416E-02  -3.20537E-01   2.23844E-02   3.65850E-02   6.57390E-02   1.46343E-01   2.58956E-01   1.43108E-02
    142000   5.37183E+02   1.89000E-02  -7.12622E-03  -1.08826E-01   8.33086E-02  -3.20391E-01   2.31516E-02   3.79126E-02   6.31300E-02   1.45243E-01   2.63334E-01   1.57817E-02
    143000   5.40966E+02   1.69461E-02  -7.26565E-03  -1.13461E-01   7.81906E-02  -3.24070E-01   2.23130E-02   3.76144E-02   6.38027E-02   1.47324E-01   2.67275E-01   1.28128E-02
    144000   5.44749E+02   1.52857E-02  -9.71008E-03  -1.36533E-01   7.69354E-02  -3.23953E-01   2.25182E-02   3.83212E-02   6.20899E-02   1.46889E-01   2.70850E-01   1.33122E-02
    145000   5.48532E+02   1.36043E-02  -1.28231E-02  -1.56039E-01   7.74428E-02  -3.23906E-01   2.29951E-02   3.92684E-02   5.97291E-02   1.45686E-01   2.74190E-01   1.33287E-02
    146000   5.52315E+02   1.18243E-02  -1.33722E-02  -1.73160E-01   7.64138E-02  -3.25090E-01   2.25136E-02   3.91721E-02   5.96869E-02   1.46697E-01   2.77020E-01   1.20682E-02
    147000   5.56098E+02   1.04530E-02  -1.50570E-02  -1.87408E-01   7.65411E-02  -3.25482E-01   2.23684E-02   3.93702E-02   5.85863E-02   1.46502E-01   2.79664E-01   1.13164E-02
    148000   5.59881E+02   8.99795E-03  -1.77984E-02  -1.99312E-01   7.74312E-02  -3.24436E-01   2.29152E-02   4.02254E-02   5.63591E-02   1.45065E-01   2.82010E-01   1.19144E-02
    149000   5.63664E+02   7.68811E-03  -1.84357E-02  -2.12002E-01   7.50594E-02  -3.25074E-01   2.24802E-02   4.01039E-02   5.61598E-02   1.45539E-01   2.84042E-01   1.08053E-02
    150000   5.67447E+02   6.61413E-03  -1.88486E-02  -2.19963E-01   7.26250E-02  -3.26273E-01   2.18961E-02   3.98183E-02   5.62300E-02   1.46192E-01   2.85918E-01   9.12516E-03
    151000   5.71230E+02   5.69806E-03  -2.14207E-02  -2.27236E-01   7.53431E-02  -3.24569E-01   2.26125E-02   4.08245E-02   5.40500E-02   1.44520E-01   2.87523E-01   1.06682E-02
    152000   5.75013E+02   5.04678E-03  -2.18266E-02  -2.36302E-01   7.23527E-02  -3.25564E-01   2.22278E-02   4.06946E-02   5.40138E-02   1.44940E-01   2.88977E-01   9.55569E-03
    153000   5.78796E+02   4.47358E-03  -2.14760E-02  -2.44947E-01   6.76300E-02  -3.27562E-01   2.15733E-02   4.03279E-02   5.47213E-02   1.46064E-01   2.90310E-01   7.64666E-03
    154000   5.82579E+02   4.16170E-03  -2.36797E-02  -2.49454E-01   7.19258E-02  -3.26099E-01   2.24327E-02   4.14244E-02   5.28126E-02   1.44559E-01   2.91518E-01   9.75831E-03
    155000   5.86362E+02   4.07337E-03  -2.28594E-02  -2.57831E-01   7.06170E-02  -3.29016E-01   2.16873E-02   4.09211E-02   5.39527E-02   1.46092E-01   2.92701E-01   7.50654E-03
    156000   5.90145E+02   4.10487E-03  -2.28184E-02  -2.61590E-01   7.11990E-02  -3.30355E-01   2.15681E-02   4.09818E-02   5.43453E-02   1.46862E-01   2.93876E-01   7.35764E-03
    157000   5.93927E+02   4.36109E-03  -2.32200E-02  -2.67578E-01   7.09720E-02  -3.31628E-01   2.17304E-02   4.13411E-02   5.41425E-02   1.47045E-01   2.94903E-01   7.48745E-03
    158000   5.97710E+02   4.72824E-03  -2.24772E-02  -2.71744E-01   6.92141E-02  -3.35001E-01   2.13348E-02   4.11262E-02   5.52529E-02   1.48530E-01   2.96094E-01   5.80493E-03
    159000   6.01493E+02   5.17975E-03  -2.26234E-02  -2.72588E-01   7.23128E-02  -3.35861E-01   2.15320E-02   4.15296E-02   5.53952E-02   1.49075E-01   2.97259E-01   7.01655E-03
    160000   6.05276E+02   5.64319E-03  -2.15926E-02  -2.77960E-01   7.22896E-02  -3.40003E-01   2.10531E-02   4.12749E-02   5.67933E-02   1.50901E-01   2.98560E-01   4.93566E-03
    161000   6.09059E+02   6.25358E-03  -2.21085E-02  -2.80414E-01   7.41845E-02  -3.41922E-01   2.13350E-02   4.18258E-02   5.67037E-02   1.51264E-01   2.99984E-01   5.36793E-03
    162000   6.12842E+02   6.68214E-03  -2.13026E-02  -2.83906E-01   7.21873E-02  -3.44927E-01   2.10392E-02   4.18309E-02   5.78731E-02   1.52932E-01   3.01438E-01   4.76086E-03
    163000   6.16625E+02   7.19605E-03  -2.04454E-02  -2.89241E-01   6.84365E-02  -3.48530E-01   2.05951E-02   4.16959E-02   5.91232E-02   1.54716E-01   3.02998E-01   3.50976E-03
    164000   6.20408E+02   7.66686E-03  -2.14445E-02  -2.94837E-01   7.16877E-02  -3.50553E-01   2.11404E-02   4.25376E-02   5.84647E-02   1.54635E-01   3.04590E-01   3.93772E-03
    165000   6.24191E+02   8.04809E-03  -2.15120E-02  -2.95034E-01   7.66540E-02  -3.52453E-01   2.11708E-02   4.28757E-02   5.89073E-02   1.55698E-01   3.06443E-01   4.57216E-03
    166000   6.27974E+02   8.38928E-03  -1.95455E-02  -3.04765E-01   7.31069E-02  -3.58431E-01   2.01012E-02   4.21088E-02   6.13132E-02   1.58740E-01   3.08286E-01   9.07857E-04
    167000   6.31757E+02   8.62274E-03  -2.17858E-02  -3.07660E-01   7.59383E-02  -3.58068E-01   2.10736E-02   4.33960E-02   5.95524E-02   1.57657E-01   3.10260E-01   3.49756E-03
    168000   6.35540E+02   8.58695E-03  -2.15917E-02  -3.19747E-01   7.37534E-02  -3.61800E-01   2.08309E-02   4.34432E-02   6.02523E-02   1.59042E-01   3.12300E-01   1.76910E-03
    169000   6.39323E+02   8.55284E-03  -2.08381E-02  -3.33190E-01   7.21692E-02  -3.64783E-01   2.02980E-02   4.31958E-02   6.13480E-02   1.60844E-01   3.14227E-01   6.52221E-04
    170000   6.43106E+02   8.44172E-03  -2.19850E-02  -3.36606E-01   7.58231E-02  -3.66033E-01   2.05990E-02   4.37582E-02   6.08705E-02   1.61050E-01   3.16462E-01   1.24262E-03
    171000   6.46889E+02   8.22648E-03  -2.21800E-02  -3.39182E-01   7.52517E-02  -3.68693E-01   2.04384E-02   4.38635E-02   6.10868E-02   1.61952E-01   3.18434E-01   8.97397E-05
    172000   6.50672E+02   8.06446E-03  -2.22825E-02  -3.42410E-01   7.47982E-02  -3.70787E-01   2.02322E-02   4.39267E-02   6.14877E-02   1.63041E-01   3.20477E-01  -3.69264E-04
    173000   6.54455E+02   7.91116E-03  -2.22983E-02  -3.45214E-01   7.38018E-02  -3.72823E-01   1.99980E-02   4.39847E-02   6.18704E-02   1.64094E-01   3.22362E-01  -8.65113E-04
    174000   6.58238E+02   7.68482E-03  -2.26508E-02  -3.50183E-01   7.18513E-02  -3.75366E-01   1.98484E-02   4.41631E-02   6.19709E-02   1.64870E-01   3.24285E-01  -2.03613E-03
    175000   6.62021E+02   7.53243E-03  -2.36604E-02  -3.54791E-01   7.41512E-02  -3.76148E-01   1.99660E-02   4.46160E-02   6.14680E-02   1.65043E-01   3.26233E-01  -1.46164E-03
    176000   6.65804E+02   7.29408E-03  -2.28416E-02  -3.62006E-01   7.07389E-02  -3.80395E-01   1.90453E-02   4.40470E-02   6.27779E-02   1.67037E-01   3.28152E-01  -4.69834E-03
    177000   6.69587E+02   6.95315E-03  -2.44868E-02  -3.67009E-01   7.41469E-02  -3.79510E-01   1.95727E-02   4.48721E-02   6.14902E-02   1.66427E-01   3.29905E-01  -2.69348E-03
    178000   6.73370E+02   6.65805E-03  -2.42463E-02  -3.75753E-01   7.19715E-02  -3.82952E-01   1.90013E-02   4.45677E-02   6.21585E-02   1.67765E-01   3.31698E-01  -5.27331E-03
    179000   6.77153E+02   6.31789E-03  -2.53737E-02  -3.73166E-01   7.33012E-02  -3.83294E-01   1.91100E-02   4.48941E-02   6.13863E-02   1.67645E-01   3.33378E-01  -4.96771E-03
    180000   6.80936E+02   5.90958E-03  -2.60107E-02  -3.73508E-01   7.17761E-02  -3.84776E-01   1.90194E-02   4.50210E-02   6.12751E-02   1.68140E-01   3.35154E-01  -5.68300E-03
    181000   6.84719E+02   5.54412E-03  -2.53426E-02  -3.79136E-01   6.87715E-02  -3.87059E-01   1.82356E-02   4.44753E-02   6.23241E-02   1.69760E-01   3.36723E-01  -7.42323E-03
    182000   6.88502E+02   5.20785E-03  -2.71642E-02  -3.83703E-01   7.06995E-02  -3.87372E-01   1.87467E-02   4.51908E-02   6.09636E-02   1.68929E-01   3.38292E-01  -7.09866E-03
    183000   6.92285E+02   4.88558E-03  -2.76143E-02  -3.84318E-01   7.29095E-02  -3.87150E-01   1.87800E-02   4.54506E-02   6.05543E-02   1.68989E-01   3.39339E-01  -6.30908E-03
    184000   6.96068E+02   4.58242E-03  -2.59662E-02  -3.89324E-01   6.86304E-02  -3.91899E-01   1.74279E-02   4.43536E-02   6.27366E-02   1.71605E-01   3.40808E-01  -1.06937E-02
    185000   6.99851E+02   4.27268E-03  -2.87959E-02  -3.86397E-01   7.42618E-02  -3.89476E-01   1.84729E-02   4.57140E-02   6.03145E-02   1.69604E-01   3.42098E-01  -7.71518E-03
    186000   7.03634E+02   4.08982E-03  -2.83469E-02  -3.99151E-01   7.11665E-02  -3.92624E-01   1.76400E-02   4.52568E-02   6.11159E-02   1.70810E-01   3.43290E-01  -1.06939E-02
    187000   7.07417E+02   3.69128E-03  -2.79277E-02  -4.05977E-01   6.97459E-02  -3.94071E-01   1.70741E-02   4.50386E-02   6.17863E-02   1.71888E-01   3.44354E-01  -1.18408E-02
    188000   7.11200E+02   3.39556E-03  -2.96103E-02  -4.10567E-01   7.15279E-02  -3.93200E-01   1.74857E-02   4.57985E-02   6.02814E-02   1.70783E-01   3.45307E-01  -1.08241E-02
    189000   7.14983E+02   3.08665E-03  -2.92187E-02  -4.17821E-01   6.82996E-02  -3.96498E-01   1.67097E-02   4.53134E-02   6.10430E-02   1.71939E-01   3.46420E-01  -1.41866E-02
    190000   7.18766E+02   2.74364E-03  -2.99775E-02  -4.16819E-01   6.98053E-02  -3.95528E-01   1.66792E-02   4.55302E-02   6.06333E-02   1.71898E-01   3.47461E-01  -1.30910E-02
    191000   7.22549E+02   2.44216E-03  -2.98994E-02  -4.22042E-01   6.76299E-02  -3.98054E-01   1.61887E-02   4.52044E-02   6.10565E-02   1.72669E-01   3.48453E-01  -1.56647E-02
    192000   7.26332E+02   2.15340E-03  -3.11487E-02  -4.25638E-01   6.90828E-02  -3.96517E-01   1.65835E-02   4.56658E-02   5.99548E-02   1.71867E-01   3.49175E-01  -1.40876E-02
    193000   7.30115E+02   1.89962E-03  -3.10461E-02  -4.30317E-01   6.45822E-02  -3.98815E-01   1.61364E-02   4.52714E-02   6.03974E-02   1.72547E-01   3.50001E-01  -1.65520E-02
    194000   7.33898E+02   1.64460E-03  -3.20862E-02  -4.32529E-01   6.50893E-02  -3.97393E-01   1.64234E-02   4.55995E-02   5.95398E-02   1.71884E-01   3.50603E-01  -1.52092E-02
    195000   7.37681E+02   1.38059E-03  -3.16799E-02  -4.37729E-01   6.27371E-02  -3.99755E-01   1.59281E-02   4.51585E-02   6.02219E-02   1.72721E-01   3.51229E-01  -1.77386E-02
    196000   7.41464E+02   1.25406E-03  -3.22813E-02  -4.39949E-01   6.40136E-02  -3.99035E-01   1.59391E-02   4.53174E-02   5.97584E-02   1.72394E-01   3.51679E-01  -1.71266E-02
    197000   7.45247E+02   1.10666E-03  -3.23891E-02  -4.48979E-01   6.37236E-02  -4.01066E-01   1.56158E-02   4.51730E-02   6.00124E-02   1.72807E-01   3.52354E-01  -1.92050E-02
    198000   7.49030E+02   1.05158E-03  -3.28116E-02  -4.49044E-01   6.56936E-02  -4.00485E-01   1.55838E-02   4.54069E-02   5.96078E-02   1.72558E-01   3.52664E-01  -1.85905E-02
    199000   7.52813E+02   9.29335E-04  -3.20080E-02  -4.56066E-01   6.32870E-02  -4.03037E-01   1.48898E-02   4.49771E-02   6.06168E-02   1.73759E-01   3.53183E-01  -2.10659E-02
    200000   7.56596E+02   9.21708E-04  -3.23604E-02  -4.59240E-01   6.24370E-02  -4.03295E-01   1.47349E-02   4.50815E-02   6.04180E-02   1.73764E-01   3.53653E-01  -2.12647E-02
    201000   7.60379E+02   9.16812E-04  -3.24521E-02  -4.60930E-01   6.23724E-02  -4.05174E-01   1.44484E-02   4.50119E-02   6.05506E-02   1.74124E-01   3.54216E-01  -2.30328E-02
    202000   7.64161E+02   9.06906E-04  -3.25460E-02  -4.62587E-01   6.33077E-02  -4.05208E-01   1.43108E-02   4.49968E-02   6.06703E-02   1.74472E-01   3.54773E-01  -2.27660E-02
    203000   7.67944E+02   9.29584E-04  -3.19252E-02  -4.68902E-01   6.18008E-02  -4.07835E-01   1.37403E-02   4.44871E-02   6.14536E-02   1.75478E-01   3.55280E-01  -2.53239E-02
    204000   7.71727E+02   1.00901E-03  -3.35578E-02  -4.69522E-01   6.61260E-02  -4.06553E-01   1.44802E-02   4.52251E-02   6.00085E-02   1.74242E-01   3.55804E-01  -2.35916E-02
    205000   7.75510E+02   1.08394E-03  -3.20796E-02  -4.71709E-01   6.40387E-02  -4.09045E-01   1.35931E-02   4.43154E-02   6.17292E-02   1.76151E-01   3.56369E-01  -2.57633E-02
    206000   7.79293E+02   1.20438E-03  -3.17509E-02  -4.73874E-01   6.19993E-02  -4.11441E-01   1.33528E-02   4.40891E-02   6.21961E-02   1.76813E-01   3.56840E-01  -2.77063E-02
    207000   7.83076E+02   1.35941E-03  -3.41608E-02  -4.70281E-01   6.68975E-02  -4.08439E-01   1.45481E-02   4.52902E-02   5.99730E-02   1.74788E-01   3.57365E-01  -2.40372E-02
    208000   7.86859E+02   1.52626E-03  -3.14230E-02  -4.75093E-01   5.96298E-02  -4.14578E-01   1.29400E-02   4.37680E-02   6.29490E-02   1.77952E-01   3.57937E-01  -2.98297E-02
    209000   7.90642E+02   1.63708E-03  -3.27149E-02  -4.69583E-01   6.49656E-02  -4.12243E-01   1.36190E-02   4.44972E-02   6.18168E-02   1.77047E-01   3.58474E-01  -2.67311E-02
    210000   7.94425E+02   1.77270E-03  -3.24960E-02  -4.72646E-01   6.63136E-02  -4.15074E-01   1.33003E-02   4.43304E-02   6.21066E-02   1.77543E-01   3.58915E-01  -2.92523E-02
    211000   7.98208E+02   1.86108E-03  -3.19322E-02  -4.76186E-01   6.82796E-02  -4.16711E-01   1.28210E-02   4.40354E-02   6.28889E-02   1.78599E-01   3.59586E-01  -3.03400E-02
    212000   8.01991E+02   1.93276E-03  -3.17415E-02  -4.75900E-01   6.91336E-02  -4.17661E-01   1.25038E-02   4.39280E-02   6.33379E-02   1.79305E-01   3.60295E-01  -3.07432E-02
    213000   8.05774E+02   1.96906E-03  -3.16570E-02  -4.78566E-01   6.73970E-02  -4.20752E-01   1.20917E-02   4.37535E-02   6.37257E-02   1.80005E-01   3.61116E-01  -3.34781E-02
    214000   8.09557E+02   2.04842E-03  -3.30928E-02  -4.73318E-01   6.94842E-02  -4.18883E-01   1.25984E-02   4.44189E-02   6.25788E-02   1.79169E-01   3.61933E-01  -3.09775E-02
    215000   8.13340E+02   2.03622E-03  -3.05451E-02  -4.83726E-01   6.30783E-02  -4.24761E-01   1.11007E-02   4.30195E-02   6.52270E-02   1.82134E-01   3.62566E-01  -3.65836E-02
    216000   8.17123E+02   2.11807E-03  -3.27633E-02  -4.78269E-01   7.09382E-02  -4.21869E-01   1.21148E-02   4.40498E-02   6.32490E-02   1.80490E-01   3.63358E-01  -3.29915E-02
    217000   8.20906E+02   2.15873E-03  -3.23939E-02  -4.81326E-01   6.92527E-02  -4.24950E-01   1.16808E-02   4.35981E-02   6.38206E-02   1.81369E-01   3.64087E-01  -3.58194E-02
    218000   8.24689E+02   2.01144E-03  -3.21914E-02  -4.82545E-01   6.91889E-02  -4.25950E-01   1.14659E-02   4.33350E-02   6.42132E-02   1.82101E-01   3.64835E-01  -3.64942E-02
    219000   8.28472E+02   2.04881E-03  -3.32804E-02  -4.83477E-01   6.92582E-02  -4.25683E-01   1.17351E-02   4.35626E-02   6.34962E-02   1.81675E-01   3.65717E-01  -3.59002E-02
    220000   8.32255E+02   2.00610E-03  -3.22227E-02  -4.91418E-01   6.36238E-02  -4.29310E-01   1.09073E-02   4.27749E-02   6.46780E-02   1.83180E-01   3.66381E-01  -3.94627E-02
    221000   8.36038E+02   1.87425E-03  -3.35047E-02  -4.87802E-01   6.70363E-02  -4.27915E-01   1.14801E-02   4.33797E-02   6.34818E-02   1.82301E-01   3.67000E-01  -3.76860E-02
    222000   8.39821E+02   1.82500E-03  -3.31075E-02  -4.95416E-01   6.56767E-02  -4.30077E-01   1.08737E-02   4.29008E-02   6.42005E-02   1.83354E-01   3.67870E-01  -3.97155E-02
    223000   8.43604E+02   1.76832E-03  -3.28189E-02  -4.98285E-01   6.50754E-02  -4.31838E-01   1.04616E-02   4.25762E-02   6.46945E-02   1.84163E-01   3.68600E-01  -4.12514E-02
    224000   8.47387E+02   1.71786E-03  -3.40837E-02  -5.01694E-01   6.57156E-02  -4.31648E-01   1.08096E-02   4.30916E-02   6.36665E-02   1.83444E-01   3.69344E-01  -4.07692E-02
    225000   8.51170E+02   1.64388E-03  -3.31394E-02  -5.05526E-01   6.25366E-02  -4.34483E-01   1.00049E-02   4.24546E-02   6.48295E-02   1.84914E-01   3.70065E-01  -4.34538E-02
    226000   8.54953E+02   1.57369E-03  -3.34509E-02  -5.09578E-01   6.33041E-02  -4.34972E-01   9.83422E-03   4.24477E-02   6.48393E-02   1.85217E-01   3.70869E-01  -4.36979E-02
    227000   8.58736E+02   1.46974E-03  -3.38462E-02  -5.12306E-01   6.42578E-02  -4.36155E-01   9.68037E-03   4.23953E-02   6.47559E-02   1.85433E-01   3.71670E-01  -4.47856E-02
    228000   8.62519E+02   1.33972E-03  -3.39795E-02  -5.13371E-01   6.40846E-02  -4.37245E-01   9.50109E-03   4.22566E-02   6.47596E-02   1.85726E-01   3.72285E-01  -4.58421E-02
    229000   8.66302E+02   1.24390E-03  -3.42905E-02  -5.15369E-01   6.38813E-02  -4.37540E-01   9.42697E-03   4.21843E-02   6.46683E-02   1.85915E-01   3.72969E-01  -4.60058E-02
    230000   8.70085E+02   1.17199E-03  -3.39253E-02  -5.18727E-01   6.14730E-02  -4.39790E-01   8.96129E-03   4.17167E-02   6.52969E-02   1.86807E-01   3.73679E-01  -4.81863E-02
    231000   8.73868E+02   1.16504E-03  -3.48033E-02  -5.19656E-01   6.38020E-02  -4.38999E-01   9.31633E-03   4.20540E-02   6.44983E-02   1.86270E-01   3.74196E-01  -4.70703E-02
    232000   8.77651E+02   1.17786E-03  -3.41604E-02  -5.21840E-01   6.21976E-02  -4.41567E-01   8.86506E-03   4.15733E-02   6.53610E-02   1.87377E-01   3.74824E-01  -4.92872E-02
    233000   8.81434E+02   1.26431E-03  -3.43169E-02  -5.23480E-01   6.27185E-02  -4.41718E-01   8.86056E-03   4.15334E-02   6.52851E-02   1.87557E-01   3.75317E-01  -4.90594E-02
    234000   8.85217E+02   1.32056E-03  -3.45938E-02  -5.27533E-01   6.19779E-02  -4.43297E-01   8.81325E-03   4.14504E-02   6.53710E-02   1.87894E-01   3.76086E-01  -5.02211E-02
    235000   8.89000E+02   1.32564E-03  -3.43439E-02  -5.28435E-01   6.08597E-02  -4.44578E-01   8.40493E-03   4.11101E-02   6.58505E-02   1.88660E-01   3.76756E-01  -5.13248E-02
    236000   8.92783E+02   1.32885E-03  -3.43610E-02  -5.31553E-01   6.11355E-02  -4.46285E-01   8.18038E-03   4.09566E-02   6.60318E-02   1.89146E-01   3.77419E-01  -5.27614E-02
    237000   8.96566E+02   1.33591E-03  -3.46567E-02  -5.31379E-01   6.26819E-02  -4.46672E-01   8.09240E-03   4.10027E-02   6.58125E-02   1.89247E-01   3.77980E-01  -5.29178E-02
    238000   9.00349E+02   1.32020E-03  -3.42336E-02  -5.36238E-01   6.13933E-02  -4.49113E-01   7.43238E-03   4.05111E-02   6.66531E-02   1.90429E-01   3.78908E-01  -5.51755E-02
    239000   9.04132E+02   1.32123E-03  -3.47284E-02  -5.35861E-01   6.26957E-02  -4.49863E-01   7.43254E-03   4.06721E-02   6.62416E-02   1.90354E-01   3.79495E-01  -5.56705E-02
    240000   9.07915E+02   1.33465E-03  -3.52018E-02  -5.36315E-01   6.33158E-02  -4.50503E-01   7.34425E-03   4.06984E-02   6.60567E-02   1.90505E-01   3.80291E-01  -5.60366E-02
    241000   9.11698E+02   1.33300E-03  -3.43145E-02  -5.37866E-01   6.21956E-02  -4.52601E-01   6.69438E-03   4.00536E-02   6.71742E-02   1.91939E-01   3.81005E-01  -5.78299E-02
    242000   9.15481E+02   1.33357E-03  -3.48975E-02  -5.39217E-01   6.46708E-02  -4.53534E-01   6.70669E-03   4.00862E-02   6.67622E-02   1.91827E-01   3.81638E-01  -5.86672E-02
    243000   9.19264E+02   1.31013E-03  -3.57442E-02  -5.39403E-01   6.72760E-02  -4.53580E-01   6.93532E-03   4.02839E-02   6.61446E-02   1.91514E-01   3.82332E-01  -5.84630E-02
    244000   9.23047E+02   1.29395E-03  -3.39781E-02  -5.48463E-01   6.27374E-02  -4.56675E-01   5.84076E-03   3.91729E-02   6.80425E-02   1.93700E-01   3.82909E-01  -6.14373E-02
    245000   9.26830E+02   1.28413E-03  -3.54586E-02  -5.49819E-01   6.39847E-02  -4.56438E-01   6.27922E-03   3.96344E-02   6.68240E-02   1.92789E-01   3.83630E-01  -6.10696E-02
    246000   9.30612E+02   1.27586E-03  -3.62201E-02  -5.51881E-01   6.44133E-02  -4.56798E-01   6.45049E-03   3.98439E-02   6.61320E-02   1.92421E-01   3.84173E-01  -6.12748E-02
    247000   9.34395E+02   1.24141E-03  -3.44158E-02  -5.52135E-01   6.04821E-02  -4.60031E-01   5.20363E-03   3.86637E-02   6.82721E-02   1.94881E-01   3.84978E-01  -6.43599E-02
    248000   9.38178E+02   1.20366E-03  -3.54876E-02  -5.52874E-01   6.37551E-02  -4.59580E-01   5.53125E-03   3.90493E-02   6.73092E-02   1.94244E-01   3.85560E-01  -6.37233E-02
    249000   9.41961E+02   1.20864E-03  -3.64452E-02  -5.52309E-01   6.55099E-02  -4.60447E-01   5.67649E-03   3.93192E-02   6.65047E-02   1.93741E-01   3.86158E-01  -6.45290E-02
    250000   9.45744E+02   1.10779E-03  -3.53494E-02  -5.56098E-01   6.33692E-02  -4.62757E-01   4.76437E-03   3.85301E-02   6.78939E-02   1.95438E-01   3.86898E-01  -6.68068E-02
